2.56.56.208,2.56.56.208,00000000000000000000000000000000000000000000000000000000000000,|||,|||,|||,|||,|||,|||,|||,|||,|||,|||
2.56.56.178,2.56.56.178,00000000000000000000000000000000000000000000000000000000000000,|||,|||,|||,|||,|||,|||,|||,|||,|||,|||
2.56.56.136,2.56.56.136,00000000000000000000000000000000000000000000000000000000000000,|||,|||,|||,|||,|||,|||,|||,|||,|||,|||
2.57.122.35,2.57.122.35,00000000000000000000000000000000000000000000000000000000000000,|||,|||,|||,|||,|||,|||,|||,|||,|||,|||
5.135.173.117,5.135.173.117,00000000000000000000000000000000000000000000000000000000000000,|||,|||,|||,|||,|||,|||,|||,|||,|||,|||
2.57.122.154,2.57.122.154,00000000000000000000000000000000000000000000000000000000000000,|||,|||,|||,|||,|||,|||,|||,|||,|||,|||
2.56.56.124,2.56.56.124,00000000000000000000000000000000000000000000000000000000000000,|||,|||,|||,|||,|||,|||,|||,|||,|||,|||
2.56.57.165,2.56.57.165,00000000000000000000000000000000000000000000000000000000000000,|||,|||,|||,|||,|||,|||,|||,|||,|||,|||
5.181.80.147,5.181.80.147,00000000000000000000000000000000000000000000000000000000000000,|||,|||,|||,|||,|||,|||,|||,|||,|||,|||
5.135.173.113,5.135.173.113,00000000000000000000000000000000000000000000000000000000000000,|||,|||,|||,|||,|||,|||,|||,|||,|||,|||
5.135.173.121,5.135.173.121,00000000000000000000000000000000000000000000000000000000000000,|||,|||,|||,|||,|||,|||,|||,|||,|||,|||
2.58.149.136,2.58.149.136,00000000000000000000000000000000000000000000000000000000000000,|||,|||,|||,|||,|||,|||,|||,|||,|||,|||
5.181.80.188,5.181.80.188,00000000000000000000000000000000000000000000000000000000000000,|||,|||,|||,|||,|||,|||,|||,|||,|||,|||
2.56.59.201,2.56.59.201,00000000000000000000000000000000000000000000000000000000000000,|||,|||,|||,|||,|||,|||,|||,|||,|||,|||
2.57.122.231,2.57.122.231,00000000000000000000000000000000000000000000000000000000000000,|||,|||,|||,|||,|||,|||,|||,|||,|||,|||
2.57.122.18,2.57.122.18,00000000000000000000000000000000000000000000000000000000000000,|||,|||,|||,|||,|||,|||,|||,|||,|||,|||
5.181.80.185,5.181.80.185,00000000000000000000000000000000000000000000000000000000000000,|||,|||,|||,|||,|||,|||,|||,|||,|||,|||
5.135.173.116,5.135.173.116,00000000000000000000000000000000000000000000000000000000000000,|||,|||,|||,|||,|||,|||,|||,|||,|||,|||
5.181.80.157,5.181.80.157,00000000000000000000000000000000000000000000000000000000000000,|||,|||,|||,|||,|||,|||,|||,|||,|||,|||
5.181.80.152,5.181.80.152,00000000000000000000000000000000000000000000000000000000000000,|||,|||,|||,|||,|||,|||,|||,|||,|||,|||
2.56.57.136,2.56.57.136,00000000000000000000000000000000000000000000000000000000000000,|||,|||,|||,|||,|||,|||,|||,|||,|||,|||
2.58.149.123,2.58.149.123,00000000000000000000000000000000000000000000000000000000000000,|||,|||,|||,|||,|||,|||,|||,|||,|||,|||
2.56.57.232,2.56.57.232,00000000000000000000000000000000000000000000000000000000000000,|||,|||,|||,|||,|||,|||,|||,|||,|||,|||
5.135.173.114,5.135.173.114,00000000000000000000000000000000000000000000000000000000000000,|||,|||,|||,|||,|||,|||,|||,|||,|||,|||
5.135.173.119,5.135.173.119,00000000000000000000000000000000000000000000000000000000000000,|||,|||,|||,|||,|||,|||,|||,|||,|||,|||
5.135.173.127,5.135.173.127,00000000000000000000000000000000000000000000000000000000000000,|||,|||,|||,|||,|||,|||,|||,|||,|||,|||
5.181.80.194,5.181.80.194,00000000000000000000000000000000000000000000000000000000000000,|||,|||,|||,|||,|||,|||,|||,|||,|||,|||
5.135.173.112,5.135.173.112,00000000000000000000000000000000000000000000000000000000000000,|||,|||,|||,|||,|||,|||,|||,|||,|||,|||
5.181.80.181,5.181.80.181,00000000000000000000000000000000000000000000000000000000000000,|||,|||,|||,|||,|||,|||,|||,|||,|||,|||
5.181.80.149,5.181.80.149,00000000000000000000000000000000000000000000000000000000000000,|||,|||,|||,|||,|||,|||,|||,|||,|||,|||
5.12.220.147,5.12.220.147,00000000000000000000000000000000000000000000000000000000000000,|||,|||,|||,|||,|||,|||,|||,|||,|||,|||
2.57.122.218,2.57.122.218,00000000000000000000000000000000000000000000000000000000000000,|||,|||,|||,|||,|||,|||,|||,|||,|||,|||
5.181.80.191,5.181.80.191,00000000000000000000000000000000000000000000000000000000000000,|||,|||,|||,|||,|||,|||,|||,|||,|||,|||
5.181.80.15,5.181.80.15,00000000000000000000000000000000000000000000000000000000000000,|||,|||,|||,|||,|||,|||,|||,|||,|||,|||
5.12.120.73,5.12.120.73,00000000000000000000000000000000000000000000000000000000000000,|||,|||,|||,|||,|||,|||,|||,|||,|||,|||
5.181.80.19,5.181.80.19,00000000000000000000000000000000000000000000000000000000000000,|||,|||,|||,|||,|||,|||,|||,|||,|||,|||
2.56.56.127,2.56.56.127,00000000000000000000000000000000000000000000000000000000000000,|||,|||,|||,|||,|||,|||,|||,|||,|||,|||
5.135.173.120,5.135.173.120,00000000000000000000000000000000000000000000000000000000000000,|||,|||,|||,|||,|||,|||,|||,|||,|||,|||
2.57.121.11,2.57.121.11,00000000000000000000000000000000000000000000000000000000000000,|||,|||,|||,|||,|||,|||,|||,|||,|||,|||
5.181.80.187,5.181.80.187,00000000000000000000000000000000000000000000000000000000000000,|||,|||,|||,|||,|||,|||,|||,|||,|||,|||
5.181.80.186,5.181.80.186,00000000000000000000000000000000000000000000000000000000000000,|||,|||,|||,|||,|||,|||,|||,|||,|||,|||
5.188.206.62,5.188.206.62,00000000000000000000000000000000000000000000000000000000000000,|||,|||,|||,|||,|||,|||,|||,|||,|||,|||
2.58.149.176,2.58.149.176,00000000000000000000000000000000000000000000000000000000000000,|||,|||,|||,|||,|||,|||,|||,|||,|||,|||
5.135.173.124,5.135.173.124,00000000000000000000000000000000000000000000000000000000000000,|||,|||,|||,|||,|||,|||,|||,|||,|||,|||
5.181.80.150,5.181.80.150,00000000000000000000000000000000000000000000000000000000000000,|||,|||,|||,|||,|||,|||,|||,|||,|||,|||
5.181.80.148,5.181.80.148,00000000000000000000000000000000000000000000000000000000000000,|||,|||,|||,|||,|||,|||,|||,|||,|||,|||
5.135.173.122,5.135.173.122,00000000000000000000000000000000000000000000000000000000000000,|||,|||,|||,|||,|||,|||,|||,|||,|||,|||
3.130.149.255,3.130.149.255,00000000000000000000000000000000000000000000000000000000000000,|||,|||,|||,|||,|||,|||,|||,|||,|||,|||
5.135.173.125,5.135.173.125,00000000000000000000000000000000000000000000000000000000000000,|||,|||,|||,|||,|||,|||,|||,|||,|||,|||
1.116.10.150,1.116.10.150,00000000000000000000000000000000000000000000000000000000000000,|||,|||,|||,|||,|||,|||,|||,|||,|||,|||
5.181.80.192,5.181.80.192,00000000000000000000000000000000000000000000000000000000000000,|||,|||,|||,|||,|||,|||,|||,|||,|||,|||
5.196.73.38,5.196.73.38,00000000000000000000000000000000000000000000000000000000000000,|||,|||,|||,|||,|||,|||,|||,|||,|||,|||
2.57.121.10,2.57.121.10,05d10d20d21d20d05c05d10d05d20d74fcf6501ae7a92319e575bfafd2a827,0016|0303||ff01-0023,0084|0303||ff01-0023,c012|0303||ff01-000b-0023,c013|0303||ff01-000b-0023,c012|0303||ff01-000b-0023,0016|0302||ff01-0023,0016|0303||ff01-0023,0084|0303||ff01-0023,0016|0303||ff01-0023,c012|0303||ff01-000b-0023
5.39.105.29,5.39.105.29,00000000000000000000000000000000000000000000000000000000000000,|||,|||,|||,|||,|||,|||,|||,|||,|||,|||
5.188.159.169,5.188.159.169,00000000000000000000000000000000000000000000000000000000000000,|||,|||,|||,|||,|||,|||,|||,|||,|||,|||
5.181.80.184,5.181.80.184,00000000000000000000000000000000000000000000000000000000000000,|||,|||,|||,|||,|||,|||,|||,|||,|||,|||
5.39.216.130,5.39.216.130,00000000000000000000000000000000000000000000000000000000000000,|||,|||,|||,|||,|||,|||,|||,|||,|||,|||
5.39.216.155,5.39.216.155,00000000000000000000000000000000000000000000000000000000000000,|||,|||,|||,|||,|||,|||,|||,|||,|||,|||
5.248.125.147,5.248.125.147,00000000000000000000000000000000000000000000000000000000000000,|||,|||,|||,|||,|||,|||,|||,|||,|||,|||
5.56.30.131,5.56.30.131,00000000000000000000000000000000000000000000000000000000000000,|||,|||,|||,|||,|||,|||,|||,|||,|||,|||
2.238.77.60,2.238.77.60,0ed14d16d0ad0ad0000ed14d0ed0ad9674c6b4e623ae36cc2d998e99e2262e,0067|0303||ff01-0023,009d|0303||ff01-0023,009f|0303||ff01-0023,003c|0303||ff01-0023,003c|0303||ff01-0023,|||,0067|0303||ff01-0023,009d|0303||ff01-0023,0067|0303||ff01-0023,003c|0303||ff01-0023
5.129.141.168,5.129.141.168,00000000000000000000000000000000000000000000000000000000000000,|||,|||,|||,|||,|||,|||,|||,|||,|||,|||
5.34.207.88,5.34.207.88,00000000000000000000000000000000000000000000000000000000000000,|||,|||,|||,|||,|||,|||,|||,|||,|||,|||
5.34.204.145,5.34.204.145,00000000000000000000000000000000000000000000000000000000000000,|||,|||,|||,|||,|||,|||,|||,|||,|||,|||
5.135.183.232,5.135.183.232,2ad2ad16d00000022c2ad2ad2ad2adc048c697e0d6d0c91c6bf49b0695f45c,c030|0303|http/1.1|ff01-000b-0010,c030|0303|http/1.1|ff01-000b-0010,009f|0303|http/1.1|ff01-0010,|||,|||,c014|0302|http/1.1|ff01-000b-0010,c030|0303|http/1.1|ff01-000b-0010,c030|0303|http/1.1|ff01-000b-0010,c030|0303|http/1.1|ff01-000b-0010,c030|0303|http/1.1|ff01-000b-0010
1.12.247.129,1.12.247.129,00000000000000000000000000000000000000000000000000000000000000,|||,|||,|||,|||,|||,|||,|||,|||,|||,|||
1.64.66.3,1.64.66.3,00000000000000000000000000000000000000000000000000000000000000,|||,|||,|||,|||,|||,|||,|||,|||,|||,|||
5.56.24.83,5.56.24.83,00000000000000000000000000000000000000000000000000000000000000,|||,|||,|||,|||,|||,|||,|||,|||,|||,|||
5.181.80.189,5.181.80.189,00000000000000000000000000000000000000000000000000000000000000,|||,|||,|||,|||,|||,|||,|||,|||,|||,|||
5.44.40.82,5.44.40.82,00000000000000000000000000000000000000000000000000000000000000,|||,|||,|||,|||,|||,|||,|||,|||,|||,|||
5.34.204.119,5.34.204.119,00000000000000000000000000000000000000000000000000000000000000,|||,|||,|||,|||,|||,|||,|||,|||,|||,|||
3.89.23.234,3.89.23.234,00000000000000000000000000000000000000000000000000000000000000,|||,|||,|||,|||,|||,|||,|||,|||,|||,|||
5.161.56.165,5.161.56.165,00000000000000000000000000000000000000000000000000000000000000,|||,|||,|||,|||,|||,|||,|||,|||,|||,|||
3.110.245.85,3.110.245.85,00000000000000000000000000000000000000000000000000000000000000,|||,|||,|||,|||,|||,|||,|||,|||,|||,|||
5.188.210.190,5.188.210.190,05d02d20d21d20d05c05d02d05d20d74fcf6501ae7a92319e575bfafd2a827,0016|0303||ff01-0023,0005|0303||ff01-0023,c012|0303||ff01-000b-0023,c013|0303||ff01-000b-0023,c012|0303||ff01-000b-0023,0016|0302||ff01-0023,0016|0303||ff01-0023,0005|0303||ff01-0023,0016|0303||ff01-0023,c012|0303||ff01-000b-0023
8.211.9.215,8.211.9.215,00000000000000000000000000000000000000000000000000000000000000,|||,|||,|||,|||,|||,|||,|||,|||,|||,|||
1.14.154.51,1.14.154.51,00000000000000000000000000000000000000000000000000000000000000,|||,|||,|||,|||,|||,|||,|||,|||,|||,|||
1.14.199.157,1.14.199.157,00000000000000000000000000000000000000000000000000000000000000,|||,|||,|||,|||,|||,|||,|||,|||,|||,|||
5.160.173.216,5.160.173.216,00000000000000000000000000000000000000000000000000000000000000,|||,|||,|||,|||,|||,|||,|||,|||,|||,|||
1.117.149.145,1.117.149.145,00000000000000000000000000000000000000000000000000000000000000,|||,|||,|||,|||,|||,|||,|||,|||,|||,|||
1.117.143.141,1.117.143.141,00000000000000000000000000000000000000000000000000000000000000,|||,|||,|||,|||,|||,|||,|||,|||,|||,|||
1.116.178.29,1.116.178.29,00000000000000000000000000000000000000000000000000000000000000,|||,|||,|||,|||,|||,|||,|||,|||,|||,|||
1.15.241.106,1.15.241.106,00000000000000000000000000000000000000000000000000000000000000,|||,|||,|||,|||,|||,|||,|||,|||,|||,|||
1.13.20.252,1.13.20.252,00000000000000000000000000000000000000000000000000000000000000,|||,|||,|||,|||,|||,|||,|||,|||,|||,|||
1.12.255.18,1.12.255.18,00000000000000000000000000000000000000000000000000000000000000,|||,|||,|||,|||,|||,|||,|||,|||,|||,|||
5.188.210.232,5.188.210.232,05d02d20d21d20d05c05d02d05d20d74fcf6501ae7a92319e575bfafd2a827,0016|0303||ff01-0023,0005|0303||ff01-0023,c012|0303||ff01-000b-0023,c013|0303||ff01-000b-0023,c012|0303||ff01-000b-0023,0016|0302||ff01-0023,0016|0303||ff01-0023,0005|0303||ff01-0023,0016|0303||ff01-0023,c012|0303||ff01-000b-0023
2.50.17.97,2.50.17.97,00000000000000000000000000000000000000000000000000000000000000,|||,|||,|||,|||,|||,|||,|||,|||,|||,|||
1.14.94.46,1.14.94.46,00000000000000000000000000000000000000000000000000000000000000,|||,|||,|||,|||,|||,|||,|||,|||,|||,|||
5.61.11.123,5.61.11.123,00000000000000000000000000000000000000000000000000000000000000,|||,|||,|||,|||,|||,|||,|||,|||,|||,|||
1.116.38.161,1.116.38.161,00000000000000000000000000000000000000000000000000000000000000,|||,|||,|||,|||,|||,|||,|||,|||,|||,|||
8.208.94.218,8.208.94.218,00000000000000000000000000000000000000000000000000000000000000,|||,|||,|||,|||,|||,|||,|||,|||,|||,|||
1.14.73.173,1.14.73.173,00000000000000000000000000000000000000000000000000000000000000,|||,|||,|||,|||,|||,|||,|||,|||,|||,|||
1.14.169.20,1.14.169.20,00000000000000000000000000000000000000000000000000000000000000,|||,|||,|||,|||,|||,|||,|||,|||,|||,|||
1.231.186.105,1.231.186.105,00000000000000000000000000000000000000000000000000000000000000,|||,|||,|||,|||,|||,|||,|||,|||,|||,|||
1.13.21.199,1.13.21.199,00000000000000000000000000000000000000000000000000000000000000,|||,|||,|||,|||,|||,|||,|||,|||,|||,|||
1.236.128.122,1.236.128.122,00000000000000000000000000000000000000000000000000000000000000,|||,|||,|||,|||,|||,|||,|||,|||,|||,|||
1.13.8.95,1.13.8.95,00000000000000000000000000000000000000000000000000000000000000,|||,|||,|||,|||,|||,|||,|||,|||,|||,|||
1.234.62.237,1.234.62.237,00000000000000000000000000000000000000000000000000000000000000,|||,|||,|||,|||,|||,|||,|||,|||,|||,|||
1.246.222.2,1.246.222.2,00000000000000000000000000000000000000000000000000000000000000,|||,|||,|||,|||,|||,|||,|||,|||,|||,|||
1.15.189.99,1.15.189.99,00000000000000000000000000000000000000000000000000000000000000,|||,|||,|||,|||,|||,|||,|||,|||,|||,|||
1.117.239.117,1.117.239.117,00000000000000000000000000000000000000000000000000000000000000,|||,|||,|||,|||,|||,|||,|||,|||,|||,|||
1.14.48.60,1.14.48.60,00000000000000000000000000000000000000000000000000000000000000,|||,|||,|||,|||,|||,|||,|||,|||,|||,|||
5.188.210.245,5.188.210.245,05d02d20d21d20d05c05d02d05d20d74fcf6501ae7a92319e575bfafd2a827,0016|0303||ff01-0023,0005|0303||ff01-0023,c012|0303||ff01-000b-0023,c013|0303||ff01-000b-0023,c012|0303||ff01-000b-0023,0016|0302||ff01-0023,0016|0303||ff01-0023,0005|0303||ff01-0023,0016|0303||ff01-0023,c012|0303||ff01-000b-0023
1.14.94.244,1.14.94.244,00000000000000000000000000000000000000000000000000000000000000,|||,|||,|||,|||,|||,|||,|||,|||,|||,|||
5.196.88.51,5.196.88.51,2ad2ad0002ad2ad22c2ad2ad2ad2adce7a321e4956e8298ba917e9f2c22849,c030|0303|http/1.1|ff01-0001-000b-0023-0010-0017,c030|0303|http/1.1|ff01-0001-000b-0023-0010-0017,|||,c030|0303||ff01-0001-000b-0023-0017,c030|0303||ff01-0001-000b-0023-0017,c014|0302|http/1.1|ff01-0001-000b-0023-0010-0017,c030|0303|http/1.1|ff01-0001-000b-0023-0010-0017,c030|0303|http/1.1|ff01-0001-000b-0023-0010-0017,c030|0303|http/1.1|ff01-0001-000b-0023-0010-0017,c030|0303|http/1.1|ff01-0001-000b-0023-0010-0017
5.188.210.139,5.188.210.139,05d02d20d21d20d05c05d02d05d20d74fcf6501ae7a92319e575bfafd2a827,0016|0303||ff01-0023,0005|0303||ff01-0023,c012|0303||ff01-000b-0023,c013|0303||ff01-000b-0023,c012|0303||ff01-000b-0023,0016|0302||ff01-0023,0016|0303||ff01-0023,0005|0303||ff01-0023,0016|0303||ff01-0023,c012|0303||ff01-000b-0023
1.247.124.200,1.247.124.200,00000000000000000000000000000000000000000000000000000000000000,|||,|||,|||,|||,|||,|||,|||,|||,|||,|||
5.161.62.21,5.161.62.21,00000000000000000000000000000000000000000000000000000000000000,|||,|||,|||,|||,|||,|||,|||,|||,|||,|||
5.59.141.221,5.59.141.221,26d26d16d26d26d22c26d26d26d26dfd9c9d14e4f4f67f94f0359f8b28f532,c028|0303||0017-ff01,c028|0303||0017-ff01,009f|0303||0017-ff01,c028|0303||0017-ff01,c028|0303||0017-ff01,c014|0302||0017-ff01,c028|0303||0017-ff01,c028|0303||0017-ff01,c028|0303||0017-ff01,c028|0303||0017-ff01
1.223.20.68,1.223.20.68,00000000000000000000000000000000000000000000000000000000000000,|||,|||,|||,|||,|||,|||,|||,|||,|||,|||
1.215.116.138,1.215.116.138,00000000000000000000000000000000000000000000000000000000000000,|||,|||,|||,|||,|||,|||,|||,|||,|||,|||
1.253.149.196,1.253.149.196,00000000000000000000000000000000000000000000000000000000000000,|||,|||,|||,|||,|||,|||,|||,|||,|||,|||
5.188.210.158,5.188.210.158,05d02d20d21d20d05c05d02d05d20d74fcf6501ae7a92319e575bfafd2a827,0016|0303||ff01-0023,0005|0303||ff01-0023,c012|0303||ff01-000b-0023,c013|0303||ff01-000b-0023,c012|0303||ff01-000b-0023,0016|0302||ff01-0023,0016|0303||ff01-0023,0005|0303||ff01-0023,0016|0303||ff01-0023,c012|0303||ff01-000b-0023
1.246.223.130,1.246.223.130,00000000000000000000000000000000000000000000000000000000000000,|||,|||,|||,|||,|||,|||,|||,|||,|||,|||
3.145.75.170,3.145.75.170,29d29d00029d29d00041d29d29d41dc347a1c956987fa29fb299da896c61ea,c02f|0303|h2|0023-ff01-0010-000b,c02f|0303|h2|0023-ff01-0010-000b,|||,c02f|0303||0023-ff01-000b,c02f|0303||0023-ff01-000b,|||,1301|0303||002b-0033,c02f|0303|h2|0023-ff01-0010-000b,c02f|0303|h2|0023-ff01-0010-000b,1301|0303||002b-0033
5.88.130.165,5.88.130.165,26d26d16d26d26d22c26d26d26d26dfd9c9d14e4f4f67f94f0359f8b28f532,c028|0303||0017-ff01,c028|0303||0017-ff01,009f|0303||0017-ff01,c028|0303||0017-ff01,c028|0303||0017-ff01,c014|0302||0017-ff01,c028|0303||0017-ff01,c028|0303||0017-ff01,c028|0303||0017-ff01,c028|0303||0017-ff01
1.246.222.16,1.246.222.16,00000000000000000000000000000000000000000000000000000000000000,|||,|||,|||,|||,|||,|||,|||,|||,|||,|||
1.246.222.38,1.246.222.38,00000000000000000000000000000000000000000000000000000000000000,|||,|||,|||,|||,|||,|||,|||,|||,|||,|||
8.134.87.95,8.134.87.95,00000000000000000000000000000000000000000000000000000000000000,|||,|||,|||,|||,|||,|||,|||,|||,|||,|||
1.15.173.148,1.15.173.148,00000000000000000000000000000000000000000000000000000000000000,|||,|||,|||,|||,|||,|||,|||,|||,|||,|||
8.141.149.119,8.141.149.119,00000000000000000000000000000000000000000000000000000000000000,|||,|||,|||,|||,|||,|||,|||,|||,|||,|||
1.15.232.157,1.15.232.157,00000000000000000000000000000000000000000000000000000000000000,|||,|||,|||,|||,|||,|||,|||,|||,|||,|||
1.116.37.178,1.116.37.178,00000000000000000000000000000000000000000000000000000000000000,|||,|||,|||,|||,|||,|||,|||,|||,|||,|||
1.117.24.231,1.117.24.231,00000000000000000000000000000000000000000000000000000000000000,|||,|||,|||,|||,|||,|||,|||,|||,|||,|||
1.117.166.89,1.117.166.89,00000000000000000000000000000000000000000000000000000000000000,|||,|||,|||,|||,|||,|||,|||,|||,|||,|||
1.183.6.186,1.183.6.186,00000000000000000000000000000000000000000000000000000000000000,|||,|||,|||,|||,|||,|||,|||,|||,|||,|||
2.179.64.63,2.179.64.63,00000000000000000000000000000000000000000000000000000000000000,|||,|||,|||,|||,|||,|||,|||,|||,|||,|||
12.166.193.125,12.166.193.125,00000000000000000000000000000000000000000000000000000000000000,|||,|||,|||,|||,|||,|||,|||,|||,|||,|||
8.142.116.191,8.142.116.191,00000000000000000000000000000000000000000000000000000000000000,|||,|||,|||,|||,|||,|||,|||,|||,|||,|||
1.117.29.95,1.117.29.95,00000000000000000000000000000000000000000000000000000000000000,|||,|||,|||,|||,|||,|||,|||,|||,|||,|||
1.116.97.146,1.116.97.146,00000000000000000000000000000000000000000000000000000000000000,|||,|||,|||,|||,|||,|||,|||,|||,|||,|||
8.141.155.73,8.141.155.73,00000000000000000000000000000000000000000000000000000000000000,|||,|||,|||,|||,|||,|||,|||,|||,|||,|||
1.14.100.192,1.14.100.192,00000000000000000000000000000000000000000000000000000000000000,|||,|||,|||,|||,|||,|||,|||,|||,|||,|||
3.99.112.45,3.99.112.45,21d19d00021d21d21c42d43d000000624c0617d7b1f32125cdb5240cd23ec9,c013|0303||ff01-0000-0001-000b-0017,00c0|0303||ff01-0000-0001-0017,|||,c013|0303||ff01-0000-0001-000b-0017,c013|0303||ff01-0000-0001-000b-0017,c013|0302||ff01-0000-0001-000b-0017,1302|0303||002b-0033,1303|0303||002b-0033,|||,|||
1.117.240.163,1.117.240.163,00000000000000000000000000000000000000000000000000000000000000,|||,|||,|||,|||,|||,|||,|||,|||,|||,|||
8.136.97.177,8.136.97.177,00000000000000000000000000000000000000000000000000000000000000,|||,|||,|||,|||,|||,|||,|||,|||,|||,|||
8.140.161.154,8.140.161.154,00000000000000000000000000000000000000000000000000000000000000,|||,|||,|||,|||,|||,|||,|||,|||,|||,|||
8.135.44.47,8.135.44.47,00000000000000000000000000000000000000000000000000000000000000,|||,|||,|||,|||,|||,|||,|||,|||,|||,|||
12.69.232.2,12.69.232.2,00000000000000000000000000000000000000000000000000000000000000,|||,|||,|||,|||,|||,|||,|||,|||,|||,|||
20.123.143.87,20.123.143.87,00000000000000000000000000000000000000000000000000000000000000,|||,|||,|||,|||,|||,|||,|||,|||,|||,|||
8.142.138.194,8.142.138.194,00000000000000000000000000000000000000000000000000000000000000,|||,|||,|||,|||,|||,|||,|||,|||,|||,|||
1.13.13.131,1.13.13.131,00000000000000000000000000000000000000000000000000000000000000,|||,|||,|||,|||,|||,|||,|||,|||,|||,|||
8.140.137.222,8.140.137.222,00000000000000000000000000000000000000000000000000000000000000,|||,|||,|||,|||,|||,|||,|||,|||,|||,|||
8.134.95.128,8.134.95.128,00000000000000000000000000000000000000000000000000000000000000,|||,|||,|||,|||,|||,|||,|||,|||,|||,|||
8.141.149.95,8.141.149.95,00000000000000000000000000000000000000000000000000000000000000,|||,|||,|||,|||,|||,|||,|||,|||,|||,|||
3.22.158.190,3.22.158.190,2ad2ad16d2ad2ad00042d42d00000061256d32ed7779c14686ad100544dc8d,c030|0303|http/1.1|ff01-0001-000b-0023-0010-0017,c030|0303|http/1.1|ff01-0001-000b-0023-0010-0017,009f|0303|http/1.1|ff01-0001-0023-0010-0017,c030|0303|http/1.1|ff01-0001-000b-0023-0010-0017,c030|0303|http/1.1|ff01-0001-000b-0023-0010-0017,|||,1302|0303||002b-0033,1302|0303||002b-0033,|||,|||
8.142.75.46,8.142.75.46,00000000000000000000000000000000000000000000000000000000000000,|||,|||,|||,|||,|||,|||,|||,|||,|||,|||
8.141.165.174,8.141.165.174,00000000000000000000000000000000000000000000000000000000000000,|||,|||,|||,|||,|||,|||,|||,|||,|||,|||
8.134.126.80,8.134.126.80,00000000000000000000000000000000000000000000000000000000000000,|||,|||,|||,|||,|||,|||,|||,|||,|||,|||
8.134.35.32,8.134.35.32,00000000000000000000000000000000000000000000000000000000000000,|||,|||,|||,|||,|||,|||,|||,|||,|||,|||
8.134.132.48,8.134.132.48,00000000000000000000000000000000000000000000000000000000000000,|||,|||,|||,|||,|||,|||,|||,|||,|||,|||
8.134.84.61,8.134.84.61,00000000000000000000000000000000000000000000000000000000000000,|||,|||,|||,|||,|||,|||,|||,|||,|||,|||
8.129.5.50,8.129.5.50,00000000000000000000000000000000000000000000000000000000000000,|||,|||,|||,|||,|||,|||,|||,|||,|||,|||
8.134.94.25,8.134.94.25,00000000000000000000000000000000000000000000000000000000000000,|||,|||,|||,|||,|||,|||,|||,|||,|||,|||
23.90.160.117,23.90.160.117,00000000000000000000000000000000000000000000000000000000000000,|||,|||,|||,|||,|||,|||,|||,|||,|||,|||
8.134.58.173,8.134.58.173,00000000000000000000000000000000000000000000000000000000000000,|||,|||,|||,|||,|||,|||,|||,|||,|||,|||
18.159.73.114,18.159.73.114,15d3fd16d21d21d00042d43d000000fe02290512647416dcf0a400ccbc0b6b,009e|0303|http/1.1|ff01-0000-0001-0010-0017,cca8|0303|http/1.1|ff01-0000-0001-000b-0010-0017,009f|0303|http/1.1|ff01-0000-0001-0010-0017,c013|0303||ff01-0000-0001-000b-0017,c013|0303||ff01-0000-0001-000b-0017,|||,1302|0303||002b-0033,1303|0303||002b-0033,|||,|||
20.65.94.93,20.65.94.93,00000000000000000000000000000000000000000000000000000000000000,|||,|||,|||,|||,|||,|||,|||,|||,|||,|||
8.136.195.8,8.136.195.8,00000000000000000000000000000000000000000000000000000000000000,|||,|||,|||,|||,|||,|||,|||,|||,|||,|||
15.223.8.59,15.223.8.59,00000000000000000000000000000000000000000000000000000000000000,|||,|||,|||,|||,|||,|||,|||,|||,|||,|||
13.75.78.209,13.75.78.209,00000000000000000000000000000000000000000000000000000000000000,|||,|||,|||,|||,|||,|||,|||,|||,|||,|||
8.131.88.186,8.131.88.186,00000000000000000000000000000000000000000000000000000000000000,|||,|||,|||,|||,|||,|||,|||,|||,|||,|||
5.42.224.14,5.42.224.14,07d0bd0fd21d21d07c07d0bd07d21de77d7d390b8938342b77c0ea37fc40c4,0033|0303||ff01-0023-0017,003d|0303||ff01-0023-0017,006b|0303||ff01-0023-0017,c013|0303||ff01-000b-0023-0017,c013|0303||ff01-000b-0023-0017,0033|0302||ff01-0023-0017,0033|0303||ff01-0023-0017,003d|0303||ff01-0023-0017,0033|0303||ff01-0023-0017,c013|0303||ff01-000b-0023-0017
8.141.166.254,8.141.166.254,00000000000000000000000000000000000000000000000000000000000000,|||,|||,|||,|||,|||,|||,|||,|||,|||,|||
1.117.16.207,1.117.16.207,00000000000000000000000000000000000000000000000000000000000000,|||,|||,|||,|||,|||,|||,|||,|||,|||,|||
23.90.160.115,23.90.160.115,00000000000000000000000000000000000000000000000000000000000000,|||,|||,|||,|||,|||,|||,|||,|||,|||,|||
23.126.120.25,23.126.120.25,00000000000000000000000000000000000000000000000000000000000000,|||,|||,|||,|||,|||,|||,|||,|||,|||,|||
23.90.160.116,23.90.160.116,00000000000000000000000000000000000000000000000000000000000000,|||,|||,|||,|||,|||,|||,|||,|||,|||,|||
23.90.160.114,23.90.160.114,00000000000000000000000000000000000000000000000000000000000000,|||,|||,|||,|||,|||,|||,|||,|||,|||,|||
16.162.90.150,16.162.90.150,00000000000000000000000000000000000000000000000000000000000000,|||,|||,|||,|||,|||,|||,|||,|||,|||,|||
23.88.54.201,23.88.54.201,00000000000000000000000000000000000000000000000000000000000000,|||,|||,|||,|||,|||,|||,|||,|||,|||,|||
23.90.160.122,23.90.160.122,00000000000000000000000000000000000000000000000000000000000000,|||,|||,|||,|||,|||,|||,|||,|||,|||,|||
23.224.186.179,23.224.186.179,00000000000000000000000000000000000000000000000000000000000000,|||,|||,|||,|||,|||,|||,|||,|||,|||,|||
8.142.34.232,8.142.34.232,00000000000000000000000000000000000000000000000000000000000000,|||,|||,|||,|||,|||,|||,|||,|||,|||,|||
8.210.19.5,8.210.19.5,00000000000000000000000000000000000000000000000000000000000000,|||,|||,|||,|||,|||,|||,|||,|||,|||,|||
23.90.160.132,23.90.160.132,00000000000000000000000000000000000000000000000000000000000000,|||,|||,|||,|||,|||,|||,|||,|||,|||,|||
20.114.118.138,20.114.118.138,00000000000000000000000000000000000000000000000000000000000000,|||,|||,|||,|||,|||,|||,|||,|||,|||,|||
13.113.10.169,13.113.10.169,00000000000000000000000000000000000000000000000000000000000000,|||,|||,|||,|||,|||,|||,|||,|||,|||,|||
23.236.125.80,23.236.125.80,00000000000000000000000000000000000000000000000000000000000000,|||,|||,|||,|||,|||,|||,|||,|||,|||,|||
23.172.112.83,23.172.112.83,00000000000000000000000000000000000000000000000000000000000000,|||,|||,|||,|||,|||,|||,|||,|||,|||,|||
23.224.186.206,23.224.186.206,00000000000000000000000000000000000000000000000000000000000000,|||,|||,|||,|||,|||,|||,|||,|||,|||,|||
23.224.186.212,23.224.186.212,00000000000000000000000000000000000000000000000000000000000000,|||,|||,|||,|||,|||,|||,|||,|||,|||,|||
23.224.186.180,23.224.186.180,00000000000000000000000000000000000000000000000000000000000000,|||,|||,|||,|||,|||,|||,|||,|||,|||,|||
20.111.38.217,20.111.38.217,15d3fd16d29d29d00042d43d0000009ec686233a4398bea334ba5e62e34a01,009e|0303|http/1.1|ff01-0001-0023-0010-0017,cca8|0303|http/1.1|ff01-0001-000b-0023-0010-0017,009f|0303|http/1.1|ff01-0001-0023-0010-0017,c02f|0303|http/1.1|ff01-0001-000b-0023-0010-0017,c02f|0303|http/1.1|ff01-0001-000b-0023-0010-0017,|||,1302|0303||002b-0033,1303|0303||002b-0033,|||,|||
23.148.145.39,23.148.145.39,00000000000000000000000000000000000000000000000000000000000000,|||,|||,|||,|||,|||,|||,|||,|||,|||,|||
15.235.33.196,15.235.33.196,2ad2ad0002ad2ad22c2ad2ad2ad2adce7a321e4956e8298ba917e9f2c22849,c030|0303|http/1.1|ff01-0001-000b-0023-0010-0017,c030|0303|http/1.1|ff01-0001-000b-0023-0010-0017,|||,c030|0303||ff01-0001-000b-0023-0017,c030|0303||ff01-0001-000b-0023-0017,c014|0302|http/1.1|ff01-0001-000b-0023-0010-0017,c030|0303|http/1.1|ff01-0001-000b-0023-0010-0017,c030|0303|http/1.1|ff01-0001-000b-0023-0010-0017,c030|0303|http/1.1|ff01-0001-000b-0023-0010-0017,c030|0303|http/1.1|ff01-0001-000b-0023-0010-0017
23.224.189.39,23.224.189.39,00000000000000000000000000000000000000000000000000000000000000,|||,|||,|||,|||,|||,|||,|||,|||,|||,|||
23.224.186.205,23.224.186.205,00000000000000000000000000000000000000000000000000000000000000,|||,|||,|||,|||,|||,|||,|||,|||,|||,|||
23.224.189.4,23.224.189.4,00000000000000000000000000000000000000000000000000000000000000,|||,|||,|||,|||,|||,|||,|||,|||,|||,|||
20.112.104.110,20.112.104.110,00000000000000000000000000000000000000000000000000000000000000,|||,|||,|||,|||,|||,|||,|||,|||,|||,|||
23.224.186.78,23.224.186.78,00000000000000000000000000000000000000000000000000000000000000,|||,|||,|||,|||,|||,|||,|||,|||,|||,|||
23.224.186.218,23.224.186.218,00000000000000000000000000000000000000000000000000000000000000,|||,|||,|||,|||,|||,|||,|||,|||,|||,|||
8.218.10.133,8.218.10.133,00000000000000000000000000000000000000000000000000000000000000,|||,|||,|||,|||,|||,|||,|||,|||,|||,|||
23.224.186.76,23.224.186.76,00000000000000000000000000000000000000000000000000000000000000,|||,|||,|||,|||,|||,|||,|||,|||,|||,|||
2.56.91.86,2.56.91.86,40d40d40d00000000043d40d40d43dd812443a829002f8e614d83abb6b19de,cca9|0303|http/1.1|ff01-0010-000b,cca9|0303|http/1.1|ff01-0010-000b,cca9|0303|http/1.1|ff01-0010-000b,|||,|||,|||,1303|0303||002b-0033,cca9|0303|http/1.1|ff01-0010-000b,cca9|0303|http/1.1|ff01-0010-000b,1303|0303||002b-0033
23.90.160.125,23.90.160.125,00000000000000000000000000000000000000000000000000000000000000,|||,|||,|||,|||,|||,|||,|||,|||,|||,|||
23.224.189.37,23.224.189.37,00000000000000000000000000000000000000000000000000000000000000,|||,|||,|||,|||,|||,|||,|||,|||,|||,|||
23.224.186.52,23.224.186.52,00000000000000000000000000000000000000000000000000000000000000,|||,|||,|||,|||,|||,|||,|||,|||,|||,|||
23.224.186.216,23.224.186.216,00000000000000000000000000000000000000000000000000000000000000,|||,|||,|||,|||,|||,|||,|||,|||,|||,|||
1.15.55.171,1.15.55.171,29d29d00029d29d22c29d29d29d29d6a7bd8f51d54bfc07e1cd34e5ca50bb3,c02f|0303|http/1.1|0000-ff01-000b-0023-0010,c02f|0303|http/1.1|0000-ff01-000b-0023-0010,|||,c02f|0303||0000-ff01-000b-0023,c02f|0303||0000-ff01-000b-0023,c014|0302|http/1.1|0000-ff01-000b-0023-0010,c02f|0303|http/1.1|0000-ff01-000b-0023-0010,c02f|0303|http/1.1|0000-ff01-000b-0023-0010,c02f|0303|http/1.1|0000-ff01-000b-0023-0010,c02f|0303|http/1.1|0000-ff01-000b-0023-0010
23.224.189.41,23.224.189.41,00000000000000000000000000000000000000000000000000000000000000,|||,|||,|||,|||,|||,|||,|||,|||,|||,|||
23.224.189.35,23.224.189.35,00000000000000000000000000000000000000000000000000000000000000,|||,|||,|||,|||,|||,|||,|||,|||,|||,|||
23.224.189.28,23.224.189.28,00000000000000000000000000000000000000000000000000000000000000,|||,|||,|||,|||,|||,|||,|||,|||,|||,|||
23.224.189.38,23.224.189.38,00000000000000000000000000000000000000000000000000000000000000,|||,|||,|||,|||,|||,|||,|||,|||,|||,|||
23.224.186.184,23.224.186.184,00000000000000000000000000000000000000000000000000000000000000,|||,|||,|||,|||,|||,|||,|||,|||,|||,|||
23.224.189.47,23.224.189.47,00000000000000000000000000000000000000000000000000000000000000,|||,|||,|||,|||,|||,|||,|||,|||,|||,|||
23.248.184.131,23.248.184.131,00000000000000000000000000000000000000000000000000000000000000,|||,|||,|||,|||,|||,|||,|||,|||,|||,|||
23.224.186.208,23.224.186.208,00000000000000000000000000000000000000000000000000000000000000,|||,|||,|||,|||,|||,|||,|||,|||,|||,|||
8.210.51.147,8.210.51.147,00000000000000000000000000000000000000000000000000000000000000,|||,|||,|||,|||,|||,|||,|||,|||,|||,|||
23.224.186.227,23.224.186.227,00000000000000000000000000000000000000000000000000000000000000,|||,|||,|||,|||,|||,|||,|||,|||,|||,|||
14.54.231.11,14.54.231.11,00000000000000000000000000000000000000000000000000000000000000,|||,|||,|||,|||,|||,|||,|||,|||,|||,|||
23.90.160.118,23.90.160.118,00000000000000000000000000000000000000000000000000000000000000,|||,|||,|||,|||,|||,|||,|||,|||,|||,|||
23.90.160.124,23.90.160.124,00000000000000000000000000000000000000000000000000000000000000,|||,|||,|||,|||,|||,|||,|||,|||,|||,|||
23.90.160.134,23.90.160.134,00000000000000000000000000000000000000000000000000000000000000,|||,|||,|||,|||,|||,|||,|||,|||,|||,|||
1.15.152.211,1.15.152.211,3fd3fd0003fd3fd21c42d42d000000307ee0eb468e9fdb5cfcd698a80a67ef,cca8|0303|h2|ff01-0000-0001-000b-0023-0010-0017,cca8|0303|h2|ff01-0000-0001-000b-0023-0010-0017,|||,cca8|0303||ff01-0000-0001-000b-0023-0017,cca8|0303||ff01-0000-0001-000b-0023-0017,c013|0302|h2|ff01-0000-0001-000b-0023-0010-0017,1302|0303||002b-0033,1302|0303||002b-0033,|||,|||
23.90.160.130,23.90.160.130,00000000000000000000000000000000000000000000000000000000000000,|||,|||,|||,|||,|||,|||,|||,|||,|||,|||
8.217.127.223,8.217.127.223,00000000000000000000000000000000000000000000000000000000000000,|||,|||,|||,|||,|||,|||,|||,|||,|||,|||
23.251.102.74,23.251.102.74,00000000000000000000000000000000000000000000000000000000000000,|||,|||,|||,|||,|||,|||,|||,|||,|||,|||
23.224.186.207,23.224.186.207,00000000000000000000000000000000000000000000000000000000000000,|||,|||,|||,|||,|||,|||,|||,|||,|||,|||
23.224.186.183,23.224.186.183,00000000000000000000000000000000000000000000000000000000000000,|||,|||,|||,|||,|||,|||,|||,|||,|||,|||
23.224.186.187,23.224.186.187,00000000000000000000000000000000000000000000000000000000000000,|||,|||,|||,|||,|||,|||,|||,|||,|||,|||
23.224.186.214,23.224.186.214,00000000000000000000000000000000000000000000000000000000000000,|||,|||,|||,|||,|||,|||,|||,|||,|||,|||
8.217.7.30,8.217.7.30,00000000000000000000000000000000000000000000000000000000000000,|||,|||,|||,|||,|||,|||,|||,|||,|||,|||
8.210.73.103,8.210.73.103,00000000000000000000000000000000000000000000000000000000000000,|||,|||,|||,|||,|||,|||,|||,|||,|||,|||
8.218.48.1,8.218.48.1,00000000000000000000000000000000000000000000000000000000000000,|||,|||,|||,|||,|||,|||,|||,|||,|||,|||
8.210.174.117,8.210.174.117,00000000000000000000000000000000000000000000000000000000000000,|||,|||,|||,|||,|||,|||,|||,|||,|||,|||
8.217.80.24,8.217.80.24,00000000000000000000000000000000000000000000000000000000000000,|||,|||,|||,|||,|||,|||,|||,|||,|||,|||
8.218.7.164,8.218.7.164,00000000000000000000000000000000000000000000000000000000000000,|||,|||,|||,|||,|||,|||,|||,|||,|||,|||
23.224.189.110,23.224.189.110,00000000000000000000000000000000000000000000000000000000000000,|||,|||,|||,|||,|||,|||,|||,|||,|||,|||
8.217.56.207,8.217.56.207,00000000000000000000000000000000000000000000000000000000000000,|||,|||,|||,|||,|||,|||,|||,|||,|||,|||
8.217.12.255,8.217.12.255,00000000000000000000000000000000000000000000000000000000000000,|||,|||,|||,|||,|||,|||,|||,|||,|||,|||
8.218.9.101,8.218.9.101,00000000000000000000000000000000000000000000000000000000000000,|||,|||,|||,|||,|||,|||,|||,|||,|||,|||
23.224.186.148,23.224.186.148,00000000000000000000000000000000000000000000000000000000000000,|||,|||,|||,|||,|||,|||,|||,|||,|||,|||
8.218.152.146,8.218.152.146,00000000000000000000000000000000000000000000000000000000000000,|||,|||,|||,|||,|||,|||,|||,|||,|||,|||
8.218.82.147,8.218.82.147,00000000000000000000000000000000000000000000000000000000000000,|||,|||,|||,|||,|||,|||,|||,|||,|||,|||
8.218.71.238,8.218.71.238,00000000000000000000000000000000000000000000000000000000000000,|||,|||,|||,|||,|||,|||,|||,|||,|||,|||
23.224.186.215,23.224.186.215,00000000000000000000000000000000000000000000000000000000000000,|||,|||,|||,|||,|||,|||,|||,|||,|||,|||
20.189.92.165,20.189.92.165,00000000000000000000000000000000000000000000000000000000000000,|||,|||,|||,|||,|||,|||,|||,|||,|||,|||
23.224.189.36,23.224.189.36,00000000000000000000000000000000000000000000000000000000000000,|||,|||,|||,|||,|||,|||,|||,|||,|||,|||
8.218.140.207,8.218.140.207,00000000000000000000000000000000000000000000000000000000000000,|||,|||,|||,|||,|||,|||,|||,|||,|||,|||
8.210.135.193,8.210.135.193,00000000000000000000000000000000000000000000000000000000000000,|||,|||,|||,|||,|||,|||,|||,|||,|||,|||
8.212.30.118,8.212.30.118,00000000000000000000000000000000000000000000000000000000000000,|||,|||,|||,|||,|||,|||,|||,|||,|||,|||
8.218.67.187,8.218.67.187,00000000000000000000000000000000000000000000000000000000000000,|||,|||,|||,|||,|||,|||,|||,|||,|||,|||
8.218.74.128,8.218.74.128,00000000000000000000000000000000000000000000000000000000000000,|||,|||,|||,|||,|||,|||,|||,|||,|||,|||
8.218.75.219,8.218.75.219,00000000000000000000000000000000000000000000000000000000000000,|||,|||,|||,|||,|||,|||,|||,|||,|||,|||
8.218.57.220,8.218.57.220,00000000000000000000000000000000000000000000000000000000000000,|||,|||,|||,|||,|||,|||,|||,|||,|||,|||
1.116.44.251,1.116.44.251,00000000000000000000000000000000000000000000000000000000000000,|||,|||,|||,|||,|||,|||,|||,|||,|||,|||
8.218.11.194,8.218.11.194,00000000000000000000000000000000000000000000000000000000000000,|||,|||,|||,|||,|||,|||,|||,|||,|||,|||
23.224.186.222,23.224.186.222,00000000000000000000000000000000000000000000000000000000000000,|||,|||,|||,|||,|||,|||,|||,|||,|||,|||
23.224.189.27,23.224.189.27,00000000000000000000000000000000000000000000000000000000000000,|||,|||,|||,|||,|||,|||,|||,|||,|||,|||
8.218.72.177,8.218.72.177,00000000000000000000000000000000000000000000000000000000000000,|||,|||,|||,|||,|||,|||,|||,|||,|||,|||
23.225.163.212,23.225.163.212,00000000000000000000000000000000000000000000000000000000000000,|||,|||,|||,|||,|||,|||,|||,|||,|||,|||
8.218.64.2,8.218.64.2,00000000000000000000000000000000000000000000000000000000000000,|||,|||,|||,|||,|||,|||,|||,|||,|||,|||
1.116.151.34,1.116.151.34,3fd3fd0003fd3fd21c42d42d000000307ee0eb468e9fdb5cfcd698a80a67ef,cca8|0303|h2|ff01-0000-0001-000b-0023-0010-0017,cca8|0303|h2|ff01-0000-0001-000b-0023-0010-0017,|||,cca8|0303||ff01-0000-0001-000b-0023-0017,cca8|0303||ff01-0000-0001-000b-0023-0017,c013|0302|h2|ff01-0000-0001-000b-0023-0010-0017,1302|0303||002b-0033,1302|0303||002b-0033,|||,|||
23.224.186.204,23.224.186.204,00000000000000000000000000000000000000000000000000000000000000,|||,|||,|||,|||,|||,|||,|||,|||,|||,|||
23.224.186.219,23.224.186.219,00000000000000000000000000000000000000000000000000000000000000,|||,|||,|||,|||,|||,|||,|||,|||,|||,|||
1.15.5.223,1.15.5.223,00000000000000000000000000000000000000000000000000000000000000,|||,|||,|||,|||,|||,|||,|||,|||,|||,|||
1.14.71.181,1.14.71.181,00000000000000000000000000000000000000000000000000000000000000,|||,|||,|||,|||,|||,|||,|||,|||,|||,|||
23.224.189.48,23.224.189.48,00000000000000000000000000000000000000000000000000000000000000,|||,|||,|||,|||,|||,|||,|||,|||,|||,|||
23.224.46.90,23.224.46.90,00000000000000000000000000000000000000000000000000000000000000,|||,|||,|||,|||,|||,|||,|||,|||,|||,|||
23.224.189.3,23.224.189.3,00000000000000000000000000000000000000000000000000000000000000,|||,|||,|||,|||,|||,|||,|||,|||,|||,|||
23.224.189.49,23.224.189.49,00000000000000000000000000000000000000000000000000000000000000,|||,|||,|||,|||,|||,|||,|||,|||,|||,|||
23.225.163.214,23.225.163.214,00000000000000000000000000000000000000000000000000000000000000,|||,|||,|||,|||,|||,|||,|||,|||,|||,|||
1.116.176.174,1.116.176.174,00000000000000000000000000000000000000000000000000000000000000,|||,|||,|||,|||,|||,|||,|||,|||,|||,|||
23.224.186.226,23.224.186.226,00000000000000000000000000000000000000000000000000000000000000,|||,|||,|||,|||,|||,|||,|||,|||,|||,|||
14.162.145.90,14.162.145.90,00000000000000000000000000000000000000000000000000000000000000,|||,|||,|||,|||,|||,|||,|||,|||,|||,|||
23.224.189.26,23.224.189.26,00000000000000000000000000000000000000000000000000000000000000,|||,|||,|||,|||,|||,|||,|||,|||,|||,|||
23.225.163.200,23.225.163.200,00000000000000000000000000000000000000000000000000000000000000,|||,|||,|||,|||,|||,|||,|||,|||,|||,|||
23.224.189.13,23.224.189.13,00000000000000000000000000000000000000000000000000000000000000,|||,|||,|||,|||,|||,|||,|||,|||,|||,|||
23.224.189.43,23.224.189.43,00000000000000000000000000000000000000000000000000000000000000,|||,|||,|||,|||,|||,|||,|||,|||,|||,|||
23.224.189.31,23.224.189.31,00000000000000000000000000000000000000000000000000000000000000,|||,|||,|||,|||,|||,|||,|||,|||,|||,|||
8.218.72.171,8.218.72.171,00000000000000000000000000000000000000000000000000000000000000,|||,|||,|||,|||,|||,|||,|||,|||,|||,|||
8.218.21.23,8.218.21.23,00000000000000000000000000000000000000000000000000000000000000,|||,|||,|||,|||,|||,|||,|||,|||,|||,|||
23.90.160.123,23.90.160.123,00000000000000000000000000000000000000000000000000000000000000,|||,|||,|||,|||,|||,|||,|||,|||,|||,|||
18.166.153.72,18.166.153.72,00000000000000000000000000000000000000000000000000000000000000,|||,|||,|||,|||,|||,|||,|||,|||,|||,|||
14.163.21.251,14.163.21.251,00000000000000000000000000000000000000000000000000000000000000,|||,|||,|||,|||,|||,|||,|||,|||,|||,|||
23.225.163.219,23.225.163.219,00000000000000000000000000000000000000000000000000000000000000,|||,|||,|||,|||,|||,|||,|||,|||,|||,|||
23.251.102.94,23.251.102.94,00000000000000000000000000000000000000000000000000000000000000,|||,|||,|||,|||,|||,|||,|||,|||,|||,|||
23.224.189.153,23.224.189.153,00000000000000000000000000000000000000000000000000000000000000,|||,|||,|||,|||,|||,|||,|||,|||,|||,|||
23.248.184.241,23.248.184.241,00000000000000000000000000000000000000000000000000000000000000,|||,|||,|||,|||,|||,|||,|||,|||,|||,|||
23.251.102.83,23.251.102.83,00000000000000000000000000000000000000000000000000000000000000,|||,|||,|||,|||,|||,|||,|||,|||,|||,|||
8.218.241.136,8.218.241.136,00000000000000000000000000000000000000000000000000000000000000,|||,|||,|||,|||,|||,|||,|||,|||,|||,|||
23.224.186.73,23.224.186.73,00000000000000000000000000000000000000000000000000000000000000,|||,|||,|||,|||,|||,|||,|||,|||,|||,|||
23.90.160.147,23.90.160.147,00000000000000000000000000000000000000000000000000000000000000,|||,|||,|||,|||,|||,|||,|||,|||,|||,|||
23.251.102.76,23.251.102.76,00000000000000000000000000000000000000000000000000000000000000,|||,|||,|||,|||,|||,|||,|||,|||,|||,|||
23.251.102.86,23.251.102.86,00000000000000000000000000000000000000000000000000000000000000,|||,|||,|||,|||,|||,|||,|||,|||,|||,|||
23.90.160.148,23.90.160.148,00000000000000000000000000000000000000000000000000000000000000,|||,|||,|||,|||,|||,|||,|||,|||,|||,|||
23.225.180.204,23.225.180.204,00000000000000000000000000000000000000000000000000000000000000,|||,|||,|||,|||,|||,|||,|||,|||,|||,|||
23.90.160.126,23.90.160.126,00000000000000000000000000000000000000000000000000000000000000,|||,|||,|||,|||,|||,|||,|||,|||,|||,|||
14.238.12.150,14.238.12.150,00000000000000000000000000000000000000000000000000000000000000,|||,|||,|||,|||,|||,|||,|||,|||,|||,|||
14.224.54.27,14.224.54.27,00000000000000000000000000000000000000000000000000000000000000,|||,|||,|||,|||,|||,|||,|||,|||,|||,|||
8.218.216.134,8.218.216.134,00000000000000000000000000000000000000000000000000000000000000,|||,|||,|||,|||,|||,|||,|||,|||,|||,|||
23.225.163.165,23.225.163.165,00000000000000000000000000000000000000000000000000000000000000,|||,|||,|||,|||,|||,|||,|||,|||,|||,|||
23.251.102.78,23.251.102.78,00000000000000000000000000000000000000000000000000000000000000,|||,|||,|||,|||,|||,|||,|||,|||,|||,|||
23.251.102.82,23.251.102.82,00000000000000000000000000000000000000000000000000000000000000,|||,|||,|||,|||,|||,|||,|||,|||,|||,|||
23.92.19.102,23.92.19.102,00000000000000000000000000000000000000000000000000000000000000,|||,|||,|||,|||,|||,|||,|||,|||,|||,|||
15.235.30.194,15.235.30.194,29d29d00029d29d00042d42d0000000464fb8c6842ac133bede81390a48134,c02f|0303|h2|ff01-0000-0001-000b-0010-0017,c02f|0303|h2|ff01-0000-0001-000b-0010-0017,|||,c02f|0303||ff01-0000-0001-000b-0017,c02f|0303||ff01-0000-0001-000b-0017,|||,1302|0303||002b-0033,1302|0303||002b-0033,|||,|||
18.191.232.171,18.191.232.171,2ad2ad0002ad2ad22c2ad2ad2ad2ad6a7bd8f51d54bfc07e1cd34e5ca50bb3,c030|0303|http/1.1|0000-ff01-000b-0023-0010,c030|0303|http/1.1|0000-ff01-000b-0023-0010,|||,c030|0303||0000-ff01-000b-0023,c030|0303||0000-ff01-000b-0023,c014|0302|http/1.1|0000-ff01-000b-0023-0010,c030|0303|http/1.1|0000-ff01-000b-0023-0010,c030|0303|http/1.1|0000-ff01-000b-0023-0010,c030|0303|http/1.1|0000-ff01-000b-0023-0010,c030|0303|http/1.1|0000-ff01-000b-0023-0010
23.92.19.204,23.92.19.204,00000000000000000000000000000000000000000000000000000000000000,|||,|||,|||,|||,|||,|||,|||,|||,|||,|||
23.225.163.222,23.225.163.222,00000000000000000000000000000000000000000000000000000000000000,|||,|||,|||,|||,|||,|||,|||,|||,|||,|||
23.90.160.149,23.90.160.149,00000000000000000000000000000000000000000000000000000000000000,|||,|||,|||,|||,|||,|||,|||,|||,|||,|||
23.251.102.75,23.251.102.75,00000000000000000000000000000000000000000000000000000000000000,|||,|||,|||,|||,|||,|||,|||,|||,|||,|||
23.224.186.224,23.224.186.224,00000000000000000000000000000000000000000000000000000000000000,|||,|||,|||,|||,|||,|||,|||,|||,|||,|||
23.224.186.38,23.224.186.38,00000000000000000000000000000000000000000000000000000000000000,|||,|||,|||,|||,|||,|||,|||,|||,|||,|||
8.131.90.123,8.131.90.123,00000000000000000000000000000000000000000000000000000000000000,|||,|||,|||,|||,|||,|||,|||,|||,|||,|||
1.15.81.39,1.15.81.39,29d29d00029d29d21c41d41d000000f7be33a964d0daa97a97a8068db17dd3,c02f|0303|http/1.1|ff01-0001-000b-0023-0010-0017,c02f|0303|http/1.1|ff01-0001-000b-0023-0010-0017,|||,c02f|0303|http/1.1|ff01-0001-000b-0023-0010-0017,c02f|0303|http/1.1|ff01-0001-000b-0023-0010-0017,c013|0302|http/1.1|ff01-0001-000b-0023-0010-0017,1301|0303||002b-0033,1301|0303||002b-0033,|||,|||
23.224.186.44,23.224.186.44,00000000000000000000000000000000000000000000000000000000000000,|||,|||,|||,|||,|||,|||,|||,|||,|||,|||
1.15.247.162,1.15.247.162,29d29d00029d29d22c29d29d29d29dc2ddcfd203d071c45b4b0ffe3d7b4b89,c02f|0303|http/1.1|ff01-0000-0001-000b-0023-0010-0017,c02f|0303|http/1.1|ff01-0000-0001-000b-0023-0010-0017,|||,c02f|0303||ff01-0000-0001-000b-0023-0017,c02f|0303||ff01-0000-0001-000b-0023-0017,c014|0302|http/1.1|ff01-0000-0001-000b-0023-0010-0017,c02f|0303|http/1.1|ff01-0000-0001-000b-0023-0010-0017,c02f|0303|http/1.1|ff01-0000-0001-000b-0023-0010-0017,c02f|0303|http/1.1|ff01-0000-0001-000b-0023-0010-0017,c02f|0303|http/1.1|ff01-0000-0001-000b-0023-0010-0017
14.43.79.79,14.43.79.79,00000000000000000000000000000000000000000000000000000000000000,|||,|||,|||,|||,|||,|||,|||,|||,|||,|||
14.55.237.133,14.55.237.133,00000000000000000000000000000000000000000000000000000000000000,|||,|||,|||,|||,|||,|||,|||,|||,|||,|||
23.95.100.141,23.95.100.141,00000000000000000000000000000000000000000000000000000000000000,|||,|||,|||,|||,|||,|||,|||,|||,|||,|||
23.251.102.84,23.251.102.84,00000000000000000000000000000000000000000000000000000000000000,|||,|||,|||,|||,|||,|||,|||,|||,|||,|||
14.51.227.194,14.51.227.194,00000000000000000000000000000000000000000000000000000000000000,|||,|||,|||,|||,|||,|||,|||,|||,|||,|||
23.90.160.133,23.90.160.133,00000000000000000000000000000000000000000000000000000000000000,|||,|||,|||,|||,|||,|||,|||,|||,|||,|||
14.69.51.140,14.69.51.140,00000000000000000000000000000000000000000000000000000000000000,|||,|||,|||,|||,|||,|||,|||,|||,|||,|||
8.129.118.129,8.129.118.129,21d19d00021d21d21c21d19d21d21d3b0d229d76f2fd7cb8e23bb87da38a20,c013|0303|http/1.1|ff01-0000-0001-000b-0023-0010-0017,00c0|0303|http/1.1|ff01-0000-0001-0023-0010-0017,|||,c013|0303||ff01-0000-0001-000b-0023-0017,c013|0303||ff01-0000-0001-000b-0023-0017,c013|0302|http/1.1|ff01-0000-0001-000b-0023-0010-0017,c013|0303|http/1.1|ff01-0000-0001-000b-0023-0010-0017,00c0|0303|http/1.1|ff01-0000-0001-0023-0010-0017,c013|0303|http/1.1|ff01-0000-0001-000b-0023-0010-0017,c013|0303|http/1.1|ff01-0000-0001-000b-0023-0010-0017
23.90.160.141,23.90.160.141,00000000000000000000000000000000000000000000000000000000000000,|||,|||,|||,|||,|||,|||,|||,|||,|||,|||
23.90.160.131,23.90.160.131,00000000000000000000000000000000000000000000000000000000000000,|||,|||,|||,|||,|||,|||,|||,|||,|||,|||
23.224.186.79,23.224.186.79,00000000000000000000000000000000000000000000000000000000000000,|||,|||,|||,|||,|||,|||,|||,|||,|||,|||
23.224.189.102,23.224.189.102,00000000000000000000000000000000000000000000000000000000000000,|||,|||,|||,|||,|||,|||,|||,|||,|||,|||
8.133.191.74,8.133.191.74,3fd3fd0003fd3fd21c42d42d000000307ee0eb468e9fdb5cfcd698a80a67ef,cca8|0303|h2|ff01-0000-0001-000b-0023-0010-0017,cca8|0303|h2|ff01-0000-0001-000b-0023-0010-0017,|||,cca8|0303||ff01-0000-0001-000b-0023-0017,cca8|0303||ff01-0000-0001-000b-0023-0017,c013|0302|h2|ff01-0000-0001-000b-0023-0010-0017,1302|0303||002b-0033,1302|0303||002b-0033,|||,|||
8.136.238.208,8.136.238.208,00000000000000000000000000000000000000000000000000000000000000,|||,|||,|||,|||,|||,|||,|||,|||,|||,|||
14.238.36.214,14.238.36.214,00000000000000000000000000000000000000000000000000000000000000,|||,|||,|||,|||,|||,|||,|||,|||,|||,|||
31.7.59.226,31.7.59.226,00000000000000000000000000000000000000000000000000000000000000,|||,|||,|||,|||,|||,|||,|||,|||,|||,|||
8.131.87.12,8.131.87.12,00000000000000000000000000000000000000000000000000000000000000,|||,|||,|||,|||,|||,|||,|||,|||,|||,|||
23.94.200.233,23.94.200.233,00000000000000000000000000000000000000000000000000000000000000,|||,|||,|||,|||,|||,|||,|||,|||,|||,|||
23.90.160.139,23.90.160.139,00000000000000000000000000000000000000000000000000000000000000,|||,|||,|||,|||,|||,|||,|||,|||,|||,|||
8.140.118.203,8.140.118.203,00000000000000000000000000000000000000000000000000000000000000,|||,|||,|||,|||,|||,|||,|||,|||,|||,|||
31.220.3.140,31.220.3.140,00000000000000000000000000000000000000000000000000000000000000,|||,|||,|||,|||,|||,|||,|||,|||,|||,|||
31.210.20.143,31.210.20.143,00000000000000000000000000000000000000000000000000000000000000,|||,|||,|||,|||,|||,|||,|||,|||,|||,|||
23.251.102.90,23.251.102.90,00000000000000000000000000000000000000000000000000000000000000,|||,|||,|||,|||,|||,|||,|||,|||,|||,|||
23.225.180.201,23.225.180.201,00000000000000000000000000000000000000000000000000000000000000,|||,|||,|||,|||,|||,|||,|||,|||,|||,|||
23.225.163.198,23.225.163.198,00000000000000000000000000000000000000000000000000000000000000,|||,|||,|||,|||,|||,|||,|||,|||,|||,|||
23.94.218.110,23.94.218.110,00000000000000000000000000000000000000000000000000000000000000,|||,|||,|||,|||,|||,|||,|||,|||,|||,|||
23.251.102.91,23.251.102.91,00000000000000000000000000000000000000000000000000000000000000,|||,|||,|||,|||,|||,|||,|||,|||,|||,|||
31.30.12.213,31.30.12.213,00000000000000000000000000000000000000000000000000000000000000,|||,|||,|||,|||,|||,|||,|||,|||,|||,|||
23.225.163.217,23.225.163.217,00000000000000000000000000000000000000000000000000000000000000,|||,|||,|||,|||,|||,|||,|||,|||,|||,|||
24.97.43.195,24.97.43.195,00000000000000000000000000000000000000000000000000000000000000,|||,|||,|||,|||,|||,|||,|||,|||,|||,|||
23.251.102.77,23.251.102.77,00000000000000000000000000000000000000000000000000000000000000,|||,|||,|||,|||,|||,|||,|||,|||,|||,|||
31.41.91.80,31.41.91.80,00000000000000000000000000000000000000000000000000000000000000,|||,|||,|||,|||,|||,|||,|||,|||,|||,|||
31.210.20.234,31.210.20.234,00000000000000000000000000000000000000000000000000000000000000,|||,|||,|||,|||,|||,|||,|||,|||,|||,|||
23.225.163.221,23.225.163.221,00000000000000000000000000000000000000000000000000000000000000,|||,|||,|||,|||,|||,|||,|||,|||,|||,|||
14.54.176.48,14.54.176.48,00000000000000000000000000000000000000000000000000000000000000,|||,|||,|||,|||,|||,|||,|||,|||,|||,|||
23.224.186.70,23.224.186.70,00000000000000000000000000000000000000000000000000000000000000,|||,|||,|||,|||,|||,|||,|||,|||,|||,|||
23.225.180.198,23.225.180.198,00000000000000000000000000000000000000000000000000000000000000,|||,|||,|||,|||,|||,|||,|||,|||,|||,|||
23.95.113.23,23.95.113.23,00000000000000000000000000000000000000000000000000000000000000,|||,|||,|||,|||,|||,|||,|||,|||,|||,|||
23.225.163.155,23.225.163.155,00000000000000000000000000000000000000000000000000000000000000,|||,|||,|||,|||,|||,|||,|||,|||,|||,|||
23.248.249.10,23.248.249.10,00000000000000000000000000000000000000000000000000000000000000,|||,|||,|||,|||,|||,|||,|||,|||,|||,|||
23.251.102.92,23.251.102.92,00000000000000000000000000000000000000000000000000000000000000,|||,|||,|||,|||,|||,|||,|||,|||,|||,|||
8.142.95.204,8.142.95.204,00000000000000000000000000000000000000000000000000000000000000,|||,|||,|||,|||,|||,|||,|||,|||,|||,|||
23.95.197.198,23.95.197.198,00000000000000000000000000000000000000000000000000000000000000,|||,|||,|||,|||,|||,|||,|||,|||,|||,|||
8.129.44.240,8.129.44.240,2ad2ad0002ad2ad22c2ad2ad2ad2adc2ddcfd203d071c45b4b0ffe3d7b4b89,c030|0303|http/1.1|ff01-0000-0001-000b-0023-0010-0017,c030|0303|http/1.1|ff01-0000-0001-000b-0023-0010-0017,|||,c030|0303||ff01-0000-0001-000b-0023-0017,c030|0303||ff01-0000-0001-000b-0023-0017,c014|0302|http/1.1|ff01-0000-0001-000b-0023-0010-0017,c030|0303|http/1.1|ff01-0000-0001-000b-0023-0010-0017,c030|0303|http/1.1|ff01-0000-0001-000b-0023-0010-0017,c030|0303|http/1.1|ff01-0000-0001-000b-0023-0010-0017,c030|0303|http/1.1|ff01-0000-0001-000b-0023-0010-0017
31.44.185.238,31.44.185.238,00000000000000000000000000000000000000000000000000000000000000,|||,|||,|||,|||,|||,|||,|||,|||,|||,|||
31.28.3.20,31.28.3.20,00000000000000000000000000000000000000000000000000000000000000,|||,|||,|||,|||,|||,|||,|||,|||,|||,|||
8.131.80.56,8.131.80.56,2ad2ad16d2ad2ad22c2ad2ad2ad2adc80334825071f8ff93376ac14c5a331f,c030|0303||ff01-000b-0023,c030|0303||ff01-000b-0023,009f|0303||ff01-0023,c030|0303||ff01-000b-0023,c030|0303||ff01-000b-0023,c014|0302||ff01-000b-0023,c030|0303||ff01-000b-0023,c030|0303||ff01-000b-0023,c030|0303||ff01-000b-0023,c030|0303||ff01-000b-0023
23.90.160.138,23.90.160.138,00000000000000000000000000000000000000000000000000000000000000,|||,|||,|||,|||,|||,|||,|||,|||,|||,|||
31.169.70.115,31.169.70.115,00000000000000000000000000000000000000000000000000000000000000,|||,|||,|||,|||,|||,|||,|||,|||,|||,|||
23.92.19.54,23.92.19.54,00000000000000000000000000000000000000000000000000000000000000,|||,|||,|||,|||,|||,|||,|||,|||,|||,|||
23.28.242.154,23.28.242.154,00000000000000000000000000000000000000000000000000000000000000,|||,|||,|||,|||,|||,|||,|||,|||,|||,|||
23.224.186.23,23.224.186.23,00000000000000000000000000000000000000000000000000000000000000,|||,|||,|||,|||,|||,|||,|||,|||,|||,|||
23.224.186.71,23.224.186.71,00000000000000000000000000000000000000000000000000000000000000,|||,|||,|||,|||,|||,|||,|||,|||,|||,|||
23.225.180.206,23.225.180.206,00000000000000000000000000000000000000000000000000000000000000,|||,|||,|||,|||,|||,|||,|||,|||,|||,|||
31.173.75.21,31.173.75.21,00000000000000000000000000000000000000000000000000000000000000,|||,|||,|||,|||,|||,|||,|||,|||,|||,|||
31.44.185.237,31.44.185.237,00000000000000000000000000000000000000000000000000000000000000,|||,|||,|||,|||,|||,|||,|||,|||,|||,|||
23.251.102.93,23.251.102.93,00000000000000000000000000000000000000000000000000000000000000,|||,|||,|||,|||,|||,|||,|||,|||,|||,|||
8.140.166.124,8.140.166.124,00000000000000000000000000000000000000000000000000000000000000,|||,|||,|||,|||,|||,|||,|||,|||,|||,|||
31.17.124.101,31.17.124.101,00000000000000000000000000000000000000000000000000000000000000,|||,|||,|||,|||,|||,|||,|||,|||,|||,|||
14.116.211.11,14.116.211.11,29d29d00029d29d22c29d29d29d29dc2ddcfd203d071c45b4b0ffe3d7b4b89,c02f|0303|http/1.1|ff01-0000-0001-000b-0023-0010-0017,c02f|0303|http/1.1|ff01-0000-0001-000b-0023-0010-0017,|||,c02f|0303||ff01-0000-0001-000b-0023-0017,c02f|0303||ff01-0000-0001-000b-0023-0017,c014|0302|http/1.1|ff01-0000-0001-000b-0023-0010-0017,c02f|0303|http/1.1|ff01-0000-0001-000b-0023-0010-0017,c02f|0303|http/1.1|ff01-0000-0001-000b-0023-0010-0017,c02f|0303|http/1.1|ff01-0000-0001-000b-0023-0010-0017,c02f|0303|http/1.1|ff01-0000-0001-000b-0023-0010-0017
20.212.31.54,20.212.31.54,40d40d40d00000000043d40d40d43dd812443a829002f8e614d83abb6b19de,cca9|0303|http/1.1|ff01-0010-000b,cca9|0303|http/1.1|ff01-0010-000b,cca9|0303|http/1.1|ff01-0010-000b,|||,|||,|||,1303|0303||002b-0033,cca9|0303|http/1.1|ff01-0010-000b,cca9|0303|http/1.1|ff01-0010-000b,1303|0303||002b-0033
27.124.32.147,27.124.32.147,00000000000000000000000000000000000000000000000000000000000000,|||,|||,|||,|||,|||,|||,|||,|||,|||,|||
8.142.93.117,8.142.93.117,00000000000000000000000000000000000000000000000000000000000000,|||,|||,|||,|||,|||,|||,|||,|||,|||,|||
31.192.111.224,31.192.111.224,00000000000000000000000000000000000000000000000000000000000000,|||,|||,|||,|||,|||,|||,|||,|||,|||,|||
8.130.20.228,8.130.20.228,00000000000000000000000000000000000000000000000000000000000000,|||,|||,|||,|||,|||,|||,|||,|||,|||,|||
24.212.126.173,24.212.126.173,00000000000000000000000000000000000000000000000000000000000000,|||,|||,|||,|||,|||,|||,|||,|||,|||,|||
23.224.186.64,23.224.186.64,00000000000000000000000000000000000000000000000000000000000000,|||,|||,|||,|||,|||,|||,|||,|||,|||,|||
23.225.163.211,23.225.163.211,00000000000000000000000000000000000000000000000000000000000000,|||,|||,|||,|||,|||,|||,|||,|||,|||,|||
23.225.163.220,23.225.163.220,00000000000000000000000000000000000000000000000000000000000000,|||,|||,|||,|||,|||,|||,|||,|||,|||,|||
23.95.4.194,23.95.4.194,00000000000000000000000000000000000000000000000000000000000000,|||,|||,|||,|||,|||,|||,|||,|||,|||,|||
23.225.163.213,23.225.163.213,00000000000000000000000000000000000000000000000000000000000000,|||,|||,|||,|||,|||,|||,|||,|||,|||,|||
23.229.52.154,23.229.52.154,00000000000000000000000000000000000000000000000000000000000000,|||,|||,|||,|||,|||,|||,|||,|||,|||,|||
31.13.189.38,31.13.189.38,00000000000000000000000000000000000000000000000000000000000000,|||,|||,|||,|||,|||,|||,|||,|||,|||,|||
1.180.156.219,1.180.156.219,00000000000000000000000000000000000000000000000000000000000000,|||,|||,|||,|||,|||,|||,|||,|||,|||,|||
23.248.175.138,23.248.175.138,00000000000000000000000000000000000000000000000000000000000000,|||,|||,|||,|||,|||,|||,|||,|||,|||,|||
23.248.175.154,23.248.175.154,00000000000000000000000000000000000000000000000000000000000000,|||,|||,|||,|||,|||,|||,|||,|||,|||,|||
23.224.186.75,23.224.186.75,00000000000000000000000000000000000000000000000000000000000000,|||,|||,|||,|||,|||,|||,|||,|||,|||,|||
23.224.186.69,23.224.186.69,00000000000000000000000000000000000000000000000000000000000000,|||,|||,|||,|||,|||,|||,|||,|||,|||,|||
23.248.175.240,23.248.175.240,00000000000000000000000000000000000000000000000000000000000000,|||,|||,|||,|||,|||,|||,|||,|||,|||,|||
24.168.75.100,24.168.75.100,00000000000000000000000000000000000000000000000000000000000000,|||,|||,|||,|||,|||,|||,|||,|||,|||,|||
14.136.94.83,14.136.94.83,2ad2ad16d00000022c2ad2ad2ad2adbc07bc352a188303b518c8a273c71220,c030|0303|h2|0010-0017-ff01,c030|0303|h2|0010-0017-ff01,009f|0303|h2|0010-0017-ff01,|||,|||,c014|0302|h2|0010-0017-ff01,c030|0303|h2|0010-0017-ff01,c030|0303|h2|0010-0017-ff01,c030|0303|h2|0010-0017-ff01,c030|0303|h2|0010-0017-ff01
8.141.151.176,8.141.151.176,00000000000000000000000000000000000000000000000000000000000000,|||,|||,|||,|||,|||,|||,|||,|||,|||,|||
23.224.186.46,23.224.186.46,00000000000000000000000000000000000000000000000000000000000000,|||,|||,|||,|||,|||,|||,|||,|||,|||,|||
24.37.254.66,24.37.254.66,00000000000000000000000000000000000000000000000000000000000000,|||,|||,|||,|||,|||,|||,|||,|||,|||,|||
23.224.186.119,23.224.186.119,00000000000000000000000000000000000000000000000000000000000000,|||,|||,|||,|||,|||,|||,|||,|||,|||,|||
14.99.37.242,14.99.37.242,00000000000000000000000000000000000000000000000000000000000000,|||,|||,|||,|||,|||,|||,|||,|||,|||,|||
14.152.103.99,14.152.103.99,06d0bd00006d06d06c06d0bd06d06d9674c6b4e623ae36cc2d998e99e2262e,002f|0303||ff01-0023,003d|0303||ff01-0023,|||,002f|0303||ff01-0023,002f|0303||ff01-0023,002f|0302||ff01-0023,002f|0303||ff01-0023,003d|0303||ff01-0023,002f|0303||ff01-0023,002f|0303||ff01-0023
8.140.28.92,8.140.28.92,00000000000000000000000000000000000000000000000000000000000000,|||,|||,|||,|||,|||,|||,|||,|||,|||,|||
34.65.54.155,34.65.54.155,00000000000000000000000000000000000000000000000000000000000000,|||,|||,|||,|||,|||,|||,|||,|||,|||,|||
34.77.162.3,34.77.162.3,00000000000000000000000000000000000000000000000000000000000000,|||,|||,|||,|||,|||,|||,|||,|||,|||,|||
34.77.162.29,34.77.162.29,00000000000000000000000000000000000000000000000000000000000000,|||,|||,|||,|||,|||,|||,|||,|||,|||,|||
34.77.162.27,34.77.162.27,00000000000000000000000000000000000000000000000000000000000000,|||,|||,|||,|||,|||,|||,|||,|||,|||,|||
24.154.224.196,24.154.224.196,00000000000000000000000000000000000000000000000000000000000000,|||,|||,|||,|||,|||,|||,|||,|||,|||,|||
23.225.163.205,23.225.163.205,00000000000000000000000000000000000000000000000000000000000000,|||,|||,|||,|||,|||,|||,|||,|||,|||,|||
24.106.91.24,24.106.91.24,00000000000000000000000000000000000000000000000000000000000000,|||,|||,|||,|||,|||,|||,|||,|||,|||,|||
14.18.94.33,14.18.94.33,07d2ad16d21d21d07c07d2ad07d21d9b2f5869a6985368a9dec764186a9175,0033|0303||ff01-0017,c030|0303||ff01-0017,009f|0303||ff01-0017,c013|0303||ff01-0017,c013|0303||ff01-0017,0033|0302||ff01-0017,0033|0303||ff01-0017,c030|0303||ff01-0017,0033|0303||ff01-0017,c013|0303||ff01-0017
27.131.36.170,27.131.36.170,00000000000000000000000000000000000000000000000000000000000000,|||,|||,|||,|||,|||,|||,|||,|||,|||,|||
34.77.162.8,34.77.162.8,00000000000000000000000000000000000000000000000000000000000000,|||,|||,|||,|||,|||,|||,|||,|||,|||,|||
31.42.186.227,31.42.186.227,15d3fd16d29d29d00042d43d0000009ec686233a4398bea334ba5e62e34a01,009e|0303|http/1.1|ff01-0001-0023-0010-0017,cca8|0303|http/1.1|ff01-0001-000b-0023-0010-0017,009f|0303|http/1.1|ff01-0001-0023-0010-0017,c02f|0303|http/1.1|ff01-0001-000b-0023-0010-0017,c02f|0303|http/1.1|ff01-0001-000b-0023-0010-0017,|||,1302|0303||002b-0033,1303|0303||002b-0033,|||,|||
34.77.162.26,34.77.162.26,00000000000000000000000000000000000000000000000000000000000000,|||,|||,|||,|||,|||,|||,|||,|||,|||,|||
34.134.210.235,34.134.210.235,00000000000000000000000000000000000000000000000000000000000000,|||,|||,|||,|||,|||,|||,|||,|||,|||,|||
23.90.160.146,23.90.160.146,00000000000000000000000000000000000000000000000000000000000000,|||,|||,|||,|||,|||,|||,|||,|||,|||,|||
23.225.180.200,23.225.180.200,00000000000000000000000000000000000000000000000000000000000000,|||,|||,|||,|||,|||,|||,|||,|||,|||,|||
23.225.163.203,23.225.163.203,00000000000000000000000000000000000000000000000000000000000000,|||,|||,|||,|||,|||,|||,|||,|||,|||,|||
27.124.5.123,27.124.5.123,00000000000000000000000000000000000000000000000000000000000000,|||,|||,|||,|||,|||,|||,|||,|||,|||,|||
23.225.180.203,23.225.180.203,00000000000000000000000000000000000000000000000000000000000000,|||,|||,|||,|||,|||,|||,|||,|||,|||,|||
34.77.162.11,34.77.162.11,00000000000000000000000000000000000000000000000000000000000000,|||,|||,|||,|||,|||,|||,|||,|||,|||,|||
23.90.160.150,23.90.160.150,00000000000000000000000000000000000000000000000000000000000000,|||,|||,|||,|||,|||,|||,|||,|||,|||,|||
20.206.126.195,20.206.126.195,21d19d00021d21d21c42d43d000000624c0617d7b1f32125cdb5240cd23ec9,c013|0303||ff01-0000-0001-000b-0017,00c0|0303||ff01-0000-0001-0017,|||,c013|0303||ff01-0000-0001-000b-0017,c013|0303||ff01-0000-0001-000b-0017,c013|0302||ff01-0000-0001-000b-0017,1302|0303||002b-0033,1303|0303||002b-0033,|||,|||
8.210.199.252,8.210.199.252,00000000000000000000000000000000000000000000000000000000000000,|||,|||,|||,|||,|||,|||,|||,|||,|||,|||
24.238.60.130,24.238.60.130,08d08d00008d08d08c08d08d08d08d9674c6b4e623ae36cc2d998e99e2262e,0035|0303||ff01-0023,0035|0303||ff01-0023,|||,0035|0303||ff01-0023,0035|0303||ff01-0023,0035|0302||ff01-0023,0035|0303||ff01-0023,0035|0303||ff01-0023,0035|0303||ff01-0023,0035|0303||ff01-0023
34.77.162.20,34.77.162.20,00000000000000000000000000000000000000000000000000000000000000,|||,|||,|||,|||,|||,|||,|||,|||,|||,|||
34.77.162.19,34.77.162.19,00000000000000000000000000000000000000000000000000000000000000,|||,|||,|||,|||,|||,|||,|||,|||,|||,|||
23.225.180.202,23.225.180.202,00000000000000000000000000000000000000000000000000000000000000,|||,|||,|||,|||,|||,|||,|||,|||,|||,|||
27.255.58.242,27.255.58.242,00000000000000000000000000000000000000000000000000000000000000,|||,|||,|||,|||,|||,|||,|||,|||,|||,|||
34.77.162.1,34.77.162.1,00000000000000000000000000000000000000000000000000000000000000,|||,|||,|||,|||,|||,|||,|||,|||,|||,|||
34.65.248.80,34.65.248.80,00000000000000000000000000000000000000000000000000000000000000,|||,|||,|||,|||,|||,|||,|||,|||,|||,|||
8.142.157.73,8.142.157.73,29d29d20d29d29d22c42d42d000000d0255d76e2a23d86aaeea11a763e6393,c02f|0303|http/1.1|ff01-0000-0001-000b-0023-0010-0017,c02f|0303|http/1.1|ff01-0000-0001-000b-0023-0010-0017,c012|0303|http/1.1|ff01-0000-0001-000b-0023-0010-0017,c02f|0303||ff01-0000-0001-000b-0023-0017,c02f|0303||ff01-0000-0001-000b-0023-0017,c014|0302|http/1.1|ff01-0000-0001-000b-0023-0010-0017,1302|0303||002b-0033,1302|0303||002b-0033,|||,|||
34.77.162.25,34.77.162.25,00000000000000000000000000000000000000000000000000000000000000,|||,|||,|||,|||,|||,|||,|||,|||,|||,|||
34.77.162.28,34.77.162.28,00000000000000000000000000000000000000000000000000000000000000,|||,|||,|||,|||,|||,|||,|||,|||,|||,|||
34.77.162.5,34.77.162.5,00000000000000000000000000000000000000000000000000000000000000,|||,|||,|||,|||,|||,|||,|||,|||,|||,|||
27.124.5.124,27.124.5.124,00000000000000000000000000000000000000000000000000000000000000,|||,|||,|||,|||,|||,|||,|||,|||,|||,|||
31.47.192.98,31.47.192.98,15d3fd16d29d29d00042d43d000000fe02290512647416dcf0a400ccbc0b6b,009e|0303|http/1.1|ff01-0000-0001-0010-0017,cca8|0303|http/1.1|ff01-0000-0001-000b-0010-0017,009f|0303|http/1.1|ff01-0000-0001-0010-0017,c02f|0303||ff01-0000-0001-000b-0017,c02f|0303||ff01-0000-0001-000b-0017,|||,1302|0303||002b-0033,1303|0303||002b-0033,|||,|||
27.124.5.104,27.124.5.104,00000000000000000000000000000000000000000000000000000000000000,|||,|||,|||,|||,|||,|||,|||,|||,|||,|||
34.77.162.22,34.77.162.22,00000000000000000000000000000000000000000000000000000000000000,|||,|||,|||,|||,|||,|||,|||,|||,|||,|||
31.184.196.20,31.184.196.20,26d26d00026d26d22c26d26d26d26d2bb1101b28b790bf5d9d4dcad463fdc2,c028|0303||ff01,c028|0303||ff01,|||,c028|0303||ff01,c028|0303||ff01,c014|0302||ff01,c028|0303||ff01,c028|0303||ff01,c028|0303||ff01,c028|0303||ff01
24.182.36.165,24.182.36.165,00000000000000000000000000000000000000000000000000000000000000,|||,|||,|||,|||,|||,|||,|||,|||,|||,|||
23.99.120.160,23.99.120.160,00000000000000000000000000000000000000000000000000000000000000,|||,|||,|||,|||,|||,|||,|||,|||,|||,|||
31.196.76.140,31.196.76.140,29d29d15d29d29d21c29d29d29d29dc7639a2c8ee8049d85e08031e30b69d9,c02f|0303|http/1.1|ff01-000b-0023-0010,c02f|0303|http/1.1|ff01-000b-0023-0010,009e|0303|http/1.1|ff01-0023-0010,c02f|0303|http/1.1|ff01-000b-0023-0010,c02f|0303|http/1.1|ff01-000b-0023-0010,c013|0302|http/1.1|ff01-000b-0023-0010,c02f|0303|http/1.1|ff01-000b-0023-0010,c02f|0303|http/1.1|ff01-000b-0023-0010,c02f|0303|http/1.1|ff01-000b-0023-0010,c02f|0303|http/1.1|ff01-000b-0023-0010
27.124.5.11,27.124.5.11,00000000000000000000000000000000000000000000000000000000000000,|||,|||,|||,|||,|||,|||,|||,|||,|||,|||
34.77.162.10,34.77.162.10,00000000000000000000000000000000000000000000000000000000000000,|||,|||,|||,|||,|||,|||,|||,|||,|||,|||
34.227.116.201,34.227.116.201,00000000000000000000000000000000000000000000000000000000000000,|||,|||,|||,|||,|||,|||,|||,|||,|||,|||
23.95.132.46,23.95.132.46,00000000000000000000000000000000000000000000000000000000000000,|||,|||,|||,|||,|||,|||,|||,|||,|||,|||
34.77.162.6,34.77.162.6,00000000000000000000000000000000000000000000000000000000000000,|||,|||,|||,|||,|||,|||,|||,|||,|||,|||
34.77.162.14,34.77.162.14,00000000000000000000000000000000000000000000000000000000000000,|||,|||,|||,|||,|||,|||,|||,|||,|||,|||
34.77.162.30,34.77.162.30,00000000000000000000000000000000000000000000000000000000000000,|||,|||,|||,|||,|||,|||,|||,|||,|||,|||
27.124.5.15,27.124.5.15,00000000000000000000000000000000000000000000000000000000000000,|||,|||,|||,|||,|||,|||,|||,|||,|||,|||
34.77.162.31,34.77.162.31,00000000000000000000000000000000000000000000000000000000000000,|||,|||,|||,|||,|||,|||,|||,|||,|||,|||
31.154.165.133,31.154.165.133,04b01b00001b04b04b04b01b01b04be3b0c44298fc1c149afbf4c8996fb924,000a|0301||,0004|0301||,|||,0004|0301||,000a|0301||,000a|0301||,000a|0301||,0004|0301||,0004|0301||,000a|0301||
31.211.131.154,31.211.131.154,00000000000000000000000000000000000000000000000000000000000000,|||,|||,|||,|||,|||,|||,|||,|||,|||,|||
34.77.162.2,34.77.162.2,00000000000000000000000000000000000000000000000000000000000000,|||,|||,|||,|||,|||,|||,|||,|||,|||,|||
8.143.197.156,8.143.197.156,00000000000000000000000000000000000000000000000000000000000000,|||,|||,|||,|||,|||,|||,|||,|||,|||,|||
27.124.32.148,27.124.32.148,00000000000000000000000000000000000000000000000000000000000000,|||,|||,|||,|||,|||,|||,|||,|||,|||,|||
27.124.32.149,27.124.32.149,00000000000000000000000000000000000000000000000000000000000000,|||,|||,|||,|||,|||,|||,|||,|||,|||,|||
23.225.180.205,23.225.180.205,00000000000000000000000000000000000000000000000000000000000000,|||,|||,|||,|||,|||,|||,|||,|||,|||,|||
34.77.162.9,34.77.162.9,00000000000000000000000000000000000000000000000000000000000000,|||,|||,|||,|||,|||,|||,|||,|||,|||,|||
34.147.23.72,34.147.23.72,00000000000000000000000000000000000000000000000000000000000000,|||,|||,|||,|||,|||,|||,|||,|||,|||,|||
34.77.162.12,34.77.162.12,00000000000000000000000000000000000000000000000000000000000000,|||,|||,|||,|||,|||,|||,|||,|||,|||,|||
23.224.189.203,23.224.189.203,3fd3fd0003fd3fd21c42d42d000000307ee0eb468e9fdb5cfcd698a80a67ef,cca8|0303|h2|ff01-0000-0001-000b-0023-0010-0017,cca8|0303|h2|ff01-0000-0001-000b-0023-0010-0017,|||,cca8|0303||ff01-0000-0001-000b-0023-0017,cca8|0303||ff01-0000-0001-000b-0023-0017,c013|0302|h2|ff01-0000-0001-000b-0023-0010-0017,1302|0303||002b-0033,1302|0303||002b-0033,|||,|||
23.225.163.218,23.225.163.218,00000000000000000000000000000000000000000000000000000000000000,|||,|||,|||,|||,|||,|||,|||,|||,|||,|||
34.77.162.16,34.77.162.16,00000000000000000000000000000000000000000000000000000000000000,|||,|||,|||,|||,|||,|||,|||,|||,|||,|||
34.77.162.15,34.77.162.15,00000000000000000000000000000000000000000000000000000000000000,|||,|||,|||,|||,|||,|||,|||,|||,|||,|||
31.168.205.80,31.168.205.80,08d08d00008d08d08c08d08d08d08d9674c6b4e623ae36cc2d998e99e2262e,0035|0303||ff01-0023,0035|0303||ff01-0023,|||,0035|0303||ff01-0023,0035|0303||ff01-0023,0035|0302||ff01-0023,0035|0303||ff01-0023,0035|0303||ff01-0023,0035|0303||ff01-0023,0035|0303||ff01-0023
23.225.163.199,23.225.163.199,00000000000000000000000000000000000000000000000000000000000000,|||,|||,|||,|||,|||,|||,|||,|||,|||,|||
24.152.46.183,24.152.46.183,00000000000000000000000000000000000000000000000000000000000000,|||,|||,|||,|||,|||,|||,|||,|||,|||,|||
20.206.139.87,20.206.139.87,2ad2ad0002ad2ad22c2ad2ad2ad2adce7a321e4956e8298ba917e9f2c22849,c030|0303|http/1.1|ff01-0001-000b-0023-0010-0017,c030|0303|http/1.1|ff01-0001-000b-0023-0010-0017,|||,c030|0303||ff01-0001-000b-0023-0017,c030|0303||ff01-0001-000b-0023-0017,c014|0302|http/1.1|ff01-0001-000b-0023-0010-0017,c030|0303|http/1.1|ff01-0001-000b-0023-0010-0017,c030|0303|http/1.1|ff01-0001-000b-0023-0010-0017,c030|0303|http/1.1|ff01-0001-000b-0023-0010-0017,c030|0303|http/1.1|ff01-0001-000b-0023-0010-0017
34.77.162.21,34.77.162.21,00000000000000000000000000000000000000000000000000000000000000,|||,|||,|||,|||,|||,|||,|||,|||,|||,|||
34.77.162.23,34.77.162.23,00000000000000000000000000000000000000000000000000000000000000,|||,|||,|||,|||,|||,|||,|||,|||,|||,|||
27.100.228.223,27.100.228.223,00000000000000000000000000000000000000000000000000000000000000,|||,|||,|||,|||,|||,|||,|||,|||,|||,|||
31.211.32.85,31.211.32.85,00000000000000000000000000000000000000000000000000000000000000,|||,|||,|||,|||,|||,|||,|||,|||,|||,|||
34.78.1.183,34.78.1.183,00000000000000000000000000000000000000000000000000000000000000,|||,|||,|||,|||,|||,|||,|||,|||,|||,|||
27.124.5.108,27.124.5.108,00000000000000000000000000000000000000000000000000000000000000,|||,|||,|||,|||,|||,|||,|||,|||,|||,|||
23.225.163.201,23.225.163.201,00000000000000000000000000000000000000000000000000000000000000,|||,|||,|||,|||,|||,|||,|||,|||,|||,|||
34.77.162.24,34.77.162.24,00000000000000000000000000000000000000000000000000000000000000,|||,|||,|||,|||,|||,|||,|||,|||,|||,|||
24.227.117.178,24.227.117.178,08d08d00008d08d08c08d08d08d08d9674c6b4e623ae36cc2d998e99e2262e,0035|0303||ff01-0023,0035|0303||ff01-0023,|||,0035|0303||ff01-0023,0035|0303||ff01-0023,0035|0302||ff01-0023,0035|0303||ff01-0023,0035|0303||ff01-0023,0035|0303||ff01-0023,0035|0303||ff01-0023
23.224.186.39,23.224.186.39,00000000000000000000000000000000000000000000000000000000000000,|||,|||,|||,|||,|||,|||,|||,|||,|||,|||
34.77.162.13,34.77.162.13,00000000000000000000000000000000000000000000000000000000000000,|||,|||,|||,|||,|||,|||,|||,|||,|||,|||
23.224.186.65,23.224.186.65,00000000000000000000000000000000000000000000000000000000000000,|||,|||,|||,|||,|||,|||,|||,|||,|||,|||
27.124.5.120,27.124.5.120,00000000000000000000000000000000000000000000000000000000000000,|||,|||,|||,|||,|||,|||,|||,|||,|||,|||
27.105.152.107,27.105.152.107,00000000000000000000000000000000000000000000000000000000000000,|||,|||,|||,|||,|||,|||,|||,|||,|||,|||
23.225.163.209,23.225.163.209,00000000000000000000000000000000000000000000000000000000000000,|||,|||,|||,|||,|||,|||,|||,|||,|||,|||
34.70.205.9,34.70.205.9,00000000000000000000000000000000000000000000000000000000000000,|||,|||,|||,|||,|||,|||,|||,|||,|||,|||
34.86.35.20,34.86.35.20,00000000000000000000000000000000000000000000000000000000000000,|||,|||,|||,|||,|||,|||,|||,|||,|||,|||
34.86.35.10,34.86.35.10,00000000000000000000000000000000000000000000000000000000000000,|||,|||,|||,|||,|||,|||,|||,|||,|||,|||
34.77.162.7,34.77.162.7,00000000000000000000000000000000000000000000000000000000000000,|||,|||,|||,|||,|||,|||,|||,|||,|||,|||
23.225.163.216,23.225.163.216,00000000000000000000000000000000000000000000000000000000000000,|||,|||,|||,|||,|||,|||,|||,|||,|||,|||
23.225.163.215,23.225.163.215,00000000000000000000000000000000000000000000000000000000000000,|||,|||,|||,|||,|||,|||,|||,|||,|||,|||
34.77.162.0,34.77.162.0,00000000000000000000000000000000000000000000000000000000000000,|||,|||,|||,|||,|||,|||,|||,|||,|||,|||
34.86.35.27,34.86.35.27,00000000000000000000000000000000000000000000000000000000000000,|||,|||,|||,|||,|||,|||,|||,|||,|||,|||
34.77.162.18,34.77.162.18,00000000000000000000000000000000000000000000000000000000000000,|||,|||,|||,|||,|||,|||,|||,|||,|||,|||
27.124.5.125,27.124.5.125,00000000000000000000000000000000000000000000000000000000000000,|||,|||,|||,|||,|||,|||,|||,|||,|||,|||
27.72.105.130,27.72.105.130,00000000000000000000000000000000000000000000000000000000000000,|||,|||,|||,|||,|||,|||,|||,|||,|||,|||
27.124.22.169,27.124.22.169,00000000000000000000000000000000000000000000000000000000000000,|||,|||,|||,|||,|||,|||,|||,|||,|||,|||
27.66.126.87,27.66.126.87,00000000000000000000000000000000000000000000000000000000000000,|||,|||,|||,|||,|||,|||,|||,|||,|||,|||
27.128.216.199,27.128.216.199,00000000000000000000000000000000000000000000000000000000000000,|||,|||,|||,|||,|||,|||,|||,|||,|||,|||
34.86.35.21,34.86.35.21,00000000000000000000000000000000000000000000000000000000000000,|||,|||,|||,|||,|||,|||,|||,|||,|||,|||
20.206.99.213,20.206.99.213,40d1db40d0000001dc43d1db1db43d30fa1c21db107dbd9d33fe234255f0eb,cca9|0303|http/1.1|ff01-0010-000b,c009|0301|http/1.1|ff01-0010-000b,cca9|0303|http/1.1|ff01-0010-000b,|||,|||,c009|0302|http/1.1|ff01-0010-000b,1303|0303||002b-0033,c009|0301|http/1.1|ff01-0010-000b,c009|0301|http/1.1|ff01-0010-000b,1303|0303||002b-0033
34.77.162.17,34.77.162.17,00000000000000000000000000000000000000000000000000000000000000,|||,|||,|||,|||,|||,|||,|||,|||,|||,|||
34.86.35.19,34.86.35.19,00000000000000000000000000000000000000000000000000000000000000,|||,|||,|||,|||,|||,|||,|||,|||,|||,|||
27.78.244.44,27.78.244.44,00000000000000000000000000000000000000000000000000000000000000,|||,|||,|||,|||,|||,|||,|||,|||,|||,|||
27.74.54.216,27.74.54.216,00000000000000000000000000000000000000000000000000000000000000,|||,|||,|||,|||,|||,|||,|||,|||,|||,|||
27.124.5.111,27.124.5.111,00000000000000000000000000000000000000000000000000000000000000,|||,|||,|||,|||,|||,|||,|||,|||,|||,|||
34.86.35.11,34.86.35.11,00000000000000000000000000000000000000000000000000000000000000,|||,|||,|||,|||,|||,|||,|||,|||,|||,|||
27.124.5.102,27.124.5.102,00000000000000000000000000000000000000000000000000000000000000,|||,|||,|||,|||,|||,|||,|||,|||,|||,|||
27.35.87.153,27.35.87.153,00000000000000000000000000000000000000000000000000000000000000,|||,|||,|||,|||,|||,|||,|||,|||,|||,|||
34.86.35.22,34.86.35.22,00000000000000000000000000000000000000000000000000000000000000,|||,|||,|||,|||,|||,|||,|||,|||,|||,|||
34.86.35.18,34.86.35.18,00000000000000000000000000000000000000000000000000000000000000,|||,|||,|||,|||,|||,|||,|||,|||,|||,|||
34.86.35.14,34.86.35.14,00000000000000000000000000000000000000000000000000000000000000,|||,|||,|||,|||,|||,|||,|||,|||,|||,|||
34.86.35.15,34.86.35.15,00000000000000000000000000000000000000000000000000000000000000,|||,|||,|||,|||,|||,|||,|||,|||,|||,|||
14.183.42.190,14.183.42.190,29d29d00029d29d22c29d29d29d29db1fed874fb1fbef1feb080db600660a9,c02f|0303||000b,c02f|0303||000b,|||,c02f|0303||000b,c02f|0303||000b,c014|0302||000b,c02f|0303||000b,c02f|0303||000b,c02f|0303||000b,c02f|0303||000b
34.105.74.221,34.105.74.221,00000000000000000000000000000000000000000000000000000000000000,|||,|||,|||,|||,|||,|||,|||,|||,|||,|||
24.41.37.146,24.41.37.146,08d08d00008d08d08c08d08d08d08d9674c6b4e623ae36cc2d998e99e2262e,0035|0303||ff01-0023,0035|0303||ff01-0023,|||,0035|0303||ff01-0023,0035|0303||ff01-0023,0035|0302||ff01-0023,0035|0303||ff01-0023,0035|0303||ff01-0023,0035|0303||ff01-0023,0035|0303||ff01-0023
34.86.35.6,34.86.35.6,00000000000000000000000000000000000000000000000000000000000000,|||,|||,|||,|||,|||,|||,|||,|||,|||,|||
34.86.35.12,34.86.35.12,00000000000000000000000000000000000000000000000000000000000000,|||,|||,|||,|||,|||,|||,|||,|||,|||,|||
34.86.35.31,34.86.35.31,00000000000000000000000000000000000000000000000000000000000000,|||,|||,|||,|||,|||,|||,|||,|||,|||,|||
34.86.35.0,34.86.35.0,00000000000000000000000000000000000000000000000000000000000000,|||,|||,|||,|||,|||,|||,|||,|||,|||,|||
34.86.35.17,34.86.35.17,00000000000000000000000000000000000000000000000000000000000000,|||,|||,|||,|||,|||,|||,|||,|||,|||,|||
27.124.5.103,27.124.5.103,00000000000000000000000000000000000000000000000000000000000000,|||,|||,|||,|||,|||,|||,|||,|||,|||,|||
34.86.35.29,34.86.35.29,00000000000000000000000000000000000000000000000000000000000000,|||,|||,|||,|||,|||,|||,|||,|||,|||,|||
27.124.5.22,27.124.5.22,00000000000000000000000000000000000000000000000000000000000000,|||,|||,|||,|||,|||,|||,|||,|||,|||,|||
27.124.5.126,27.124.5.126,00000000000000000000000000000000000000000000000000000000000000,|||,|||,|||,|||,|||,|||,|||,|||,|||,|||
34.77.162.4,34.77.162.4,00000000000000000000000000000000000000000000000000000000000000,|||,|||,|||,|||,|||,|||,|||,|||,|||,|||
34.86.35.1,34.86.35.1,00000000000000000000000000000000000000000000000000000000000000,|||,|||,|||,|||,|||,|||,|||,|||,|||,|||
34.86.35.5,34.86.35.5,00000000000000000000000000000000000000000000000000000000000000,|||,|||,|||,|||,|||,|||,|||,|||,|||,|||
27.124.5.14,27.124.5.14,00000000000000000000000000000000000000000000000000000000000000,|||,|||,|||,|||,|||,|||,|||,|||,|||,|||
34.86.35.9,34.86.35.9,00000000000000000000000000000000000000000000000000000000000000,|||,|||,|||,|||,|||,|||,|||,|||,|||,|||
34.86.35.3,34.86.35.3,00000000000000000000000000000000000000000000000000000000000000,|||,|||,|||,|||,|||,|||,|||,|||,|||,|||
27.124.5.17,27.124.5.17,00000000000000000000000000000000000000000000000000000000000000,|||,|||,|||,|||,|||,|||,|||,|||,|||,|||
34.64.241.214,34.64.241.214,00000000000000000000000000000000000000000000000000000000000000,|||,|||,|||,|||,|||,|||,|||,|||,|||,|||
14.188.119.158,14.188.119.158,06d14d00006d06d06c06d14d06d06d2bb1101b28b790bf5d9d4dcad463fdc2,002f|0303||ff01,009d|0303||ff01,|||,002f|0303||ff01,002f|0303||ff01,002f|0302||ff01,002f|0303||ff01,009d|0303||ff01,002f|0303||ff01,002f|0303||ff01
27.124.5.20,27.124.5.20,00000000000000000000000000000000000000000000000000000000000000,|||,|||,|||,|||,|||,|||,|||,|||,|||,|||
27.124.5.119,27.124.5.119,00000000000000000000000000000000000000000000000000000000000000,|||,|||,|||,|||,|||,|||,|||,|||,|||,|||
27.124.5.114,27.124.5.114,00000000000000000000000000000000000000000000000000000000000000,|||,|||,|||,|||,|||,|||,|||,|||,|||,|||
34.86.35.24,34.86.35.24,00000000000000000000000000000000000000000000000000000000000000,|||,|||,|||,|||,|||,|||,|||,|||,|||,|||
34.86.35.8,34.86.35.8,00000000000000000000000000000000000000000000000000000000000000,|||,|||,|||,|||,|||,|||,|||,|||,|||,|||
34.86.35.4,34.86.35.4,00000000000000000000000000000000000000000000000000000000000000,|||,|||,|||,|||,|||,|||,|||,|||,|||,|||
27.124.5.13,27.124.5.13,00000000000000000000000000000000000000000000000000000000000000,|||,|||,|||,|||,|||,|||,|||,|||,|||,|||
34.86.35.28,34.86.35.28,00000000000000000000000000000000000000000000000000000000000000,|||,|||,|||,|||,|||,|||,|||,|||,|||,|||
27.124.5.110,27.124.5.110,00000000000000000000000000000000000000000000000000000000000000,|||,|||,|||,|||,|||,|||,|||,|||,|||,|||
34.86.35.13,34.86.35.13,00000000000000000000000000000000000000000000000000000000000000,|||,|||,|||,|||,|||,|||,|||,|||,|||,|||
34.86.35.30,34.86.35.30,00000000000000000000000000000000000000000000000000000000000000,|||,|||,|||,|||,|||,|||,|||,|||,|||,|||
34.86.35.7,34.86.35.7,00000000000000000000000000000000000000000000000000000000000000,|||,|||,|||,|||,|||,|||,|||,|||,|||,|||
34.86.35.23,34.86.35.23,00000000000000000000000000000000000000000000000000000000000000,|||,|||,|||,|||,|||,|||,|||,|||,|||,|||
34.86.35.16,34.86.35.16,00000000000000000000000000000000000000000000000000000000000000,|||,|||,|||,|||,|||,|||,|||,|||,|||,|||
34.86.35.2,34.86.35.2,00000000000000000000000000000000000000000000000000000000000000,|||,|||,|||,|||,|||,|||,|||,|||,|||,|||
34.86.35.25,34.86.35.25,00000000000000000000000000000000000000000000000000000000000000,|||,|||,|||,|||,|||,|||,|||,|||,|||,|||
34.86.35.26,34.86.35.26,00000000000000000000000000000000000000000000000000000000000000,|||,|||,|||,|||,|||,|||,|||,|||,|||,|||
23.95.215.68,23.95.215.68,21d19d00021d21d00021d19d21d21da73af4836a351f6535c7e9129456cf24,c013|0303|http/1.1|ff01-0000-0001-000b-0023-0010-0017,00c0|0303|http/1.1|ff01-0000-0001-0023-0010-0017,|||,c013|0303||ff01-0000-0001-000b-0023-0017,c013|0303||ff01-0000-0001-000b-0023-0017,|||,c013|0303|http/1.1|ff01-0000-0001-000b-0023-0010-0017,00c0|0303|http/1.1|ff01-0000-0001-0023-0010-0017,c013|0303|http/1.1|ff01-0000-0001-000b-0023-0010-0017,c013|0303|http/1.1|ff01-0000-0001-000b-0023-0010-0017
8.140.129.54,8.140.129.54,3fd3fd0003fd3fd21c3fd3fd3fd3fdcb923bdf24d76ffa93e37532e1a9239b,cca8|0303|h2|ff01-0000-0001-000b-0023-0010-0017,cca8|0303|h2|ff01-0000-0001-000b-0023-0010-0017,|||,cca8|0303||ff01-0000-0001-000b-0023-0017,cca8|0303||ff01-0000-0001-000b-0023-0017,c013|0302|h2|ff01-0000-0001-000b-0023-0010-0017,cca8|0303|h2|ff01-0000-0001-000b-0023-0010-0017,cca8|0303|h2|ff01-0000-0001-000b-0023-0010-0017,cca8|0303|h2|ff01-0000-0001-000b-0023-0010-0017,cca8|0303|h2|ff01-0000-0001-000b-0023-0010-0017
24.173.179.154,24.173.179.154,08d08d00008d08d08c08d08d08d08d9674c6b4e623ae36cc2d998e99e2262e,0035|0303||ff01-0023,0035|0303||ff01-0023,|||,0035|0303||ff01-0023,0035|0303||ff01-0023,0035|0302||ff01-0023,0035|0303||ff01-0023,0035|0303||ff01-0023,0035|0303||ff01-0023,0035|0303||ff01-0023
14.99.41.42,14.99.41.42,2ad2ad16d2ad2ad0002ad2ad2ad2ad487dfc3734968073f786f66dcf4de1b2,c030|0303||ff01-000b-0023,c030|0303||ff01-000b-0023,009f|0303||ff01-0023,c030|0303||ff01-000b-0023,c030|0303||ff01-000b-0023,|||,c030|0303||ff01-000b-0023,c030|0303||ff01-000b-0023,c030|0303||ff01-000b-0023,c030|0303||ff01-000b-0023
8.218.21.97,8.218.21.97,00000000000000000000000000000000000000000000000000000000000000,|||,|||,|||,|||,|||,|||,|||,|||,|||,|||
1.14.165.32,1.14.165.32,00000000000000000000000000000000000000000000000000000000000000,|||,|||,|||,|||,|||,|||,|||,|||,|||,|||
27.124.5.116,27.124.5.116,00000000000000000000000000000000000000000000000000000000000000,|||,|||,|||,|||,|||,|||,|||,|||,|||,|||
31.30.13.243,31.30.13.243,00000000000000000000000000000000000000000000000000000000000000,|||,|||,|||,|||,|||,|||,|||,|||,|||,|||
27.124.5.19,27.124.5.19,00000000000000000000000000000000000000000000000000000000000000,|||,|||,|||,|||,|||,|||,|||,|||,|||,|||
27.124.5.29,27.124.5.29,00000000000000000000000000000000000000000000000000000000000000,|||,|||,|||,|||,|||,|||,|||,|||,|||,|||
23.225.180.180,23.225.180.180,00000000000000000000000000000000000000000000000000000000000000,|||,|||,|||,|||,|||,|||,|||,|||,|||,|||
27.124.5.24,27.124.5.24,00000000000000000000000000000000000000000000000000000000000000,|||,|||,|||,|||,|||,|||,|||,|||,|||,|||
27.124.5.101,27.124.5.101,00000000000000000000000000000000000000000000000000000000000000,|||,|||,|||,|||,|||,|||,|||,|||,|||,|||
24.182.233.122,24.182.233.122,00000000000000000000000000000000000000000000000000000000000000,|||,|||,|||,|||,|||,|||,|||,|||,|||,|||
27.124.5.28,27.124.5.28,00000000000000000000000000000000000000000000000000000000000000,|||,|||,|||,|||,|||,|||,|||,|||,|||,|||
35.204.119.176,35.204.119.176,00000000000000000000000000000000000000000000000000000000000000,|||,|||,|||,|||,|||,|||,|||,|||,|||,|||
34.72.141.37,34.72.141.37,07d19d1ad21d21d00042d43d00000076e5b3c488a88e5790970b78ffb8afc2,0033|0303|http/1.1|ff01-0001-0023-0010-0017,00c0|0303|http/1.1|ff01-0001-0023-0010-0017,00c4|0303|http/1.1|ff01-0001-0023-0010-0017,c013|0303|http/1.1|ff01-0001-000b-0023-0010-0017,c013|0303|http/1.1|ff01-0001-000b-0023-0010-0017,|||,1302|0303||002b-0033,1303|0303||002b-0033,|||,|||
14.192.205.89,14.192.205.89,00000000000000000000000000000000000000000000000000000000000000,|||,|||,|||,|||,|||,|||,|||,|||,|||,|||
27.124.5.26,27.124.5.26,00000000000000000000000000000000000000000000000000000000000000,|||,|||,|||,|||,|||,|||,|||,|||,|||,|||
1.116.89.251,1.116.89.251,00000000000000000000000000000000000000000000000000000000000000,|||,|||,|||,|||,|||,|||,|||,|||,|||,|||
27.221.51.91,27.221.51.91,2ad2ad20d2ad2ad22c2ad2ad2ad2ad8e917db1de9d33002d70770504a55ef7,c030|0303|http/1.1|0000-ff01-000b-0023-0010,c030|0303|http/1.1|0000-ff01-000b-0023-0010,c012|0303|http/1.1|0000-ff01-000b-0023-0010,c030|0303||0000-ff01-000b-0023,c030|0303||0000-ff01-000b-0023,c014|0302|http/1.1|0000-ff01-000b-0023-0010,c030|0303|http/1.1|0000-ff01-000b-0023-0010,c030|0303|http/1.1|0000-ff01-000b-0023-0010,c030|0303|http/1.1|0000-ff01-000b-0023-0010,c030|0303|http/1.1|0000-ff01-000b-0023-0010
27.109.198.255,27.109.198.255,29d29d00029d29d21c29d29d29d29dd67503cb8836da6e35829b1e18acf30e,c02f|0303|http/1.1|ff01-000b-0023-0010,c02f|0303|http/1.1|ff01-000b-0023-0010,|||,c02f|0303|http/1.1|ff01-000b-0023-0010,c02f|0303|http/1.1|ff01-000b-0023-0010,c013|0302|http/1.1|ff01-000b-0023-0010,c02f|0303|http/1.1|ff01-000b-0023-0010,c02f|0303|http/1.1|ff01-000b-0023-0010,c02f|0303|http/1.1|ff01-000b-0023-0010,c02f|0303|http/1.1|ff01-000b-0023-0010
35.241.181.2,35.241.181.2,2ad2ad0002ad2ad00042d42d000000301510f56407964db9434a9bb0d4ee4a,c030|0303|http/1.1|ff01-0000-0001-000b-0023-0010-0017,c030|0303|http/1.1|ff01-0000-0001-000b-0023-0010-0017,|||,c030|0303||ff01-0000-0001-000b-0023-0017,c030|0303||ff01-0000-0001-000b-0023-0017,|||,1302|0303||002b-0033,1302|0303||002b-0033,|||,|||
27.124.5.3,27.124.5.3,00000000000000000000000000000000000000000000000000000000000000,|||,|||,|||,|||,|||,|||,|||,|||,|||,|||
35.178.198.104,35.178.198.104,29d29d00029d29d00041d29d29d41dc347a1c956987fa29fb299da896c61ea,c02f|0303|h2|0023-ff01-0010-000b,c02f|0303|h2|0023-ff01-0010-000b,|||,c02f|0303||0023-ff01-000b,c02f|0303||0023-ff01-000b,|||,1301|0303||002b-0033,c02f|0303|h2|0023-ff01-0010-000b,c02f|0303|h2|0023-ff01-0010-000b,1301|0303||002b-0033
34.96.130.15,34.96.130.15,00000000000000000000000000000000000000000000000000000000000000,|||,|||,|||,|||,|||,|||,|||,|||,|||,|||
23.225.163.210,23.225.163.210,00000000000000000000000000000000000000000000000000000000000000,|||,|||,|||,|||,|||,|||,|||,|||,|||,|||
14.33.65.143,14.33.65.143,00000000000000000000000000000000000000000000000000000000000000,|||,|||,|||,|||,|||,|||,|||,|||,|||,|||
37.221.121.221,37.221.121.221,00000000000000000000000000000000000000000000000000000000000000,|||,|||,|||,|||,|||,|||,|||,|||,|||,|||
34.96.130.13,34.96.130.13,00000000000000000000000000000000000000000000000000000000000000,|||,|||,|||,|||,|||,|||,|||,|||,|||,|||
34.96.130.12,34.96.130.12,00000000000000000000000000000000000000000000000000000000000000,|||,|||,|||,|||,|||,|||,|||,|||,|||,|||
27.221.127.183,27.221.127.183,29d29d20d29d29d22c29d29d29d29df51c60823f963b0fe11deab8efc70b4b,c02f|0303|http/1.1|ff01-000b-0023-0010,c02f|0303|http/1.1|ff01-000b-0023-0010,c012|0303|http/1.1|ff01-000b-0023-0010,c02f|0303||ff01-000b-0023,c02f|0303||ff01-000b-0023,c014|0302|http/1.1|ff01-000b-0023-0010,c02f|0303|http/1.1|ff01-000b-0023-0010,c02f|0303|http/1.1|ff01-000b-0023-0010,c02f|0303|http/1.1|ff01-000b-0023-0010,c02f|0303|http/1.1|ff01-000b-0023-0010
34.96.130.14,34.96.130.14,00000000000000000000000000000000000000000000000000000000000000,|||,|||,|||,|||,|||,|||,|||,|||,|||,|||
34.96.130.11,34.96.130.11,00000000000000000000000000000000000000000000000000000000000000,|||,|||,|||,|||,|||,|||,|||,|||,|||,|||
34.96.130.21,34.96.130.21,00000000000000000000000000000000000000000000000000000000000000,|||,|||,|||,|||,|||,|||,|||,|||,|||,|||
24.87.152.27,24.87.152.27,08d08d00008d08d08c08d08d08d08d9674c6b4e623ae36cc2d998e99e2262e,0035|0303||ff01-0023,0035|0303||ff01-0023,|||,0035|0303||ff01-0023,0035|0303||ff01-0023,0035|0302||ff01-0023,0035|0303||ff01-0023,0035|0303||ff01-0023,0035|0303||ff01-0023,0035|0303||ff01-0023
34.96.130.18,34.96.130.18,00000000000000000000000000000000000000000000000000000000000000,|||,|||,|||,|||,|||,|||,|||,|||,|||,|||
34.96.130.3,34.96.130.3,00000000000000000000000000000000000000000000000000000000000000,|||,|||,|||,|||,|||,|||,|||,|||,|||,|||
23.225.163.153,23.225.163.153,00000000000000000000000000000000000000000000000000000000000000,|||,|||,|||,|||,|||,|||,|||,|||,|||,|||
34.96.130.9,34.96.130.9,00000000000000000000000000000000000000000000000000000000000000,|||,|||,|||,|||,|||,|||,|||,|||,|||,|||
34.96.130.19,34.96.130.19,00000000000000000000000000000000000000000000000000000000000000,|||,|||,|||,|||,|||,|||,|||,|||,|||,|||
34.81.129.47,34.81.129.47,00000000000000000000000000000000000000000000000000000000000000,|||,|||,|||,|||,|||,|||,|||,|||,|||,|||
34.96.130.1,34.96.130.1,00000000000000000000000000000000000000000000000000000000000000,|||,|||,|||,|||,|||,|||,|||,|||,|||,|||
34.96.130.10,34.96.130.10,00000000000000000000000000000000000000000000000000000000000000,|||,|||,|||,|||,|||,|||,|||,|||,|||,|||
8.136.205.255,8.136.205.255,22b22b20b22b22b22b22b22b22b22bfb5de881cc847e53e47fc6dd40b422b0,c014|0301|http/1.1|ff01-0000-0001-000b-0023-0010-0017,c014|0301|http/1.1|ff01-0000-0001-000b-0023-0010-0017,c012|0301|http/1.1|ff01-0000-0001-000b-0023-0010-0017,c014|0301||ff01-0000-0001-000b-0023-0017,c014|0301||ff01-0000-0001-000b-0023-0017,c014|0301|http/1.1|ff01-0000-0001-000b-0023-0010-0017,c014|0301|http/1.1|ff01-0000-0001-000b-0023-0010-0017,c014|0301|http/1.1|ff01-0000-0001-000b-0023-0010-0017,c014|0301|http/1.1|ff01-0000-0001-000b-0023-0010-0017,c014|0301|http/1.1|ff01-0000-0001-000b-0023-0010-0017
34.96.130.17,34.96.130.17,00000000000000000000000000000000000000000000000000000000000000,|||,|||,|||,|||,|||,|||,|||,|||,|||,|||
35.204.165.131,35.204.165.131,00000000000000000000000000000000000000000000000000000000000000,|||,|||,|||,|||,|||,|||,|||,|||,|||,|||
34.70.164.191,34.70.164.191,07d19d1ad21d21d00042d43d00000076e5b3c488a88e5790970b78ffb8afc2,0033|0303|http/1.1|ff01-0001-0023-0010-0017,00c0|0303|http/1.1|ff01-0001-0023-0010-0017,00c4|0303|http/1.1|ff01-0001-0023-0010-0017,c013|0303|http/1.1|ff01-0001-000b-0023-0010-0017,c013|0303|http/1.1|ff01-0001-000b-0023-0010-0017,|||,1302|0303||002b-0033,1303|0303||002b-0033,|||,|||
34.96.130.23,34.96.130.23,00000000000000000000000000000000000000000000000000000000000000,|||,|||,|||,|||,|||,|||,|||,|||,|||,|||
34.96.130.2,34.96.130.2,00000000000000000000000000000000000000000000000000000000000000,|||,|||,|||,|||,|||,|||,|||,|||,|||,|||
34.96.130.20,34.96.130.20,00000000000000000000000000000000000000000000000000000000000000,|||,|||,|||,|||,|||,|||,|||,|||,|||,|||
34.96.130.8,34.96.130.8,00000000000000000000000000000000000000000000000000000000000000,|||,|||,|||,|||,|||,|||,|||,|||,|||,|||
34.96.130.7,34.96.130.7,00000000000000000000000000000000000000000000000000000000000000,|||,|||,|||,|||,|||,|||,|||,|||,|||,|||
34.96.130.16,34.96.130.16,00000000000000000000000000000000000000000000000000000000000000,|||,|||,|||,|||,|||,|||,|||,|||,|||,|||
37.139.18.40,37.139.18.40,00000000000000000000000000000000000000000000000000000000000000,|||,|||,|||,|||,|||,|||,|||,|||,|||,|||
27.124.5.31,27.124.5.31,00000000000000000000000000000000000000000000000000000000000000,|||,|||,|||,|||,|||,|||,|||,|||,|||,|||
37.152.186.128,37.152.186.128,00000000000000000000000000000000000000000000000000000000000000,|||,|||,|||,|||,|||,|||,|||,|||,|||,|||
34.96.130.24,34.96.130.24,00000000000000000000000000000000000000000000000000000000000000,|||,|||,|||,|||,|||,|||,|||,|||,|||,|||
34.96.130.4,34.96.130.4,00000000000000000000000000000000000000000000000000000000000000,|||,|||,|||,|||,|||,|||,|||,|||,|||,|||
37.187.109.27,37.187.109.27,00000000000000000000000000000000000000000000000000000000000000,|||,|||,|||,|||,|||,|||,|||,|||,|||,|||
34.70.203.215,34.70.203.215,07d10d11d21d21d07c07d10d07d21d7f94927a800698f72ad8146900120abe,0033|0303|http/1.1|ff01-0023-0010,0084|0303|http/1.1|ff01-0023-0010,0088|0303|http/1.1|ff01-0023-0010,c013|0303|http/1.1|ff01-000b-0023-0010,c013|0303|http/1.1|ff01-000b-0023-0010,0033|0302|http/1.1|ff01-0023-0010,0033|0303|http/1.1|ff01-0023-0010,0084|0303|http/1.1|ff01-0023-0010,0033|0303|http/1.1|ff01-0023-0010,c013|0303|http/1.1|ff01-000b-0023-0010
34.96.130.5,34.96.130.5,00000000000000000000000000000000000000000000000000000000000000,|||,|||,|||,|||,|||,|||,|||,|||,|||,|||
37.44.238.169,37.44.238.169,00000000000000000000000000000000000000000000000000000000000000,|||,|||,|||,|||,|||,|||,|||,|||,|||,|||
37.147.66.72,37.147.66.72,00000000000000000000000000000000000000000000000000000000000000,|||,|||,|||,|||,|||,|||,|||,|||,|||,|||
27.124.5.32,27.124.5.32,00000000000000000000000000000000000000000000000000000000000000,|||,|||,|||,|||,|||,|||,|||,|||,|||,|||
34.96.130.26,34.96.130.26,00000000000000000000000000000000000000000000000000000000000000,|||,|||,|||,|||,|||,|||,|||,|||,|||,|||
34.96.130.30,34.96.130.30,00000000000000000000000000000000000000000000000000000000000000,|||,|||,|||,|||,|||,|||,|||,|||,|||,|||
34.96.130.28,34.96.130.28,00000000000000000000000000000000000000000000000000000000000000,|||,|||,|||,|||,|||,|||,|||,|||,|||,|||
34.96.130.6,34.96.130.6,00000000000000000000000000000000000000000000000000000000000000,|||,|||,|||,|||,|||,|||,|||,|||,|||,|||
35.228.233.100,35.228.233.100,21d19d00021d21d21c21d19d21d21d3b0d229d76f2fd7cb8e23bb87da38a20,c013|0303|http/1.1|ff01-0000-0001-000b-0023-0010-0017,00c0|0303|http/1.1|ff01-0000-0001-0023-0010-0017,|||,c013|0303||ff01-0000-0001-000b-0023-0017,c013|0303||ff01-0000-0001-000b-0023-0017,c013|0302|http/1.1|ff01-0000-0001-000b-0023-0010-0017,c013|0303|http/1.1|ff01-0000-0001-000b-0023-0010-0017,00c0|0303|http/1.1|ff01-0000-0001-0023-0010-0017,c013|0303|http/1.1|ff01-0000-0001-000b-0023-0010-0017,c013|0303|http/1.1|ff01-0000-0001-000b-0023-0010-0017
34.96.130.31,34.96.130.31,00000000000000000000000000000000000000000000000000000000000000,|||,|||,|||,|||,|||,|||,|||,|||,|||,|||
37.182.239.97,37.182.239.97,00000000000000000000000000000000000000000000000000000000000000,|||,|||,|||,|||,|||,|||,|||,|||,|||,|||
27.124.5.113,27.124.5.113,00000000000000000000000000000000000000000000000000000000000000,|||,|||,|||,|||,|||,|||,|||,|||,|||,|||
34.96.130.25,34.96.130.25,00000000000000000000000000000000000000000000000000000000000000,|||,|||,|||,|||,|||,|||,|||,|||,|||,|||
34.96.130.27,34.96.130.27,00000000000000000000000000000000000000000000000000000000000000,|||,|||,|||,|||,|||,|||,|||,|||,|||,|||
34.96.130.29,34.96.130.29,00000000000000000000000000000000000000000000000000000000000000,|||,|||,|||,|||,|||,|||,|||,|||,|||,|||
34.96.130.0,34.96.130.0,00000000000000000000000000000000000000000000000000000000000000,|||,|||,|||,|||,|||,|||,|||,|||,|||,|||
37.44.238.168,37.44.238.168,00000000000000000000000000000000000000000000000000000000000000,|||,|||,|||,|||,|||,|||,|||,|||,|||,|||
27.124.5.112,27.124.5.112,00000000000000000000000000000000000000000000000000000000000000,|||,|||,|||,|||,|||,|||,|||,|||,|||,|||
27.128.201.88,27.128.201.88,29d29d00029d29d22c29d29d29d29d4d38a7b5ffb0e5536d09513d9de81205,c02f|0303||ff01-000b-0023,c02f|0303||ff01-000b-0023,|||,c02f|0303||ff01-000b-0023,c02f|0303||ff01-000b-0023,c014|0302||ff01-000b-0023,c02f|0303||ff01-000b-0023,c02f|0303||ff01-000b-0023,c02f|0303||ff01-000b-0023,c02f|0303||ff01-000b-0023
38.123.94.138,38.123.94.138,00000000000000000000000000000000000000000000000000000000000000,|||,|||,|||,|||,|||,|||,|||,|||,|||,|||
8.136.36.206,8.136.36.206,00000000000000000000000000000000000000000000000000000000000000,|||,|||,|||,|||,|||,|||,|||,|||,|||,|||
34.80.70.26,34.80.70.26,00000000000000000000000000000000000000000000000000000000000000,|||,|||,|||,|||,|||,|||,|||,|||,|||,|||
37.187.107.54,37.187.107.54,2ad2ad16d2ad2ad22c2ad2ad2ad2ad681cc8d109d81f5b5398d42aaaeb8ac4,c030|0303||ff01-0000-000b-0023-0017,c030|0303||ff01-0000-000b-0023-0017,009f|0303||ff01-0000-0023-0017,c030|0303||ff01-0000-000b-0023-0017,c030|0303||ff01-0000-000b-0023-0017,c014|0302||ff01-0000-000b-0023-0017,c030|0303||ff01-0000-000b-0023-0017,c030|0303||ff01-0000-000b-0023-0017,c030|0303||ff01-0000-000b-0023-0017,c030|0303||ff01-0000-000b-0023-0017
37.152.163.241,37.152.163.241,00000000000000000000000000000000000000000000000000000000000000,|||,|||,|||,|||,|||,|||,|||,|||,|||,|||
8.142.68.0,8.142.68.0,00000000000000000000000000000000000000000000000000000000000000,|||,|||,|||,|||,|||,|||,|||,|||,|||,|||
37.157.40.4,37.157.40.4,00000000000000000000000000000000000000000000000000000000000000,|||,|||,|||,|||,|||,|||,|||,|||,|||,|||
35.202.52.248,35.202.52.248,26d26d00026d26d00026d26d26d26d04320b71a5a1a86999cfc20df5bd6320,c028|0303|http/1.1|ff01-0001-000b-0023-0010-0017,c028|0303|http/1.1|ff01-0001-000b-0023-0010-0017,|||,c028|0303||ff01-0001-000b-0023-0017,c028|0303||ff01-0001-000b-0023-0017,|||,c028|0303|http/1.1|ff01-0001-000b-0023-0010-0017,c028|0303|http/1.1|ff01-0001-000b-0023-0010-0017,c028|0303|http/1.1|ff01-0001-000b-0023-0010-0017,c028|0303|http/1.1|ff01-0001-000b-0023-0010-0017
37.59.132.191,37.59.132.191,00000000000000000000000000000000000000000000000000000000000000,|||,|||,|||,|||,|||,|||,|||,|||,|||,|||
27.124.5.25,27.124.5.25,00000000000000000000000000000000000000000000000000000000000000,|||,|||,|||,|||,|||,|||,|||,|||,|||,|||
38.68.135.189,38.68.135.189,00000000000000000000000000000000000000000000000000000000000000,|||,|||,|||,|||,|||,|||,|||,|||,|||,|||
36.89.216.98,36.89.216.98,00000000000000000000000000000000000000000000000000000000000000,|||,|||,|||,|||,|||,|||,|||,|||,|||,|||
37.208.136.232,37.208.136.232,00000000000000000000000000000000000000000000000000000000000000,|||,|||,|||,|||,|||,|||,|||,|||,|||,|||
36.67.217.181,36.67.217.181,00000000000000000000000000000000000000000000000000000000000000,|||,|||,|||,|||,|||,|||,|||,|||,|||,|||
36.94.23.220,36.94.23.220,00000000000000000000000000000000000000000000000000000000000000,|||,|||,|||,|||,|||,|||,|||,|||,|||,|||
36.66.115.131,36.66.115.131,00000000000000000000000000000000000000000000000000000000000000,|||,|||,|||,|||,|||,|||,|||,|||,|||,|||
37.142.32.162,37.142.32.162,00000000000000000000000000000000000000000000000000000000000000,|||,|||,|||,|||,|||,|||,|||,|||,|||,|||
37.57.45.155,37.57.45.155,00000000000000000000000000000000000000000000000000000000000000,|||,|||,|||,|||,|||,|||,|||,|||,|||,|||
27.124.5.107,27.124.5.107,00000000000000000000000000000000000000000000000000000000000000,|||,|||,|||,|||,|||,|||,|||,|||,|||,|||
8.143.199.219,8.143.199.219,00000000000000000000000000000000000000000000000000000000000000,|||,|||,|||,|||,|||,|||,|||,|||,|||,|||
37.19.220.195,37.19.220.195,21d14d00021d21d21c21d14d21d21dcade67768786e23ca695466fb7f94658,c013|0303||ff01-000b-0023-0017,009d|0303||ff01-0023-0017,|||,c013|0303||ff01-000b-0023-0017,c013|0303||ff01-000b-0023-0017,c013|0302||ff01-000b-0023-0017,c013|0303||ff01-000b-0023-0017,009d|0303||ff01-0023-0017,c013|0303||ff01-000b-0023-0017,c013|0303||ff01-000b-0023-0017
38.117.87.140,38.117.87.140,00000000000000000000000000000000000000000000000000000000000000,|||,|||,|||,|||,|||,|||,|||,|||,|||,|||
39.102.46.49,39.102.46.49,00000000000000000000000000000000000000000000000000000000000000,|||,|||,|||,|||,|||,|||,|||,|||,|||,|||
37.19.206.57,37.19.206.57,21d14d00021d21d21c21d14d21d21dcade67768786e23ca695466fb7f94658,c013|0303||ff01-000b-0023-0017,009d|0303||ff01-0023-0017,|||,c013|0303||ff01-000b-0023-0017,c013|0303||ff01-000b-0023-0017,c013|0302||ff01-000b-0023-0017,c013|0303||ff01-000b-0023-0017,009d|0303||ff01-0023-0017,c013|0303||ff01-000b-0023-0017,c013|0303||ff01-000b-0023-0017
1.36.36.119,1.36.36.119,00000000000000000000000000000000000000000000000000000000000000,|||,|||,|||,|||,|||,|||,|||,|||,|||,|||
31.14.58.173,31.14.58.173,00000000000000000000000000000000000000000000000000000000000000,|||,|||,|||,|||,|||,|||,|||,|||,|||,|||
36.156.141.210,36.156.141.210,00000000000000000000000000000000000000000000000000000000000000,|||,|||,|||,|||,|||,|||,|||,|||,|||,|||
16.162.8.173,16.162.8.173,00000000000000000000000000000000000000000000000000000000000000,|||,|||,|||,|||,|||,|||,|||,|||,|||,|||
27.75.21.189,27.75.21.189,00000000000000000000000000000000000000000000000000000000000000,|||,|||,|||,|||,|||,|||,|||,|||,|||,|||
39.105.211.143,39.105.211.143,00000000000000000000000000000000000000000000000000000000000000,|||,|||,|||,|||,|||,|||,|||,|||,|||,|||
27.124.5.117,27.124.5.117,00000000000000000000000000000000000000000000000000000000000000,|||,|||,|||,|||,|||,|||,|||,|||,|||,|||
41.226.15.209,41.226.15.209,00000000000000000000000000000000000000000000000000000000000000,|||,|||,|||,|||,|||,|||,|||,|||,|||,|||
37.159.178.254,37.159.178.254,08d08d00008d08d08c08d08d08d08d9674c6b4e623ae36cc2d998e99e2262e,0035|0303||ff01-0023,0035|0303||ff01-0023,|||,0035|0303||ff01-0023,0035|0303||ff01-0023,0035|0302||ff01-0023,0035|0303||ff01-0023,0035|0303||ff01-0023,0035|0303||ff01-0023,0035|0303||ff01-0023
39.103.230.110,39.103.230.110,00000000000000000000000000000000000000000000000000000000000000,|||,|||,|||,|||,|||,|||,|||,|||,|||,|||
27.124.5.45,27.124.5.45,00000000000000000000000000000000000000000000000000000000000000,|||,|||,|||,|||,|||,|||,|||,|||,|||,|||
39.106.17.189,39.106.17.189,00000000000000000000000000000000000000000000000000000000000000,|||,|||,|||,|||,|||,|||,|||,|||,|||,|||
39.106.132.52,39.106.132.52,00000000000000000000000000000000000000000000000000000000000000,|||,|||,|||,|||,|||,|||,|||,|||,|||,|||
39.104.81.110,39.104.81.110,00000000000000000000000000000000000000000000000000000000000000,|||,|||,|||,|||,|||,|||,|||,|||,|||,|||
39.107.249.70,39.107.249.70,00000000000000000000000000000000000000000000000000000000000000,|||,|||,|||,|||,|||,|||,|||,|||,|||,|||
39.106.35.54,39.106.35.54,00000000000000000000000000000000000000000000000000000000000000,|||,|||,|||,|||,|||,|||,|||,|||,|||,|||
39.107.233.188,39.107.233.188,00000000000000000000000000000000000000000000000000000000000000,|||,|||,|||,|||,|||,|||,|||,|||,|||,|||
39.105.167.1,39.105.167.1,00000000000000000000000000000000000000000000000000000000000000,|||,|||,|||,|||,|||,|||,|||,|||,|||,|||
39.103.169.54,39.103.169.54,00000000000000000000000000000000000000000000000000000000000000,|||,|||,|||,|||,|||,|||,|||,|||,|||,|||
39.107.34.42,39.107.34.42,00000000000000000000000000000000000000000000000000000000000000,|||,|||,|||,|||,|||,|||,|||,|||,|||,|||
39.100.93.225,39.100.93.225,00000000000000000000000000000000000000000000000000000000000000,|||,|||,|||,|||,|||,|||,|||,|||,|||,|||
39.107.248.215,39.107.248.215,00000000000000000000000000000000000000000000000000000000000000,|||,|||,|||,|||,|||,|||,|||,|||,|||,|||
39.106.108.135,39.106.108.135,00000000000000000000000000000000000000000000000000000000000000,|||,|||,|||,|||,|||,|||,|||,|||,|||,|||
39.107.114.113,39.107.114.113,00000000000000000000000000000000000000000000000000000000000000,|||,|||,|||,|||,|||,|||,|||,|||,|||,|||
39.105.164.193,39.105.164.193,00000000000000000000000000000000000000000000000000000000000000,|||,|||,|||,|||,|||,|||,|||,|||,|||,|||
39.106.13.196,39.106.13.196,00000000000000000000000000000000000000000000000000000000000000,|||,|||,|||,|||,|||,|||,|||,|||,|||,|||
39.106.56.72,39.106.56.72,00000000000000000000000000000000000000000000000000000000000000,|||,|||,|||,|||,|||,|||,|||,|||,|||,|||
36.99.113.26,36.99.113.26,00000000000000000000000000000000000000000000000000000000000000,|||,|||,|||,|||,|||,|||,|||,|||,|||,|||
39.104.71.146,39.104.71.146,00000000000000000000000000000000000000000000000000000000000000,|||,|||,|||,|||,|||,|||,|||,|||,|||,|||
39.106.95.87,39.106.95.87,00000000000000000000000000000000000000000000000000000000000000,|||,|||,|||,|||,|||,|||,|||,|||,|||,|||
39.97.235.83,39.97.235.83,00000000000000000000000000000000000000000000000000000000000000,|||,|||,|||,|||,|||,|||,|||,|||,|||,|||
39.107.231.146,39.107.231.146,00000000000000000000000000000000000000000000000000000000000000,|||,|||,|||,|||,|||,|||,|||,|||,|||,|||
39.98.177.34,39.98.177.34,00000000000000000000000000000000000000000000000000000000000000,|||,|||,|||,|||,|||,|||,|||,|||,|||,|||
39.108.193.8,39.108.193.8,00000000000000000000000000000000000000000000000000000000000000,|||,|||,|||,|||,|||,|||,|||,|||,|||,|||
39.100.73.242,39.100.73.242,00000000000000000000000000000000000000000000000000000000000000,|||,|||,|||,|||,|||,|||,|||,|||,|||,|||
39.96.188.54,39.96.188.54,00000000000000000000000000000000000000000000000000000000000000,|||,|||,|||,|||,|||,|||,|||,|||,|||,|||
39.108.132.195,39.108.132.195,00000000000000000000000000000000000000000000000000000000000000,|||,|||,|||,|||,|||,|||,|||,|||,|||,|||
39.108.185.54,39.108.185.54,00000000000000000000000000000000000000000000000000000000000000,|||,|||,|||,|||,|||,|||,|||,|||,|||,|||
39.108.87.94,39.108.87.94,00000000000000000000000000000000000000000000000000000000000000,|||,|||,|||,|||,|||,|||,|||,|||,|||,|||
45.143.203.10,45.143.203.10,00000000000000000000000000000000000000000000000000000000000000,|||,|||,|||,|||,|||,|||,|||,|||,|||,|||
41.205.77.46,41.205.77.46,00000000000000000000000000000000000000000000000000000000000000,|||,|||,|||,|||,|||,|||,|||,|||,|||,|||
39.101.206.28,39.101.206.28,00000000000000000000000000000000000000000000000000000000000000,|||,|||,|||,|||,|||,|||,|||,|||,|||,|||
39.108.143.56,39.108.143.56,00000000000000000000000000000000000000000000000000000000000000,|||,|||,|||,|||,|||,|||,|||,|||,|||,|||
45.143.200.66,45.143.200.66,00000000000000000000000000000000000000000000000000000000000000,|||,|||,|||,|||,|||,|||,|||,|||,|||,|||
45.134.144.139,45.134.144.139,00000000000000000000000000000000000000000000000000000000000000,|||,|||,|||,|||,|||,|||,|||,|||,|||,|||
45.134.144.26,45.134.144.26,00000000000000000000000000000000000000000000000000000000000000,|||,|||,|||,|||,|||,|||,|||,|||,|||,|||
39.103.164.70,39.103.164.70,00000000000000000000000000000000000000000000000000000000000000,|||,|||,|||,|||,|||,|||,|||,|||,|||,|||
45.134.144.108,45.134.144.108,00000000000000000000000000000000000000000000000000000000000000,|||,|||,|||,|||,|||,|||,|||,|||,|||,|||
41.222.172.56,41.222.172.56,00000000000000000000000000000000000000000000000000000000000000,|||,|||,|||,|||,|||,|||,|||,|||,|||,|||
45.129.136.189,45.129.136.189,00000000000000000000000000000000000000000000000000000000000000,|||,|||,|||,|||,|||,|||,|||,|||,|||,|||
41.206.34.126,41.206.34.126,00000000000000000000000000000000000000000000000000000000000000,|||,|||,|||,|||,|||,|||,|||,|||,|||,|||
45.134.144.113,45.134.144.113,00000000000000000000000000000000000000000000000000000000000000,|||,|||,|||,|||,|||,|||,|||,|||,|||,|||
45.134.144.128,45.134.144.128,00000000000000000000000000000000000000000000000000000000000000,|||,|||,|||,|||,|||,|||,|||,|||,|||,|||
45.134.144.136,45.134.144.136,00000000000000000000000000000000000000000000000000000000000000,|||,|||,|||,|||,|||,|||,|||,|||,|||,|||
45.143.200.50,45.143.200.50,00000000000000000000000000000000000000000000000000000000000000,|||,|||,|||,|||,|||,|||,|||,|||,|||,|||
39.107.205.22,39.107.205.22,00000000000000000000000000000000000000000000000000000000000000,|||,|||,|||,|||,|||,|||,|||,|||,|||,|||
37.34.226.168,37.34.226.168,00000000000000000000000000000000000000000000000000000000000000,|||,|||,|||,|||,|||,|||,|||,|||,|||,|||
39.105.200.22,39.105.200.22,00000000000000000000000000000000000000000000000000000000000000,|||,|||,|||,|||,|||,|||,|||,|||,|||,|||
41.76.82.123,41.76.82.123,00000000000000000000000000000000000000000000000000000000000000,|||,|||,|||,|||,|||,|||,|||,|||,|||,|||
45.137.23.40,45.137.23.40,00000000000000000000000000000000000000000000000000000000000000,|||,|||,|||,|||,|||,|||,|||,|||,|||,|||
45.134.144.12,45.134.144.12,00000000000000000000000000000000000000000000000000000000000000,|||,|||,|||,|||,|||,|||,|||,|||,|||,|||
45.137.21.208,45.137.21.208,00000000000000000000000000000000000000000000000000000000000000,|||,|||,|||,|||,|||,|||,|||,|||,|||,|||
41.67.142.26,41.67.142.26,00000000000000000000000000000000000000000000000000000000000000,|||,|||,|||,|||,|||,|||,|||,|||,|||,|||
45.129.136.45,45.129.136.45,00000000000000000000000000000000000000000000000000000000000000,|||,|||,|||,|||,|||,|||,|||,|||,|||,|||
41.233.197.144,41.233.197.144,00000000000000000000000000000000000000000000000000000000000000,|||,|||,|||,|||,|||,|||,|||,|||,|||,|||
45.148.10.241,45.148.10.241,00000000000000000000000000000000000000000000000000000000000000,|||,|||,|||,|||,|||,|||,|||,|||,|||,|||
45.134.144.47,45.134.144.47,00000000000000000000000000000000000000000000000000000000000000,|||,|||,|||,|||,|||,|||,|||,|||,|||,|||
8.140.182.127,8.140.182.127,29d29d20d29d29d22c29d29d29d29df51c60823f963b0fe11deab8efc70b4b,c02f|0303|http/1.1|ff01-000b-0023-0010,c02f|0303|http/1.1|ff01-000b-0023-0010,c012|0303|http/1.1|ff01-000b-0023-0010,c02f|0303||ff01-000b-0023,c02f|0303||ff01-000b-0023,c014|0302|http/1.1|ff01-000b-0023-0010,c02f|0303|http/1.1|ff01-000b-0023-0010,c02f|0303|http/1.1|ff01-000b-0023-0010,c02f|0303|http/1.1|ff01-000b-0023-0010,c02f|0303|http/1.1|ff01-000b-0023-0010
39.105.110.103,39.105.110.103,00000000000000000000000000000000000000000000000000000000000000,|||,|||,|||,|||,|||,|||,|||,|||,|||,|||
45.134.225.16,45.134.225.16,00000000000000000000000000000000000000000000000000000000000000,|||,|||,|||,|||,|||,|||,|||,|||,|||,|||
36.89.245.231,36.89.245.231,2ad2ad16d2ad2ad22c2ad2ad2ad2adc7639a2c8ee8049d85e08031e30b69d9,c030|0303|http/1.1|ff01-000b-0023-0010,c030|0303|http/1.1|ff01-000b-0023-0010,009f|0303|http/1.1|ff01-0023-0010,c030|0303|http/1.1|ff01-000b-0023-0010,c030|0303|http/1.1|ff01-000b-0023-0010,c014|0302|http/1.1|ff01-000b-0023-0010,c030|0303|http/1.1|ff01-000b-0023-0010,c030|0303|http/1.1|ff01-000b-0023-0010,c030|0303|http/1.1|ff01-000b-0023-0010,c030|0303|http/1.1|ff01-000b-0023-0010
45.143.203.59,45.143.203.59,00000000000000000000000000000000000000000000000000000000000000,|||,|||,|||,|||,|||,|||,|||,|||,|||,|||
45.134.26.233,45.134.26.233,00000000000000000000000000000000000000000000000000000000000000,|||,|||,|||,|||,|||,|||,|||,|||,|||,|||
45.155.205.42,45.155.205.42,00000000000000000000000000000000000000000000000000000000000000,|||,|||,|||,|||,|||,|||,|||,|||,|||,|||
41.226.60.138,41.226.60.138,08b08b00008b08b08b08b08b08b08be3b0c44298fc1c149afbf4c8996fb924,0035|0301||,0035|0301||,|||,0035|0301||,0035|0301||,0035|0301||,0035|0301||,0035|0301||,0035|0301||,0035|0301||
39.96.84.144,39.96.84.144,00000000000000000000000000000000000000000000000000000000000000,|||,|||,|||,|||,|||,|||,|||,|||,|||,|||
39.106.95.215,39.106.95.215,00000000000000000000000000000000000000000000000000000000000000,|||,|||,|||,|||,|||,|||,|||,|||,|||,|||
45.134.144.127,45.134.144.127,00000000000000000000000000000000000000000000000000000000000000,|||,|||,|||,|||,|||,|||,|||,|||,|||,|||
45.134.144.51,45.134.144.51,00000000000000000000000000000000000000000000000000000000000000,|||,|||,|||,|||,|||,|||,|||,|||,|||,|||
39.106.93.83,39.106.93.83,00000000000000000000000000000000000000000000000000000000000000,|||,|||,|||,|||,|||,|||,|||,|||,|||,|||
39.119.76.13,39.119.76.13,00000000000000000000000000000000000000000000000000000000000000,|||,|||,|||,|||,|||,|||,|||,|||,|||,|||
39.96.25.23,39.96.25.23,00000000000000000000000000000000000000000000000000000000000000,|||,|||,|||,|||,|||,|||,|||,|||,|||,|||
39.98.202.155,39.98.202.155,00000000000000000000000000000000000000000000000000000000000000,|||,|||,|||,|||,|||,|||,|||,|||,|||,|||
39.107.127.16,39.107.127.16,00000000000000000000000000000000000000000000000000000000000000,|||,|||,|||,|||,|||,|||,|||,|||,|||,|||
36.66.204.154,36.66.204.154,29d29d20d29d29d21c29d29d29d29d8e3ddf80bea329fbc8a1568074708330,c02f|0303|h2|0000-ff01-000b-0010,c02f|0303|h2|0000-ff01-000b-0010,c012|0303|h2|0000-ff01-000b-0010,c02f|0303|http/1.0|0000-ff01-000b-0010,c02f|0303|http/1.0|0000-ff01-000b-0010,c013|0302|h2|0000-ff01-000b-0010,c02f|0303|h2|0000-ff01-000b-0010,c02f|0303|h2|0000-ff01-000b-0010,c02f|0303|h2|0000-ff01-000b-0010,c02f|0303|h2|0000-ff01-000b-0010
45.145.66.165,45.145.66.165,00000000000000000000000000000000000000000000000000000000000000,|||,|||,|||,|||,|||,|||,|||,|||,|||,|||
45.155.205.43,45.155.205.43,00000000000000000000000000000000000000000000000000000000000000,|||,|||,|||,|||,|||,|||,|||,|||,|||,|||
39.106.87.135,39.106.87.135,00000000000000000000000000000000000000000000000000000000000000,|||,|||,|||,|||,|||,|||,|||,|||,|||,|||
39.103.155.92,39.103.155.92,00000000000000000000000000000000000000000000000000000000000000,|||,|||,|||,|||,|||,|||,|||,|||,|||,|||
39.107.255.230,39.107.255.230,00000000000000000000000000000000000000000000000000000000000000,|||,|||,|||,|||,|||,|||,|||,|||,|||,|||
39.97.255.158,39.97.255.158,00000000000000000000000000000000000000000000000000000000000000,|||,|||,|||,|||,|||,|||,|||,|||,|||,|||
39.106.67.222,39.106.67.222,00000000000000000000000000000000000000000000000000000000000000,|||,|||,|||,|||,|||,|||,|||,|||,|||,|||
39.105.230.228,39.105.230.228,00000000000000000000000000000000000000000000000000000000000000,|||,|||,|||,|||,|||,|||,|||,|||,|||,|||
39.105.75.147,39.105.75.147,00000000000000000000000000000000000000000000000000000000000000,|||,|||,|||,|||,|||,|||,|||,|||,|||,|||
39.107.235.64,39.107.235.64,00000000000000000000000000000000000000000000000000000000000000,|||,|||,|||,|||,|||,|||,|||,|||,|||,|||
45.134.26.42,45.134.26.42,00000000000000000000000000000000000000000000000000000000000000,|||,|||,|||,|||,|||,|||,|||,|||,|||,|||
39.98.69.243,39.98.69.243,00000000000000000000000000000000000000000000000000000000000000,|||,|||,|||,|||,|||,|||,|||,|||,|||,|||
45.155.204.196,45.155.204.196,00000000000000000000000000000000000000000000000000000000000000,|||,|||,|||,|||,|||,|||,|||,|||,|||,|||
45.146.166.112,45.146.166.112,00000000000000000000000000000000000000000000000000000000000000,|||,|||,|||,|||,|||,|||,|||,|||,|||,|||
39.105.58.85,39.105.58.85,00000000000000000000000000000000000000000000000000000000000000,|||,|||,|||,|||,|||,|||,|||,|||,|||,|||
45.134.26.237,45.134.26.237,00000000000000000000000000000000000000000000000000000000000000,|||,|||,|||,|||,|||,|||,|||,|||,|||,|||
45.143.203.16,45.143.203.16,00000000000000000000000000000000000000000000000000000000000000,|||,|||,|||,|||,|||,|||,|||,|||,|||,|||
45.133.94.7,45.133.94.7,00000000000000000000000000000000000000000000000000000000000000,|||,|||,|||,|||,|||,|||,|||,|||,|||,|||
45.137.23.246,45.137.23.246,00000000000000000000000000000000000000000000000000000000000000,|||,|||,|||,|||,|||,|||,|||,|||,|||,|||
45.129.136.249,45.129.136.249,00000000000000000000000000000000000000000000000000000000000000,|||,|||,|||,|||,|||,|||,|||,|||,|||,|||
45.13.10.255,45.13.10.255,00000000000000000000000000000000000000000000000000000000000000,|||,|||,|||,|||,|||,|||,|||,|||,|||,|||
45.146.166.119,45.146.166.119,00000000000000000000000000000000000000000000000000000000000000,|||,|||,|||,|||,|||,|||,|||,|||,|||,|||
39.108.228.117,39.108.228.117,00000000000000000000000000000000000000000000000000000000000000,|||,|||,|||,|||,|||,|||,|||,|||,|||,|||
35.220.187.23,35.220.187.23,3fd21b20d00000021c43d21b21b43d2f70423af611c314ea6b67982756f7de,cca8|0303|h2|ff01-0010-000b,c013|0301|h2|ff01-0010-000b,c012|0303|h2|ff01-0010-000b,|||,|||,c013|0302|h2|ff01-0010-000b,1303|0303||002b-0033,c013|0301|h2|ff01-0010-000b,c013|0301|h2|ff01-0010-000b,1303|0303||002b-0033
39.103.223.130,39.103.223.130,00000000000000000000000000000000000000000000000000000000000000,|||,|||,|||,|||,|||,|||,|||,|||,|||,|||
45.155.204.218,45.155.204.218,00000000000000000000000000000000000000000000000000000000000000,|||,|||,|||,|||,|||,|||,|||,|||,|||,|||
45.114.123.219,45.114.123.219,00000000000000000000000000000000000000000000000000000000000000,|||,|||,|||,|||,|||,|||,|||,|||,|||,|||
45.146.166.121,45.146.166.121,00000000000000000000000000000000000000000000000000000000000000,|||,|||,|||,|||,|||,|||,|||,|||,|||,|||
45.135.232.88,45.135.232.88,00000000000000000000000000000000000000000000000000000000000000,|||,|||,|||,|||,|||,|||,|||,|||,|||,|||
45.137.21.129,45.137.21.129,00000000000000000000000000000000000000000000000000000000000000,|||,|||,|||,|||,|||,|||,|||,|||,|||,|||
45.129.137.241,45.129.137.241,00000000000000000000000000000000000000000000000000000000000000,|||,|||,|||,|||,|||,|||,|||,|||,|||,|||
45.129.137.245,45.129.137.245,00000000000000000000000000000000000000000000000000000000000000,|||,|||,|||,|||,|||,|||,|||,|||,|||,|||
45.134.26.239,45.134.26.239,00000000000000000000000000000000000000000000000000000000000000,|||,|||,|||,|||,|||,|||,|||,|||,|||,|||
45.155.205.49,45.155.205.49,00000000000000000000000000000000000000000000000000000000000000,|||,|||,|||,|||,|||,|||,|||,|||,|||,|||
45.146.166.113,45.146.166.113,00000000000000000000000000000000000000000000000000000000000000,|||,|||,|||,|||,|||,|||,|||,|||,|||,|||
45.137.23.135,45.137.23.135,00000000000000000000000000000000000000000000000000000000000000,|||,|||,|||,|||,|||,|||,|||,|||,|||,|||
39.107.45.104,39.107.45.104,00000000000000000000000000000000000000000000000000000000000000,|||,|||,|||,|||,|||,|||,|||,|||,|||,|||
45.143.203.3,45.143.203.3,00000000000000000000000000000000000000000000000000000000000000,|||,|||,|||,|||,|||,|||,|||,|||,|||,|||
45.145.66.90,45.145.66.90,00000000000000000000000000000000000000000000000000000000000000,|||,|||,|||,|||,|||,|||,|||,|||,|||,|||
45.145.66.212,45.145.66.212,00000000000000000000000000000000000000000000000000000000000000,|||,|||,|||,|||,|||,|||,|||,|||,|||,|||
45.155.205.150,45.155.205.150,00000000000000000000000000000000000000000000000000000000000000,|||,|||,|||,|||,|||,|||,|||,|||,|||,|||
45.146.166.111,45.146.166.111,00000000000000000000000000000000000000000000000000000000000000,|||,|||,|||,|||,|||,|||,|||,|||,|||,|||
45.145.66.91,45.145.66.91,00000000000000000000000000000000000000000000000000000000000000,|||,|||,|||,|||,|||,|||,|||,|||,|||,|||
45.135.232.96,45.135.232.96,00000000000000000000000000000000000000000000000000000000000000,|||,|||,|||,|||,|||,|||,|||,|||,|||,|||
42.2.12.117,42.2.12.117,00000000000000000000000000000000000000000000000000000000000000,|||,|||,|||,|||,|||,|||,|||,|||,|||,|||
39.106.248.145,39.106.248.145,00000000000000000000000000000000000000000000000000000000000000,|||,|||,|||,|||,|||,|||,|||,|||,|||,|||
45.146.166.115,45.146.166.115,00000000000000000000000000000000000000000000000000000000000000,|||,|||,|||,|||,|||,|||,|||,|||,|||,|||
45.134.26.232,45.134.26.232,00000000000000000000000000000000000000000000000000000000000000,|||,|||,|||,|||,|||,|||,|||,|||,|||,|||
45.146.166.116,45.146.166.116,00000000000000000000000000000000000000000000000000000000000000,|||,|||,|||,|||,|||,|||,|||,|||,|||,|||
45.146.165.19,45.146.165.19,00000000000000000000000000000000000000000000000000000000000000,|||,|||,|||,|||,|||,|||,|||,|||,|||,|||
45.146.166.123,45.146.166.123,00000000000000000000000000000000000000000000000000000000000000,|||,|||,|||,|||,|||,|||,|||,|||,|||,|||
45.134.26.230,45.134.26.230,00000000000000000000000000000000000000000000000000000000000000,|||,|||,|||,|||,|||,|||,|||,|||,|||,|||
45.155.205.40,45.155.205.40,00000000000000000000000000000000000000000000000000000000000000,|||,|||,|||,|||,|||,|||,|||,|||,|||,|||
45.134.26.235,45.134.26.235,00000000000000000000000000000000000000000000000000000000000000,|||,|||,|||,|||,|||,|||,|||,|||,|||,|||
45.146.164.88,45.146.164.88,00000000000000000000000000000000000000000000000000000000000000,|||,|||,|||,|||,|||,|||,|||,|||,|||,|||
39.99.253.190,39.99.253.190,00000000000000000000000000000000000000000000000000000000000000,|||,|||,|||,|||,|||,|||,|||,|||,|||,|||
45.134.26.236,45.134.26.236,00000000000000000000000000000000000000000000000000000000000000,|||,|||,|||,|||,|||,|||,|||,|||,|||,|||
45.135.232.218,45.135.232.218,00000000000000000000000000000000000000000000000000000000000000,|||,|||,|||,|||,|||,|||,|||,|||,|||,|||
45.134.26.238,45.134.26.238,00000000000000000000000000000000000000000000000000000000000000,|||,|||,|||,|||,|||,|||,|||,|||,|||,|||
39.99.155.254,39.99.155.254,00000000000000000000000000000000000000000000000000000000000000,|||,|||,|||,|||,|||,|||,|||,|||,|||,|||
36.155.109.220,36.155.109.220,00000000000000000000000000000000000000000000000000000000000000,|||,|||,|||,|||,|||,|||,|||,|||,|||,|||
36.112.157.240,36.112.157.240,29d29d20d29d29d22c29d29d29d29d8e917db1de9d33002d70770504a55ef7,c02f|0303|http/1.1|0000-ff01-000b-0023-0010,c02f|0303|http/1.1|0000-ff01-000b-0023-0010,c012|0303|http/1.1|0000-ff01-000b-0023-0010,c02f|0303||0000-ff01-000b-0023,c02f|0303||0000-ff01-000b-0023,c014|0302|http/1.1|0000-ff01-000b-0023-0010,c02f|0303|http/1.1|0000-ff01-000b-0023-0010,c02f|0303|http/1.1|0000-ff01-000b-0023-0010,c02f|0303|http/1.1|0000-ff01-000b-0023-0010,c02f|0303|http/1.1|0000-ff01-000b-0023-0010
45.155.205.48,45.155.205.48,00000000000000000000000000000000000000000000000000000000000000,|||,|||,|||,|||,|||,|||,|||,|||,|||,|||
45.146.166.118,45.146.166.118,00000000000000000000000000000000000000000000000000000000000000,|||,|||,|||,|||,|||,|||,|||,|||,|||,|||
45.155.205.39,45.155.205.39,00000000000000000000000000000000000000000000000000000000000000,|||,|||,|||,|||,|||,|||,|||,|||,|||,|||
45.137.21.134,45.137.21.134,00000000000000000000000000000000000000000000000000000000000000,|||,|||,|||,|||,|||,|||,|||,|||,|||,|||
45.155.205.177,45.155.205.177,00000000000000000000000000000000000000000000000000000000000000,|||,|||,|||,|||,|||,|||,|||,|||,|||,|||
45.155.204.199,45.155.204.199,00000000000000000000000000000000000000000000000000000000000000,|||,|||,|||,|||,|||,|||,|||,|||,|||,|||
41.72.99.85,41.72.99.85,00000000000000000000000000000000000000000000000000000000000000,|||,|||,|||,|||,|||,|||,|||,|||,|||,|||
42.192.211.43,42.192.211.43,00000000000000000000000000000000000000000000000000000000000000,|||,|||,|||,|||,|||,|||,|||,|||,|||,|||
39.108.91.147,39.108.91.147,00000000000000000000000000000000000000000000000000000000000000,|||,|||,|||,|||,|||,|||,|||,|||,|||,|||
45.155.204.97,45.155.204.97,00000000000000000000000000000000000000000000000000000000000000,|||,|||,|||,|||,|||,|||,|||,|||,|||,|||
45.134.26.45,45.134.26.45,00000000000000000000000000000000000000000000000000000000000000,|||,|||,|||,|||,|||,|||,|||,|||,|||,|||
39.98.94.202,39.98.94.202,00000000000000000000000000000000000000000000000000000000000000,|||,|||,|||,|||,|||,|||,|||,|||,|||,|||
43.228.37.34,43.228.37.34,00000000000000000000000000000000000000000000000000000000000000,|||,|||,|||,|||,|||,|||,|||,|||,|||,|||
45.146.166.117,45.146.166.117,00000000000000000000000000000000000000000000000000000000000000,|||,|||,|||,|||,|||,|||,|||,|||,|||,|||
45.155.205.45,45.155.205.45,00000000000000000000000000000000000000000000000000000000000000,|||,|||,|||,|||,|||,|||,|||,|||,|||,|||
41.216.76.98,41.216.76.98,00000000000000000000000000000000000000000000000000000000000000,|||,|||,|||,|||,|||,|||,|||,|||,|||,|||
45.155.205.224,45.155.205.224,00000000000000000000000000000000000000000000000000000000000000,|||,|||,|||,|||,|||,|||,|||,|||,|||,|||
45.155.205.46,45.155.205.46,00000000000000000000000000000000000000000000000000000000000000,|||,|||,|||,|||,|||,|||,|||,|||,|||,|||
42.193.149.155,42.193.149.155,00000000000000000000000000000000000000000000000000000000000000,|||,|||,|||,|||,|||,|||,|||,|||,|||,|||
42.192.152.53,42.192.152.53,00000000000000000000000000000000000000000000000000000000000000,|||,|||,|||,|||,|||,|||,|||,|||,|||,|||
45.146.165.165,45.146.165.165,00000000000000000000000000000000000000000000000000000000000000,|||,|||,|||,|||,|||,|||,|||,|||,|||,|||
45.155.205.41,45.155.205.41,00000000000000000000000000000000000000000000000000000000000000,|||,|||,|||,|||,|||,|||,|||,|||,|||,|||
45.155.204.188,45.155.204.188,00000000000000000000000000000000000000000000000000000000000000,|||,|||,|||,|||,|||,|||,|||,|||,|||,|||
42.194.151.18,42.194.151.18,00000000000000000000000000000000000000000000000000000000000000,|||,|||,|||,|||,|||,|||,|||,|||,|||,|||
42.192.0.4,42.192.0.4,00000000000000000000000000000000000000000000000000000000000000,|||,|||,|||,|||,|||,|||,|||,|||,|||,|||
42.240.132.72,42.240.132.72,00000000000000000000000000000000000000000000000000000000000000,|||,|||,|||,|||,|||,|||,|||,|||,|||,|||
42.194.163.110,42.194.163.110,00000000000000000000000000000000000000000000000000000000000000,|||,|||,|||,|||,|||,|||,|||,|||,|||,|||
42.192.53.9,42.192.53.9,00000000000000000000000000000000000000000000000000000000000000,|||,|||,|||,|||,|||,|||,|||,|||,|||,|||
45.146.166.124,45.146.166.124,00000000000000000000000000000000000000000000000000000000000000,|||,|||,|||,|||,|||,|||,|||,|||,|||,|||
39.108.119.83,39.108.119.83,00000000000000000000000000000000000000000000000000000000000000,|||,|||,|||,|||,|||,|||,|||,|||,|||,|||
42.193.214.71,42.193.214.71,00000000000000000000000000000000000000000000000000000000000000,|||,|||,|||,|||,|||,|||,|||,|||,|||,|||
42.192.226.170,42.192.226.170,00000000000000000000000000000000000000000000000000000000000000,|||,|||,|||,|||,|||,|||,|||,|||,|||,|||
39.105.100.240,39.105.100.240,00000000000000000000000000000000000000000000000000000000000000,|||,|||,|||,|||,|||,|||,|||,|||,|||,|||
42.81.206.64,42.81.206.64,00000000000000000000000000000000000000000000000000000000000000,|||,|||,|||,|||,|||,|||,|||,|||,|||,|||
42.192.116.11,42.192.116.11,00000000000000000000000000000000000000000000000000000000000000,|||,|||,|||,|||,|||,|||,|||,|||,|||,|||
42.192.152.101,42.192.152.101,00000000000000000000000000000000000000000000000000000000000000,|||,|||,|||,|||,|||,|||,|||,|||,|||,|||
41.33.240.117,41.33.240.117,04b02b00004b04b04b04b02b04b04be3b0c44298fc1c149afbf4c8996fb924,000a|0301||,0005|0301||,|||,000a|0301||,000a|0301||,000a|0301||,000a|0301||,0005|0301||,000a|0301||,000a|0301||
39.103.174.249,39.103.174.249,00000000000000000000000000000000000000000000000000000000000000,|||,|||,|||,|||,|||,|||,|||,|||,|||,|||
42.194.250.215,42.194.250.215,00000000000000000000000000000000000000000000000000000000000000,|||,|||,|||,|||,|||,|||,|||,|||,|||,|||
42.159.80.147,42.159.80.147,00000000000000000000000000000000000000000000000000000000000000,|||,|||,|||,|||,|||,|||,|||,|||,|||,|||
39.97.107.212,39.97.107.212,00000000000000000000000000000000000000000000000000000000000000,|||,|||,|||,|||,|||,|||,|||,|||,|||,|||
42.194.190.212,42.194.190.212,00000000000000000000000000000000000000000000000000000000000000,|||,|||,|||,|||,|||,|||,|||,|||,|||,|||
39.106.108.14,39.106.108.14,00000000000000000000000000000000000000000000000000000000000000,|||,|||,|||,|||,|||,|||,|||,|||,|||,|||
42.117.34.201,42.117.34.201,00000000000000000000000000000000000000000000000000000000000000,|||,|||,|||,|||,|||,|||,|||,|||,|||,|||
45.143.203.2,45.143.203.2,00000000000000000000000000000000000000000000000000000000000000,|||,|||,|||,|||,|||,|||,|||,|||,|||,|||
42.193.225.172,42.193.225.172,00000000000000000000000000000000000000000000000000000000000000,|||,|||,|||,|||,|||,|||,|||,|||,|||,|||
42.192.145.205,42.192.145.205,00000000000000000000000000000000000000000000000000000000000000,|||,|||,|||,|||,|||,|||,|||,|||,|||,|||
42.193.219.172,42.193.219.172,00000000000000000000000000000000000000000000000000000000000000,|||,|||,|||,|||,|||,|||,|||,|||,|||,|||
39.102.40.240,39.102.40.240,00000000000000000000000000000000000000000000000000000000000000,|||,|||,|||,|||,|||,|||,|||,|||,|||,|||
45.43.62.24,45.43.62.24,00000000000000000000000000000000000000000000000000000000000000,|||,|||,|||,|||,|||,|||,|||,|||,|||,|||
43.225.65.225,43.225.65.225,00000000000000000000000000000000000000000000000000000000000000,|||,|||,|||,|||,|||,|||,|||,|||,|||,|||
46.101.120.104,46.101.120.104,00000000000000000000000000000000000000000000000000000000000000,|||,|||,|||,|||,|||,|||,|||,|||,|||,|||
42.236.68.56,42.236.68.56,00000000000000000000000000000000000000000000000000000000000000,|||,|||,|||,|||,|||,|||,|||,|||,|||,|||
39.104.85.9,39.104.85.9,00000000000000000000000000000000000000000000000000000000000000,|||,|||,|||,|||,|||,|||,|||,|||,|||,|||
42.193.158.21,42.193.158.21,00000000000000000000000000000000000000000000000000000000000000,|||,|||,|||,|||,|||,|||,|||,|||,|||,|||
45.134.26.231,45.134.26.231,00000000000000000000000000000000000000000000000000000000000000,|||,|||,|||,|||,|||,|||,|||,|||,|||,|||
45.134.26.234,45.134.26.234,00000000000000000000000000000000000000000000000000000000000000,|||,|||,|||,|||,|||,|||,|||,|||,|||,|||
42.193.248.197,42.193.248.197,00000000000000000000000000000000000000000000000000000000000000,|||,|||,|||,|||,|||,|||,|||,|||,|||,|||
39.99.80.206,39.99.80.206,00000000000000000000000000000000000000000000000000000000000000,|||,|||,|||,|||,|||,|||,|||,|||,|||,|||
45.134.26.57,45.134.26.57,00000000000000000000000000000000000000000000000000000000000000,|||,|||,|||,|||,|||,|||,|||,|||,|||,|||
41.59.196.232,41.59.196.232,00000000000000000000000000000000000000000000000000000000000000,|||,|||,|||,|||,|||,|||,|||,|||,|||,|||
45.95.147.11,45.95.147.11,00000000000000000000000000000000000000000000000000000000000000,|||,|||,|||,|||,|||,|||,|||,|||,|||,|||
45.113.32.3,45.113.32.3,00000000000000000000000000000000000000000000000000000000000000,|||,|||,|||,|||,|||,|||,|||,|||,|||,|||
45.95.147.38,45.95.147.38,00000000000000000000000000000000000000000000000000000000000000,|||,|||,|||,|||,|||,|||,|||,|||,|||,|||
42.193.18.132,42.193.18.132,00000000000000000000000000000000000000000000000000000000000000,|||,|||,|||,|||,|||,|||,|||,|||,|||,|||
45.135.232.197,45.135.232.197,00000000000000000000000000000000000000000000000000000000000000,|||,|||,|||,|||,|||,|||,|||,|||,|||,|||
45.114.123.117,45.114.123.117,00000000000000000000000000000000000000000000000000000000000000,|||,|||,|||,|||,|||,|||,|||,|||,|||,|||
46.101.5.82,46.101.5.82,00000000000000000000000000000000000000000000000000000000000000,|||,|||,|||,|||,|||,|||,|||,|||,|||,|||
45.9.20.105,45.9.20.105,00000000000000000000000000000000000000000000000000000000000000,|||,|||,|||,|||,|||,|||,|||,|||,|||,|||
43.226.39.98,43.226.39.98,00000000000000000000000000000000000000000000000000000000000000,|||,|||,|||,|||,|||,|||,|||,|||,|||,|||
45.155.205.44,45.155.205.44,00000000000000000000000000000000000000000000000000000000000000,|||,|||,|||,|||,|||,|||,|||,|||,|||,|||
46.101.89.12,46.101.89.12,00000000000000000000000000000000000000000000000000000000000000,|||,|||,|||,|||,|||,|||,|||,|||,|||,|||
46.101.19.196,46.101.19.196,00000000000000000000000000000000000000000000000000000000000000,|||,|||,|||,|||,|||,|||,|||,|||,|||,|||
46.101.210.18,46.101.210.18,00000000000000000000000000000000000000000000000000000000000000,|||,|||,|||,|||,|||,|||,|||,|||,|||,|||
46.101.215.140,46.101.215.140,00000000000000000000000000000000000000000000000000000000000000,|||,|||,|||,|||,|||,|||,|||,|||,|||,|||
45.146.166.91,45.146.166.91,00000000000000000000000000000000000000000000000000000000000000,|||,|||,|||,|||,|||,|||,|||,|||,|||,|||
46.101.226.182,46.101.226.182,00000000000000000000000000000000000000000000000000000000000000,|||,|||,|||,|||,|||,|||,|||,|||,|||,|||
39.100.157.114,39.100.157.114,00000000000000000000000000000000000000000000000000000000000000,|||,|||,|||,|||,|||,|||,|||,|||,|||,|||
39.116.37.103,39.116.37.103,00000000000000000000000000000000000000000000000000000000000000,|||,|||,|||,|||,|||,|||,|||,|||,|||,|||
43.134.175.20,43.134.175.20,00000000000000000000000000000000000000000000000000000000000000,|||,|||,|||,|||,|||,|||,|||,|||,|||,|||
39.106.87.191,39.106.87.191,2ad2ad20d2ad2ad22c2ad2ad2ad2ad8e917db1de9d33002d70770504a55ef7,c030|0303|http/1.1|0000-ff01-000b-0023-0010,c030|0303|http/1.1|0000-ff01-000b-0023-0010,c012|0303|http/1.1|0000-ff01-000b-0023-0010,c030|0303||0000-ff01-000b-0023,c030|0303||0000-ff01-000b-0023,c014|0302|http/1.1|0000-ff01-000b-0023-0010,c030|0303|http/1.1|0000-ff01-000b-0023-0010,c030|0303|http/1.1|0000-ff01-000b-0023-0010,c030|0303|http/1.1|0000-ff01-000b-0023-0010,c030|0303|http/1.1|0000-ff01-000b-0023-0010
46.101.34.174,46.101.34.174,00000000000000000000000000000000000000000000000000000000000000,|||,|||,|||,|||,|||,|||,|||,|||,|||,|||
45.43.62.46,45.43.62.46,00000000000000000000000000000000000000000000000000000000000000,|||,|||,|||,|||,|||,|||,|||,|||,|||,|||
46.101.92.75,46.101.92.75,00000000000000000000000000000000000000000000000000000000000000,|||,|||,|||,|||,|||,|||,|||,|||,|||,|||
46.101.204.139,46.101.204.139,15d3fd16d29d29d00042d43d000000ed1cf37c9a169b41886e27ba8fad60b0,009e|0303|http/1.1|ff01-0001-0010-0017,cca8|0303|http/1.1|ff01-0001-000b-0010-0017,009f|0303|http/1.1|ff01-0001-0010-0017,c02f|0303|http/1.1|ff01-0001-000b-0010-0017,c02f|0303|http/1.1|ff01-0001-000b-0010-0017,|||,1302|0303||002b-0033,1303|0303||002b-0033,|||,|||
46.10.214.56,46.10.214.56,08d08d00008d08d08c08d08d08d08d9674c6b4e623ae36cc2d998e99e2262e,0035|0303||ff01-0023,0035|0303||ff01-0023,|||,0035|0303||ff01-0023,0035|0303||ff01-0023,0035|0302||ff01-0023,0035|0303||ff01-0023,0035|0303||ff01-0023,0035|0303||ff01-0023,0035|0303||ff01-0023
45.146.166.120,45.146.166.120,00000000000000000000000000000000000000000000000000000000000000,|||,|||,|||,|||,|||,|||,|||,|||,|||,|||
46.249.32.238,46.249.32.238,00000000000000000000000000000000000000000000000000000000000000,|||,|||,|||,|||,|||,|||,|||,|||,|||,|||
46.101.55.189,46.101.55.189,00000000000000000000000000000000000000000000000000000000000000,|||,|||,|||,|||,|||,|||,|||,|||,|||,|||
46.101.53.221,46.101.53.221,00000000000000000000000000000000000000000000000000000000000000,|||,|||,|||,|||,|||,|||,|||,|||,|||,|||
46.101.94.153,46.101.94.153,00000000000000000000000000000000000000000000000000000000000000,|||,|||,|||,|||,|||,|||,|||,|||,|||,|||
42.192.251.32,42.192.251.32,00000000000000000000000000000000000000000000000000000000000000,|||,|||,|||,|||,|||,|||,|||,|||,|||,|||
42.192.9.155,42.192.9.155,00000000000000000000000000000000000000000000000000000000000000,|||,|||,|||,|||,|||,|||,|||,|||,|||,|||
42.192.53.97,42.192.53.97,00000000000000000000000000000000000000000000000000000000000000,|||,|||,|||,|||,|||,|||,|||,|||,|||,|||
43.245.85.147,43.245.85.147,00000000000000000000000000000000000000000000000000000000000000,|||,|||,|||,|||,|||,|||,|||,|||,|||,|||
45.33.55.72,45.33.55.72,00000000000000000000000000000000000000000000000000000000000000,|||,|||,|||,|||,|||,|||,|||,|||,|||,|||
46.101.38.160,46.101.38.160,00000000000000000000000000000000000000000000000000000000000000,|||,|||,|||,|||,|||,|||,|||,|||,|||,|||
45.118.132.127,45.118.132.127,00000000000000000000000000000000000000000000000000000000000000,|||,|||,|||,|||,|||,|||,|||,|||,|||,|||
46.101.39.12,46.101.39.12,00000000000000000000000000000000000000000000000000000000000000,|||,|||,|||,|||,|||,|||,|||,|||,|||,|||
45.171.56.130,45.171.56.130,00000000000000000000000000000000000000000000000000000000000000,|||,|||,|||,|||,|||,|||,|||,|||,|||,|||
45.33.91.81,45.33.91.81,00000000000000000000000000000000000000000000000000000000000000,|||,|||,|||,|||,|||,|||,|||,|||,|||,|||
46.101.57.151,46.101.57.151,00000000000000000000000000000000000000000000000000000000000000,|||,|||,|||,|||,|||,|||,|||,|||,|||,|||
45.9.20.32,45.9.20.32,00000000000000000000000000000000000000000000000000000000000000,|||,|||,|||,|||,|||,|||,|||,|||,|||,|||
45.118.144.106,45.118.144.106,00000000000000000000000000000000000000000000000000000000000000,|||,|||,|||,|||,|||,|||,|||,|||,|||,|||
41.78.118.2,41.78.118.2,28d28d28d2ad28d09c28d28d28d28d0f28c2723780650add44f1856376329f,c02c|0303||0000-ff01-000b,c02c|0303||0000-ff01-000b,c02c|0303||0000-ff01-000b,c030|0303||0000-ff01-000b,c02c|0303||0000-ff01-000b,0039|0302||0000-ff01,c02c|0303||0000-ff01-000b,c02c|0303||0000-ff01-000b,c02c|0303||0000-ff01-000b,c02c|0303||0000-ff01-000b
45.190.158.157,45.190.158.157,00000000000000000000000000000000000000000000000000000000000000,|||,|||,|||,|||,|||,|||,|||,|||,|||,|||
45.146.15.12,45.146.15.12,00000000000000000000000000000000000000000000000000000000000000,|||,|||,|||,|||,|||,|||,|||,|||,|||,|||
42.193.109.137,42.193.109.137,00000000000000000000000000000000000000000000000000000000000000,|||,|||,|||,|||,|||,|||,|||,|||,|||,|||
39.103.150.38,39.103.150.38,00000000000000000000000000000000000000000000000000000000000000,|||,|||,|||,|||,|||,|||,|||,|||,|||,|||
45.190.158.129,45.190.158.129,00000000000000000000000000000000000000000000000000000000000000,|||,|||,|||,|||,|||,|||,|||,|||,|||,|||
45.56.102.165,45.56.102.165,00000000000000000000000000000000000000000000000000000000000000,|||,|||,|||,|||,|||,|||,|||,|||,|||,|||
45.190.158.165,45.190.158.165,00000000000000000000000000000000000000000000000000000000000000,|||,|||,|||,|||,|||,|||,|||,|||,|||,|||
42.194.139.182,42.194.139.182,00000000000000000000000000000000000000000000000000000000000000,|||,|||,|||,|||,|||,|||,|||,|||,|||,|||
45.190.158.139,45.190.158.139,00000000000000000000000000000000000000000000000000000000000000,|||,|||,|||,|||,|||,|||,|||,|||,|||,|||
45.190.158.151,45.190.158.151,00000000000000000000000000000000000000000000000000000000000000,|||,|||,|||,|||,|||,|||,|||,|||,|||,|||
45.190.158.172,45.190.158.172,00000000000000000000000000000000000000000000000000000000000000,|||,|||,|||,|||,|||,|||,|||,|||,|||,|||
46.101.218.240,46.101.218.240,29d29d00029d29d22c29d29d29d29dce7a321e4956e8298ba917e9f2c22849,c02f|0303|http/1.1|ff01-0001-000b-0023-0010-0017,c02f|0303|http/1.1|ff01-0001-000b-0023-0010-0017,|||,c02f|0303||ff01-0001-000b-0023-0017,c02f|0303||ff01-0001-000b-0023-0017,c014|0302|http/1.1|ff01-0001-000b-0023-0010-0017,c02f|0303|http/1.1|ff01-0001-000b-0023-0010-0017,c02f|0303|http/1.1|ff01-0001-000b-0023-0010-0017,c02f|0303|http/1.1|ff01-0001-000b-0023-0010-0017,c02f|0303|http/1.1|ff01-0001-000b-0023-0010-0017
45.190.158.162,45.190.158.162,00000000000000000000000000000000000000000000000000000000000000,|||,|||,|||,|||,|||,|||,|||,|||,|||,|||
39.108.166.28,39.108.166.28,29d29d20d29d29d22c29d29d29d29df51c60823f963b0fe11deab8efc70b4b,c02f|0303|http/1.1|ff01-000b-0023-0010,c02f|0303|http/1.1|ff01-000b-0023-0010,c012|0303|http/1.1|ff01-000b-0023-0010,c02f|0303||ff01-000b-0023,c02f|0303||ff01-000b-0023,c014|0302|http/1.1|ff01-000b-0023-0010,c02f|0303|http/1.1|ff01-000b-0023-0010,c02f|0303|http/1.1|ff01-000b-0023-0010,c02f|0303|http/1.1|ff01-000b-0023-0010,c02f|0303|http/1.1|ff01-000b-0023-0010
45.151.180.159,45.151.180.159,00000000000000000000000000000000000000000000000000000000000000,|||,|||,|||,|||,|||,|||,|||,|||,|||,|||
45.87.212.180,45.87.212.180,21d14d00021d21d21c21d14d21d21dcade67768786e23ca695466fb7f94658,c013|0303||ff01-000b-0023-0017,009d|0303||ff01-0023-0017,|||,c013|0303||ff01-000b-0023-0017,c013|0303||ff01-000b-0023-0017,c013|0302||ff01-000b-0023-0017,c013|0303||ff01-000b-0023-0017,009d|0303||ff01-0023-0017,c013|0303||ff01-000b-0023-0017,c013|0303||ff01-000b-0023-0017
46.101.156.174,46.101.156.174,16d16d16d2ad16d00016d16d16d16dcbfa3dc4cbab0b48c0129972c7b68de4,009f|0303|h2|ff01-0001-0023-0010-0017,009f|0303|h2|ff01-0001-0023-0010-0017,009f|0303|h2|ff01-0001-0023-0010-0017,c030|0303||ff01-0001-000b-0023-0017,009f|0303||ff01-0001-0023-0017,|||,009f|0303|h2|ff01-0001-0023-0010-0017,009f|0303|h2|ff01-0001-0023-0010-0017,009f|0303|h2|ff01-0001-0023-0010-0017,009f|0303|h2|ff01-0001-0023-0010-0017
45.190.158.146,45.190.158.146,00000000000000000000000000000000000000000000000000000000000000,|||,|||,|||,|||,|||,|||,|||,|||,|||,|||
45.56.102.36,45.56.102.36,00000000000000000000000000000000000000000000000000000000000000,|||,|||,|||,|||,|||,|||,|||,|||,|||,|||
45.56.102.212,45.56.102.212,00000000000000000000000000000000000000000000000000000000000000,|||,|||,|||,|||,|||,|||,|||,|||,|||,|||
45.83.29.82,45.83.29.82,00000000000000000000000000000000000000000000000000000000000000,|||,|||,|||,|||,|||,|||,|||,|||,|||,|||
39.99.141.254,39.99.141.254,00000000000000000000000000000000000000000000000000000000000000,|||,|||,|||,|||,|||,|||,|||,|||,|||,|||
46.101.149.30,46.101.149.30,3fd3fd15d3fd3fd21c42d42d0000006f254909a73bf62f6b28507e9fb451b5,cca8|0303|http/1.1|ff01-0001-000b-0023-0010-0017,cca8|0303|http/1.1|ff01-0001-000b-0023-0010-0017,009e|0303|http/1.1|ff01-0001-0023-0010-0017,cca8|0303|http/1.1|ff01-0001-000b-0023-0010-0017,cca8|0303|http/1.1|ff01-0001-000b-0023-0010-0017,c013|0302|http/1.1|ff01-0001-000b-0023-0010-0017,1302|0303||002b-0033,1302|0303||002b-0033,|||,|||
45.190.158.221,45.190.158.221,00000000000000000000000000000000000000000000000000000000000000,|||,|||,|||,|||,|||,|||,|||,|||,|||,|||
45.190.158.199,45.190.158.199,00000000000000000000000000000000000000000000000000000000000000,|||,|||,|||,|||,|||,|||,|||,|||,|||,|||
45.33.91.92,45.33.91.92,00000000000000000000000000000000000000000000000000000000000000,|||,|||,|||,|||,|||,|||,|||,|||,|||,|||
46.174.191.28,46.174.191.28,00000000000000000000000000000000000000000000000000000000000000,|||,|||,|||,|||,|||,|||,|||,|||,|||,|||
45.55.219.226,45.55.219.226,00000000000000000000000000000000000000000000000000000000000000,|||,|||,|||,|||,|||,|||,|||,|||,|||,|||
39.103.128.140,39.103.128.140,00000000000000000000000000000000000000000000000000000000000000,|||,|||,|||,|||,|||,|||,|||,|||,|||,|||
46.101.135.232,46.101.135.232,00000000000000000000000000000000000000000000000000000000000000,|||,|||,|||,|||,|||,|||,|||,|||,|||,|||
41.160.52.154,41.160.52.154,2ad2ad16d2ad2ad0002ad2ad2ad2ad487dfc3734968073f786f66dcf4de1b2,c030|0303||ff01-000b-0023,c030|0303||ff01-000b-0023,009f|0303||ff01-0023,c030|0303||ff01-000b-0023,c030|0303||ff01-000b-0023,|||,c030|0303||ff01-000b-0023,c030|0303||ff01-000b-0023,c030|0303||ff01-000b-0023,c030|0303||ff01-000b-0023
46.101.35.105,46.101.35.105,15d3fd16d29d29d00042d43d0000009ec686233a4398bea334ba5e62e34a01,009e|0303|http/1.1|ff01-0001-0023-0010-0017,cca8|0303|http/1.1|ff01-0001-000b-0023-0010-0017,009f|0303|http/1.1|ff01-0001-0023-0010-0017,c02f|0303|http/1.1|ff01-0001-000b-0023-0010-0017,c02f|0303|http/1.1|ff01-0001-000b-0023-0010-0017,|||,1302|0303||002b-0033,1303|0303||002b-0033,|||,|||
41.63.167.40,41.63.167.40,02b02b00002b02b02b02b02b02b02be3b0c44298fc1c149afbf4c8996fb924,0005|0301||,0005|0301||,|||,0005|0301||,0005|0301||,0005|0301||,0005|0301||,0005|0301||,0005|0301||,0005|0301||
46.249.32.56,46.249.32.56,00000000000000000000000000000000000000000000000000000000000000,|||,|||,|||,|||,|||,|||,|||,|||,|||,|||
45.87.212.184,45.87.212.184,21d14d00021d21d21c21d14d21d21dcade67768786e23ca695466fb7f94658,c013|0303||ff01-000b-0023-0017,009d|0303||ff01-0023-0017,|||,c013|0303||ff01-000b-0023-0017,c013|0303||ff01-000b-0023-0017,c013|0302||ff01-000b-0023-0017,c013|0303||ff01-000b-0023-0017,009d|0303||ff01-0023-0017,c013|0303||ff01-000b-0023-0017,c013|0303||ff01-000b-0023-0017
46.101.78.120,46.101.78.120,00000000000000000000000000000000000000000000000000000000000000,|||,|||,|||,|||,|||,|||,|||,|||,|||,|||
45.190.158.133,45.190.158.133,00000000000000000000000000000000000000000000000000000000000000,|||,|||,|||,|||,|||,|||,|||,|||,|||,|||
46.101.133.39,46.101.133.39,15d3fd16d29d29d00042d43d0000009ec686233a4398bea334ba5e62e34a01,009e|0303|http/1.1|ff01-0001-0023-0010-0017,cca8|0303|http/1.1|ff01-0001-000b-0023-0010-0017,009f|0303|http/1.1|ff01-0001-0023-0010-0017,c02f|0303|http/1.1|ff01-0001-000b-0023-0010-0017,c02f|0303|http/1.1|ff01-0001-000b-0023-0010-0017,|||,1302|0303||002b-0033,1303|0303||002b-0033,|||,|||
46.39.242.154,46.39.242.154,00000000000000000000000000000000000000000000000000000000000000,|||,|||,|||,|||,|||,|||,|||,|||,|||,|||
45.181.48.2,45.181.48.2,00000000000000000000000000000000000000000000000000000000000000,|||,|||,|||,|||,|||,|||,|||,|||,|||,|||
46.199.196.34,46.199.196.34,00000000000000000000000000000000000000000000000000000000000000,|||,|||,|||,|||,|||,|||,|||,|||,|||,|||
46.101.165.77,46.101.165.77,15d3fd16d21d21d00042d43d000000fe02290512647416dcf0a400ccbc0b6b,009e|0303|http/1.1|ff01-0000-0001-0010-0017,cca8|0303|http/1.1|ff01-0000-0001-000b-0010-0017,009f|0303|http/1.1|ff01-0000-0001-0010-0017,c013|0303||ff01-0000-0001-000b-0017,c013|0303||ff01-0000-0001-000b-0017,|||,1302|0303||002b-0033,1303|0303||002b-0033,|||,|||
43.254.53.232,43.254.53.232,00000000000000000000000000000000000000000000000000000000000000,|||,|||,|||,|||,|||,|||,|||,|||,|||,|||
45.55.56.59,45.55.56.59,00000000000000000000000000000000000000000000000000000000000000,|||,|||,|||,|||,|||,|||,|||,|||,|||,|||
46.148.20.13,46.148.20.13,00000000000000000000000000000000000000000000000000000000000000,|||,|||,|||,|||,|||,|||,|||,|||,|||,|||
45.74.150.167,45.74.150.167,00000000000000000000000000000000000000000000000000000000000000,|||,|||,|||,|||,|||,|||,|||,|||,|||,|||
46.249.33.115,46.249.33.115,00000000000000000000000000000000000000000000000000000000000000,|||,|||,|||,|||,|||,|||,|||,|||,|||,|||
43.239.201.68,43.239.201.68,00000000000000000000000000000000000000000000000000000000000000,|||,|||,|||,|||,|||,|||,|||,|||,|||,|||
45.33.96.51,45.33.96.51,00000000000000000000000000000000000000000000000000000000000000,|||,|||,|||,|||,|||,|||,|||,|||,|||,|||
45.161.176.1,45.161.176.1,00000000000000000000000000000000000000000000000000000000000000,|||,|||,|||,|||,|||,|||,|||,|||,|||,|||
46.148.21.60,46.148.21.60,00000000000000000000000000000000000000000000000000000000000000,|||,|||,|||,|||,|||,|||,|||,|||,|||,|||
46.249.32.153,46.249.32.153,00000000000000000000000000000000000000000000000000000000000000,|||,|||,|||,|||,|||,|||,|||,|||,|||,|||
36.39.250.186,36.39.250.186,00000000000000000000000000000000000000000000000000000000000000,|||,|||,|||,|||,|||,|||,|||,|||,|||,|||
46.101.55.245,46.101.55.245,3fd21b20d3fd3fd21c3fd21b21b3fd09a00b24483586e69e1b2e49cc2ece92,cca8|0303||0023-ff01-000b,c013|0301||0023-ff01-000b,c012|0303||0023-ff01-000b,cca8|0303||0023-ff01-000b,cca8|0303||0023-ff01-000b,c013|0302||0023-ff01-000b,cca8|0303||0023-ff01-000b,c013|0301||0023-ff01-000b,c013|0301||0023-ff01-000b,cca8|0303||0023-ff01-000b
45.33.55.238,45.33.55.238,00000000000000000000000000000000000000000000000000000000000000,|||,|||,|||,|||,|||,|||,|||,|||,|||,|||
45.148.10.68,45.148.10.68,00000000000000000000000000000000000000000000000000000000000000,|||,|||,|||,|||,|||,|||,|||,|||,|||,|||
46.214.132.56,46.214.132.56,00000000000000000000000000000000000000000000000000000000000000,|||,|||,|||,|||,|||,|||,|||,|||,|||,|||
43.242.73.47,43.242.73.47,00000000000000000000000000000000000000000000000000000000000000,|||,|||,|||,|||,|||,|||,|||,|||,|||,|||
45.92.9.58,45.92.9.58,00000000000000000000000000000000000000000000000000000000000000,|||,|||,|||,|||,|||,|||,|||,|||,|||,|||
42.193.23.149,42.193.23.149,00000000000000000000000000000000000000000000000000000000000000,|||,|||,|||,|||,|||,|||,|||,|||,|||,|||
45.190.158.198,45.190.158.198,00000000000000000000000000000000000000000000000000000000000000,|||,|||,|||,|||,|||,|||,|||,|||,|||,|||
45.190.158.175,45.190.158.175,00000000000000000000000000000000000000000000000000000000000000,|||,|||,|||,|||,|||,|||,|||,|||,|||,|||
45.190.158.183,45.190.158.183,00000000000000000000000000000000000000000000000000000000000000,|||,|||,|||,|||,|||,|||,|||,|||,|||,|||
45.190.158.158,45.190.158.158,00000000000000000000000000000000000000000000000000000000000000,|||,|||,|||,|||,|||,|||,|||,|||,|||,|||
45.190.158.212,45.190.158.212,00000000000000000000000000000000000000000000000000000000000000,|||,|||,|||,|||,|||,|||,|||,|||,|||,|||
45.190.158.244,45.190.158.244,00000000000000000000000000000000000000000000000000000000000000,|||,|||,|||,|||,|||,|||,|||,|||,|||,|||
45.190.158.164,45.190.158.164,00000000000000000000000000000000000000000000000000000000000000,|||,|||,|||,|||,|||,|||,|||,|||,|||,|||
45.190.158.204,45.190.158.204,00000000000000000000000000000000000000000000000000000000000000,|||,|||,|||,|||,|||,|||,|||,|||,|||,|||
45.190.158.188,45.190.158.188,00000000000000000000000000000000000000000000000000000000000000,|||,|||,|||,|||,|||,|||,|||,|||,|||,|||
45.35.35.166,45.35.35.166,00000000000000000000000000000000000000000000000000000000000000,|||,|||,|||,|||,|||,|||,|||,|||,|||,|||
45.33.96.205,45.33.96.205,00000000000000000000000000000000000000000000000000000000000000,|||,|||,|||,|||,|||,|||,|||,|||,|||,|||
45.61.187.57,45.61.187.57,00000000000000000000000000000000000000000000000000000000000000,|||,|||,|||,|||,|||,|||,|||,|||,|||,|||
45.190.158.154,45.190.158.154,00000000000000000000000000000000000000000000000000000000000000,|||,|||,|||,|||,|||,|||,|||,|||,|||,|||
45.190.158.238,45.190.158.238,00000000000000000000000000000000000000000000000000000000000000,|||,|||,|||,|||,|||,|||,|||,|||,|||,|||
45.190.158.200,45.190.158.200,00000000000000000000000000000000000000000000000000000000000000,|||,|||,|||,|||,|||,|||,|||,|||,|||,|||
45.190.158.206,45.190.158.206,00000000000000000000000000000000000000000000000000000000000000,|||,|||,|||,|||,|||,|||,|||,|||,|||,|||
45.61.188.55,45.61.188.55,00000000000000000000000000000000000000000000000000000000000000,|||,|||,|||,|||,|||,|||,|||,|||,|||,|||
45.79.168.18,45.79.168.18,00000000000000000000000000000000000000000000000000000000000000,|||,|||,|||,|||,|||,|||,|||,|||,|||,|||
45.225.94.174,45.225.94.174,00000000000000000000000000000000000000000000000000000000000000,|||,|||,|||,|||,|||,|||,|||,|||,|||,|||
46.174.191.32,46.174.191.32,00000000000000000000000000000000000000000000000000000000000000,|||,|||,|||,|||,|||,|||,|||,|||,|||,|||
45.33.117.144,45.33.117.144,00000000000000000000000000000000000000000000000000000000000000,|||,|||,|||,|||,|||,|||,|||,|||,|||,|||
45.180.129.15,45.180.129.15,00000000000000000000000000000000000000000000000000000000000000,|||,|||,|||,|||,|||,|||,|||,|||,|||,|||
46.101.168.56,46.101.168.56,15d3fd16d29d29d00042d43d00000053048c0cf21f940aa8a7c90581768da6,009e|0303|http/1.1|ff01-0001-0010-0017,cca8|0303|http/1.1|ff01-0001-000b-0010-0017,009f|0303|http/1.1|ff01-0001-0010-0017,c02f|0303||ff01-0001-000b-0017,c02f|0303||ff01-0001-000b-0017,|||,1302|0303||002b-0033,1303|0303||002b-0033,|||,|||
39.106.96.115,39.106.96.115,29d29d20d29d29d21c29d29d29d29d58d85fb2e6ce46c97d342b3bf6064ac7,c02f|0303|h2|ff01-000b-0023-0010,c02f|0303|h2|ff01-000b-0023-0010,c012|0303|h2|ff01-000b-0023-0010,c02f|0303||ff01-000b-0023,c02f|0303||ff01-000b-0023,c013|0302|h2|ff01-000b-0023-0010,c02f|0303|h2|ff01-000b-0023-0010,c02f|0303|h2|ff01-000b-0023-0010,c02f|0303|h2|ff01-000b-0023-0010,c02f|0303|h2|ff01-000b-0023-0010
45.190.158.128,45.190.158.128,00000000000000000000000000000000000000000000000000000000000000,|||,|||,|||,|||,|||,|||,|||,|||,|||,|||
45.226.228.216,45.226.228.216,00000000000000000000000000000000000000000000000000000000000000,|||,|||,|||,|||,|||,|||,|||,|||,|||,|||
45.79.204.46,45.79.204.46,00000000000000000000000000000000000000000000000000000000000000,|||,|||,|||,|||,|||,|||,|||,|||,|||,|||
46.165.54.2,46.165.54.2,00000000000000000000000000000000000000000000000000000000000000,|||,|||,|||,|||,|||,|||,|||,|||,|||,|||
42.98.8.9,42.98.8.9,00000000000000000000000000000000000000000000000000000000000000,|||,|||,|||,|||,|||,|||,|||,|||,|||,|||
46.172.110.42,46.172.110.42,00000000000000000000000000000000000000000000000000000000000000,|||,|||,|||,|||,|||,|||,|||,|||,|||,|||
45.134.140.3,45.134.140.3,21d14d00021d21d21c21d14d21d21dcade67768786e23ca695466fb7f94658,c013|0303||ff01-000b-0023-0017,009d|0303||ff01-0023-0017,|||,c013|0303||ff01-000b-0023-0017,c013|0303||ff01-000b-0023-0017,c013|0302||ff01-000b-0023-0017,c013|0303||ff01-000b-0023-0017,009d|0303||ff01-0023-0017,c013|0303||ff01-000b-0023-0017,c013|0303||ff01-000b-0023-0017
45.187.112.194,45.187.112.194,00000000000000000000000000000000000000000000000000000000000000,|||,|||,|||,|||,|||,|||,|||,|||,|||,|||
45.79.114.201,45.79.114.201,00000000000000000000000000000000000000000000000000000000000000,|||,|||,|||,|||,|||,|||,|||,|||,|||,|||
45.79.104.234,45.79.104.234,00000000000000000000000000000000000000000000000000000000000000,|||,|||,|||,|||,|||,|||,|||,|||,|||,|||
45.79.104.226,45.79.104.226,00000000000000000000000000000000000000000000000000000000000000,|||,|||,|||,|||,|||,|||,|||,|||,|||,|||
46.219.20.105,46.219.20.105,04b02b00004b04b04b04b02b04b04bf75d31ed09f72642b3ff007ac204e7c1,000a|0301||0023,0005|0301||0023,|||,000a|0301||0023,000a|0301||0023,000a|0301||0023,000a|0301||0023,0005|0301||0023,000a|0301||0023,000a|0301||0023
43.226.152.143,43.226.152.143,00000000000000000000000000000000000000000000000000000000000000,|||,|||,|||,|||,|||,|||,|||,|||,|||,|||
45.61.185.143,45.61.185.143,00000000000000000000000000000000000000000000000000000000000000,|||,|||,|||,|||,|||,|||,|||,|||,|||,|||
45.61.186.140,45.61.186.140,00000000000000000000000000000000000000000000000000000000000000,|||,|||,|||,|||,|||,|||,|||,|||,|||,|||
45.190.158.202,45.190.158.202,00000000000000000000000000000000000000000000000000000000000000,|||,|||,|||,|||,|||,|||,|||,|||,|||,|||
45.190.158.181,45.190.158.181,00000000000000000000000000000000000000000000000000000000000000,|||,|||,|||,|||,|||,|||,|||,|||,|||,|||
45.190.158.254,45.190.158.254,00000000000000000000000000000000000000000000000000000000000000,|||,|||,|||,|||,|||,|||,|||,|||,|||,|||
45.190.158.250,45.190.158.250,00000000000000000000000000000000000000000000000000000000000000,|||,|||,|||,|||,|||,|||,|||,|||,|||,|||
45.190.158.245,45.190.158.245,00000000000000000000000000000000000000000000000000000000000000,|||,|||,|||,|||,|||,|||,|||,|||,|||,|||
46.39.29.133,46.39.29.133,00000000000000000000000000000000000000000000000000000000000000,|||,|||,|||,|||,|||,|||,|||,|||,|||,|||
45.61.184.81,45.61.184.81,00000000000000000000000000000000000000000000000000000000000000,|||,|||,|||,|||,|||,|||,|||,|||,|||,|||
45.61.184.191,45.61.184.191,00000000000000000000000000000000000000000000000000000000000000,|||,|||,|||,|||,|||,|||,|||,|||,|||,|||
45.61.185.136,45.61.185.136,00000000000000000000000000000000000000000000000000000000000000,|||,|||,|||,|||,|||,|||,|||,|||,|||,|||
46.23.114.150,46.23.114.150,00000000000000000000000000000000000000000000000000000000000000,|||,|||,|||,|||,|||,|||,|||,|||,|||,|||
45.79.111.31,45.79.111.31,00000000000000000000000000000000000000000000000000000000000000,|||,|||,|||,|||,|||,|||,|||,|||,|||,|||
45.79.19.147,45.79.19.147,00000000000000000000000000000000000000000000000000000000000000,|||,|||,|||,|||,|||,|||,|||,|||,|||,|||
45.79.125.103,45.79.125.103,00000000000000000000000000000000000000000000000000000000000000,|||,|||,|||,|||,|||,|||,|||,|||,|||,|||
45.61.188.212,45.61.188.212,00000000000000000000000000000000000000000000000000000000000000,|||,|||,|||,|||,|||,|||,|||,|||,|||,|||
45.65.232.245,45.65.232.245,00000000000000000000000000000000000000000000000000000000000000,|||,|||,|||,|||,|||,|||,|||,|||,|||,|||
39.98.118.164,39.98.118.164,3fd3fd0003fd3fd21c3fd3fd3fd3fdcb923bdf24d76ffa93e37532e1a9239b,cca8|0303|h2|ff01-0000-0001-000b-0023-0010-0017,cca8|0303|h2|ff01-0000-0001-000b-0023-0010-0017,|||,cca8|0303||ff01-0000-0001-000b-0023-0017,cca8|0303||ff01-0000-0001-000b-0023-0017,c013|0302|h2|ff01-0000-0001-000b-0023-0010-0017,cca8|0303|h2|ff01-0000-0001-000b-0023-0010-0017,cca8|0303|h2|ff01-0000-0001-000b-0023-0010-0017,cca8|0303|h2|ff01-0000-0001-000b-0023-0010-0017,cca8|0303|h2|ff01-0000-0001-000b-0023-0010-0017
46.101.231.66,46.101.231.66,07d19d1ad21d21d07c42d43d0000009424803a662b126a748cf4f90707a33c,0033|0303|http/1.1|ff01-0001-0023-0010-0017,00c0|0303|http/1.1|ff01-0001-0023-0010-0017,00c4|0303|http/1.1|ff01-0001-0023-0010-0017,c013|0303|http/1.1|ff01-0001-000b-0023-0010-0017,c013|0303|http/1.1|ff01-0001-000b-0023-0010-0017,0033|0302|http/1.1|ff01-0001-0023-0010-0017,1302|0303||002b-0033,1303|0303||002b-0033,|||,|||
1.116.68.197,1.116.68.197,00000000000000000000000000000000000000000000000000000000000000,|||,|||,|||,|||,|||,|||,|||,|||,|||,|||
45.190.158.168,45.190.158.168,00000000000000000000000000000000000000000000000000000000000000,|||,|||,|||,|||,|||,|||,|||,|||,|||,|||
45.190.158.185,45.190.158.185,00000000000000000000000000000000000000000000000000000000000000,|||,|||,|||,|||,|||,|||,|||,|||,|||,|||
46.17.96.40,46.17.96.40,00000000000000000000000000000000000000000000000000000000000000,|||,|||,|||,|||,|||,|||,|||,|||,|||,|||
45.65.232.238,45.65.232.238,00000000000000000000000000000000000000000000000000000000000000,|||,|||,|||,|||,|||,|||,|||,|||,|||,|||
41.222.200.98,41.222.200.98,26d26d16d26d26d22c26d26d26d26dd7fc4c7c6ef19b77a4ca0787979cdc13,c028|0303||ff01,c028|0303||ff01,009f|0303||ff01,c028|0303||ff01,c028|0303||ff01,c014|0302||ff01,c028|0303||ff01,c028|0303||ff01,c028|0303||ff01,c028|0303||ff01
45.190.158.147,45.190.158.147,00000000000000000000000000000000000000000000000000000000000000,|||,|||,|||,|||,|||,|||,|||,|||,|||,|||
46.32.250.31,46.32.250.31,00000000000000000000000000000000000000000000000000000000000000,|||,|||,|||,|||,|||,|||,|||,|||,|||,|||
45.190.158.196,45.190.158.196,00000000000000000000000000000000000000000000000000000000000000,|||,|||,|||,|||,|||,|||,|||,|||,|||,|||
45.190.158.227,45.190.158.227,00000000000000000000000000000000000000000000000000000000000000,|||,|||,|||,|||,|||,|||,|||,|||,|||,|||
46.43.201.166,46.43.201.166,00000000000000000000000000000000000000000000000000000000000000,|||,|||,|||,|||,|||,|||,|||,|||,|||,|||
45.190.158.224,45.190.158.224,00000000000000000000000000000000000000000000000000000000000000,|||,|||,|||,|||,|||,|||,|||,|||,|||,|||
45.79.125.78,45.79.125.78,00000000000000000000000000000000000000000000000000000000000000,|||,|||,|||,|||,|||,|||,|||,|||,|||,|||
45.79.104.144,45.79.104.144,00000000000000000000000000000000000000000000000000000000000000,|||,|||,|||,|||,|||,|||,|||,|||,|||,|||
45.190.158.215,45.190.158.215,00000000000000000000000000000000000000000000000000000000000000,|||,|||,|||,|||,|||,|||,|||,|||,|||,|||
45.190.158.130,45.190.158.130,00000000000000000000000000000000000000000000000000000000000000,|||,|||,|||,|||,|||,|||,|||,|||,|||,|||
46.38.48.224,46.38.48.224,00000000000000000000000000000000000000000000000000000000000000,|||,|||,|||,|||,|||,|||,|||,|||,|||,|||
39.98.87.55,39.98.87.55,00000000000000000000000000000000000000000000000000000000000000,|||,|||,|||,|||,|||,|||,|||,|||,|||,|||
45.43.19.85,45.43.19.85,21d14d00021d21d21c21d14d21d21dcade67768786e23ca695466fb7f94658,c013|0303||ff01-000b-0023-0017,009d|0303||ff01-0023-0017,|||,c013|0303||ff01-000b-0023-0017,c013|0303||ff01-000b-0023-0017,c013|0302||ff01-000b-0023-0017,c013|0303||ff01-000b-0023-0017,009d|0303||ff01-0023-0017,c013|0303||ff01-000b-0023-0017,c013|0303||ff01-000b-0023-0017
45.190.158.179,45.190.158.179,00000000000000000000000000000000000000000000000000000000000000,|||,|||,|||,|||,|||,|||,|||,|||,|||,|||
45.5.201.27,45.5.201.27,00000000000000000000000000000000000000000000000000000000000000,|||,|||,|||,|||,|||,|||,|||,|||,|||,|||
45.190.158.252,45.190.158.252,00000000000000000000000000000000000000000000000000000000000000,|||,|||,|||,|||,|||,|||,|||,|||,|||,|||
45.190.158.169,45.190.158.169,00000000000000000000000000000000000000000000000000000000000000,|||,|||,|||,|||,|||,|||,|||,|||,|||,|||
39.96.53.15,39.96.53.15,00000000000000000000000000000000000000000000000000000000000000,|||,|||,|||,|||,|||,|||,|||,|||,|||,|||
45.190.158.226,45.190.158.226,00000000000000000000000000000000000000000000000000000000000000,|||,|||,|||,|||,|||,|||,|||,|||,|||,|||
46.214.85.176,46.214.85.176,00000000000000000000000000000000000000000000000000000000000000,|||,|||,|||,|||,|||,|||,|||,|||,|||,|||
39.100.208.235,39.100.208.235,21d10d00021d21d21c21d10d21d21dfa4f2d467cfc282d8a9029b2af1af43b,c013|0303|http/1.1|0000-ff01-000b-0023-0010,0084|0303|http/1.1|0000-ff01-0023-0010,|||,c013|0303||0000-ff01-000b-0023,c013|0303||0000-ff01-000b-0023,c013|0302|http/1.1|0000-ff01-000b-0023-0010,c013|0303|http/1.1|0000-ff01-000b-0023-0010,0084|0303|http/1.1|0000-ff01-0023-0010,c013|0303|http/1.1|0000-ff01-000b-0023-0010,c013|0303|http/1.1|0000-ff01-000b-0023-0010
45.79.125.161,45.79.125.161,00000000000000000000000000000000000000000000000000000000000000,|||,|||,|||,|||,|||,|||,|||,|||,|||,|||
39.103.158.5,39.103.158.5,07d2ad16d21d21d00042d41d00041de5fb3038104f457d92ba02e9311512c2,0033|0303||0001-0017-ff01,c030|0303||0001-0017-ff01,009f|0303||0001-0017-ff01,c013|0303||0001-0017-ff01,c013|0303||0001-0017-ff01,|||,1302|0303||002b-0033,1301|0303||002b-0033,|||,1301|0303||002b-0033
45.232.153.176,45.232.153.176,00000000000000000000000000000000000000000000000000000000000000,|||,|||,|||,|||,|||,|||,|||,|||,|||,|||
46.99.158.235,46.99.158.235,00000000000000000000000000000000000000000000000000000000000000,|||,|||,|||,|||,|||,|||,|||,|||,|||,|||
45.56.88.109,45.56.88.109,00000000000000000000000000000000000000000000000000000000000000,|||,|||,|||,|||,|||,|||,|||,|||,|||,|||
39.103.155.52,39.103.155.52,00000000000000000000000000000000000000000000000000000000000000,|||,|||,|||,|||,|||,|||,|||,|||,|||,|||
45.152.45.21,45.152.45.21,29d29d15d29d29d21c29d29d29d29d196218f8378b672bdd87235d4e419239,c02f|0303|http/1.1|ff01-0001-000b-0023-0010-0017,c02f|0303|http/1.1|ff01-0001-000b-0023-0010-0017,009e|0303|http/1.1|ff01-0001-0023-0010-0017,c02f|0303|http/1.1|ff01-0001-000b-0023-0010-0017,c02f|0303|http/1.1|ff01-0001-000b-0023-0010-0017,c013|0302|http/1.1|ff01-0001-000b-0023-0010-0017,c02f|0303|http/1.1|ff01-0001-000b-0023-0010-0017,c02f|0303|http/1.1|ff01-0001-000b-0023-0010-0017,c02f|0303|http/1.1|ff01-0001-000b-0023-0010-0017,c02f|0303|http/1.1|ff01-0001-000b-0023-0010-0017
45.190.158.171,45.190.158.171,00000000000000000000000000000000000000000000000000000000000000,|||,|||,|||,|||,|||,|||,|||,|||,|||,|||
46.172.110.40,46.172.110.40,00000000000000000000000000000000000000000000000000000000000000,|||,|||,|||,|||,|||,|||,|||,|||,|||,|||
45.232.176.6,45.232.176.6,00000000000000000000000000000000000000000000000000000000000000,|||,|||,|||,|||,|||,|||,|||,|||,|||,|||
39.108.54.112,39.108.54.112,00000000000000000000000000000000000000000000000000000000000000,|||,|||,|||,|||,|||,|||,|||,|||,|||,|||
39.106.3.67,39.106.3.67,29d29d20d29d29d22c29d29d29d29df51c60823f963b0fe11deab8efc70b4b,c02f|0303|http/1.1|ff01-000b-0023-0010,c02f|0303|http/1.1|ff01-000b-0023-0010,c012|0303|http/1.1|ff01-000b-0023-0010,c02f|0303||ff01-000b-0023,c02f|0303||ff01-000b-0023,c014|0302|http/1.1|ff01-000b-0023-0010,c02f|0303|http/1.1|ff01-000b-0023-0010,c02f|0303|http/1.1|ff01-000b-0023-0010,c02f|0303|http/1.1|ff01-000b-0023-0010,c02f|0303|http/1.1|ff01-000b-0023-0010
45.55.59.189,45.55.59.189,29d29d00029d29d00042d42d000000591965a32830c32b3ad57d4bfd247359,c02f|0303|http/1.1|ff01-0001-000b-0023-0010-0017,c02f|0303|http/1.1|ff01-0001-000b-0023-0010-0017,|||,c02f|0303||ff01-0001-000b-0023-0017,c02f|0303||ff01-0001-000b-0023-0017,|||,1302|0303||002b-0033,1302|0303||002b-0033,|||,|||
45.65.222.222,45.65.222.222,00000000000000000000000000000000000000000000000000000000000000,|||,|||,|||,|||,|||,|||,|||,|||,|||,|||
45.40.57.19,45.40.57.19,00000000000000000000000000000000000000000000000000000000000000,|||,|||,|||,|||,|||,|||,|||,|||,|||,|||
39.107.93.241,39.107.93.241,29d29d20d29d29d22c29d29d29d29df51c60823f963b0fe11deab8efc70b4b,c02f|0303|http/1.1|ff01-000b-0023-0010,c02f|0303|http/1.1|ff01-000b-0023-0010,c012|0303|http/1.1|ff01-000b-0023-0010,c02f|0303||ff01-000b-0023,c02f|0303||ff01-000b-0023,c014|0302|http/1.1|ff01-000b-0023-0010,c02f|0303|http/1.1|ff01-000b-0023-0010,c02f|0303|http/1.1|ff01-000b-0023-0010,c02f|0303|http/1.1|ff01-000b-0023-0010,c02f|0303|http/1.1|ff01-000b-0023-0010
45.5.241.255,45.5.241.255,00000000000000000000000000000000000000000000000000000000000000,|||,|||,|||,|||,|||,|||,|||,|||,|||,|||
39.108.237.23,39.108.237.23,00000000000000000000000000000000000000000000000000000000000000,|||,|||,|||,|||,|||,|||,|||,|||,|||,|||
45.40.57.102,45.40.57.102,00000000000000000000000000000000000000000000000000000000000000,|||,|||,|||,|||,|||,|||,|||,|||,|||,|||
45.40.57.56,45.40.57.56,00000000000000000000000000000000000000000000000000000000000000,|||,|||,|||,|||,|||,|||,|||,|||,|||,|||
45.40.57.179,45.40.57.179,00000000000000000000000000000000000000000000000000000000000000,|||,|||,|||,|||,|||,|||,|||,|||,|||,|||
45.40.57.95,45.40.57.95,00000000000000000000000000000000000000000000000000000000000000,|||,|||,|||,|||,|||,|||,|||,|||,|||,|||
45.40.56.4,45.40.56.4,00000000000000000000000000000000000000000000000000000000000000,|||,|||,|||,|||,|||,|||,|||,|||,|||,|||
45.40.56.112,45.40.56.112,00000000000000000000000000000000000000000000000000000000000000,|||,|||,|||,|||,|||,|||,|||,|||,|||,|||
45.125.46.6,45.125.46.6,2ad2ad16d2ad2ad22c42d42d0000006f254909a73bf62f6b28507e9fb451b5,c030|0303|http/1.1|ff01-0001-000b-0023-0010-0017,c030|0303|http/1.1|ff01-0001-000b-0023-0010-0017,009f|0303|http/1.1|ff01-0001-0023-0010-0017,c030|0303|http/1.1|ff01-0001-000b-0023-0010-0017,c030|0303|http/1.1|ff01-0001-000b-0023-0010-0017,c014|0302|http/1.1|ff01-0001-000b-0023-0010-0017,1302|0303||002b-0033,1302|0303||002b-0033,|||,|||
47.254.129.26,47.254.129.26,00000000000000000000000000000000000000000000000000000000000000,|||,|||,|||,|||,|||,|||,|||,|||,|||,|||
47.100.236.32,47.100.236.32,00000000000000000000000000000000000000000000000000000000000000,|||,|||,|||,|||,|||,|||,|||,|||,|||,|||
47.102.115.38,47.102.115.38,00000000000000000000000000000000000000000000000000000000000000,|||,|||,|||,|||,|||,|||,|||,|||,|||,|||
42.192.41.242,42.192.41.242,3fd3fd0003fd3fd21c42d42d000000307ee0eb468e9fdb5cfcd698a80a67ef,cca8|0303|h2|ff01-0000-0001-000b-0023-0010-0017,cca8|0303|h2|ff01-0000-0001-000b-0023-0010-0017,|||,cca8|0303||ff01-0000-0001-000b-0023-0017,cca8|0303||ff01-0000-0001-000b-0023-0017,c013|0302|h2|ff01-0000-0001-000b-0023-0010-0017,1302|0303||002b-0033,1302|0303||002b-0033,|||,|||
43.154.83.245,43.154.83.245,00000000000000000000000000000000000000000000000000000000000000,|||,|||,|||,|||,|||,|||,|||,|||,|||,|||
43.255.28.199,43.255.28.199,29d29d00029d29d00042d42d0000000464fb8c6842ac133bede81390a48134,c02f|0303|h2|ff01-0000-0001-000b-0010-0017,c02f|0303|h2|ff01-0000-0001-000b-0010-0017,|||,c02f|0303||ff01-0000-0001-000b-0017,c02f|0303||ff01-0000-0001-000b-0017,|||,1302|0303||002b-0033,1302|0303||002b-0033,|||,|||
45.58.56.76,45.58.56.76,00000000000000000000000000000000000000000000000000000000000000,|||,|||,|||,|||,|||,|||,|||,|||,|||,|||
43.154.139.88,43.154.139.88,00000000000000000000000000000000000000000000000000000000000000,|||,|||,|||,|||,|||,|||,|||,|||,|||,|||
45.43.36.191,45.43.36.191,00000000000000000000000000000000000000000000000000000000000000,|||,|||,|||,|||,|||,|||,|||,|||,|||,|||
47.103.36.12,47.103.36.12,00000000000000000000000000000000000000000000000000000000000000,|||,|||,|||,|||,|||,|||,|||,|||,|||,|||
43.129.228.143,43.129.228.143,00000000000000000000000000000000000000000000000000000000000000,|||,|||,|||,|||,|||,|||,|||,|||,|||,|||
45.55.32.34,45.55.32.34,00000000000000000000000000000000000000000000000000000000000000,|||,|||,|||,|||,|||,|||,|||,|||,|||,|||
47.101.140.66,47.101.140.66,00000000000000000000000000000000000000000000000000000000000000,|||,|||,|||,|||,|||,|||,|||,|||,|||,|||
43.129.241.244,43.129.241.244,00000000000000000000000000000000000000000000000000000000000000,|||,|||,|||,|||,|||,|||,|||,|||,|||,|||
47.103.5.78,47.103.5.78,00000000000000000000000000000000000000000000000000000000000000,|||,|||,|||,|||,|||,|||,|||,|||,|||,|||
47.101.44.27,47.101.44.27,00000000000000000000000000000000000000000000000000000000000000,|||,|||,|||,|||,|||,|||,|||,|||,|||,|||
39.107.246.93,39.107.246.93,00000000000000000000000000000000000000000000000000000000000000,|||,|||,|||,|||,|||,|||,|||,|||,|||,|||
47.107.36.250,47.107.36.250,00000000000000000000000000000000000000000000000000000000000000,|||,|||,|||,|||,|||,|||,|||,|||,|||,|||
47.105.110.107,47.105.110.107,00000000000000000000000000000000000000000000000000000000000000,|||,|||,|||,|||,|||,|||,|||,|||,|||,|||
47.101.192.210,47.101.192.210,00000000000000000000000000000000000000000000000000000000000000,|||,|||,|||,|||,|||,|||,|||,|||,|||,|||
47.105.66.132,47.105.66.132,00000000000000000000000000000000000000000000000000000000000000,|||,|||,|||,|||,|||,|||,|||,|||,|||,|||
39.106.212.240,39.106.212.240,2ad2ad0002ad2ad22c2ad2ad2ad2ad881e59db99b9f67f908be168829ecef9,c030|0303|http/1.1|ff01-000b-0023-0010,c030|0303|http/1.1|ff01-000b-0023-0010,|||,c030|0303||ff01-000b-0023,c030|0303||ff01-000b-0023,c014|0302|http/1.1|ff01-000b-0023-0010,c030|0303|http/1.1|ff01-000b-0023-0010,c030|0303|http/1.1|ff01-000b-0023-0010,c030|0303|http/1.1|ff01-000b-0023-0010,c030|0303|http/1.1|ff01-000b-0023-0010
47.104.110.52,47.104.110.52,00000000000000000000000000000000000000000000000000000000000000,|||,|||,|||,|||,|||,|||,|||,|||,|||,|||
47.102.101.181,47.102.101.181,00000000000000000000000000000000000000000000000000000000000000,|||,|||,|||,|||,|||,|||,|||,|||,|||,|||
47.106.199.57,47.106.199.57,00000000000000000000000000000000000000000000000000000000000000,|||,|||,|||,|||,|||,|||,|||,|||,|||,|||
47.100.201.52,47.100.201.52,00000000000000000000000000000000000000000000000000000000000000,|||,|||,|||,|||,|||,|||,|||,|||,|||,|||
47.105.129.61,47.105.129.61,00000000000000000000000000000000000000000000000000000000000000,|||,|||,|||,|||,|||,|||,|||,|||,|||,|||
47.101.45.234,47.101.45.234,00000000000000000000000000000000000000000000000000000000000000,|||,|||,|||,|||,|||,|||,|||,|||,|||,|||
47.101.181.0,47.101.181.0,00000000000000000000000000000000000000000000000000000000000000,|||,|||,|||,|||,|||,|||,|||,|||,|||,|||
47.100.32.14,47.100.32.14,00000000000000000000000000000000000000000000000000000000000000,|||,|||,|||,|||,|||,|||,|||,|||,|||,|||
47.100.225.173,47.100.225.173,00000000000000000000000000000000000000000000000000000000000000,|||,|||,|||,|||,|||,|||,|||,|||,|||,|||
39.107.14.61,39.107.14.61,00000000000000000000000000000000000000000000000000000000000000,|||,|||,|||,|||,|||,|||,|||,|||,|||,|||
39.99.241.170,39.99.241.170,00000000000000000000000000000000000000000000000000000000000000,|||,|||,|||,|||,|||,|||,|||,|||,|||,|||
47.104.13.93,47.104.13.93,00000000000000000000000000000000000000000000000000000000000000,|||,|||,|||,|||,|||,|||,|||,|||,|||,|||
47.106.178.224,47.106.178.224,00000000000000000000000000000000000000000000000000000000000000,|||,|||,|||,|||,|||,|||,|||,|||,|||,|||
47.101.151.69,47.101.151.69,00000000000000000000000000000000000000000000000000000000000000,|||,|||,|||,|||,|||,|||,|||,|||,|||,|||
47.102.139.246,47.102.139.246,00000000000000000000000000000000000000000000000000000000000000,|||,|||,|||,|||,|||,|||,|||,|||,|||,|||
1.10.214.190,1.10.214.190,00000000000000000000000000000000000000000000000000000000000000,|||,|||,|||,|||,|||,|||,|||,|||,|||,|||
42.192.83.184,42.192.83.184,29d29d20d29d29d22c29d29d29d29df51c60823f963b0fe11deab8efc70b4b,c02f|0303|http/1.1|ff01-000b-0023-0010,c02f|0303|http/1.1|ff01-000b-0023-0010,c012|0303|http/1.1|ff01-000b-0023-0010,c02f|0303||ff01-000b-0023,c02f|0303||ff01-000b-0023,c014|0302|http/1.1|ff01-000b-0023-0010,c02f|0303|http/1.1|ff01-000b-0023-0010,c02f|0303|http/1.1|ff01-000b-0023-0010,c02f|0303|http/1.1|ff01-000b-0023-0010,c02f|0303|http/1.1|ff01-000b-0023-0010
47.252.0.228,47.252.0.228,00000000000000000000000000000000000000000000000000000000000000,|||,|||,|||,|||,|||,|||,|||,|||,|||,|||
47.106.94.8,47.106.94.8,00000000000000000000000000000000000000000000000000000000000000,|||,|||,|||,|||,|||,|||,|||,|||,|||,|||
39.103.182.110,39.103.182.110,07d19d12d21d21d07c42d43d0000009424803a662b126a748cf4f90707a33c,0033|0303|http/1.1|ff01-0001-0023-0010-0017,00c0|0303|http/1.1|ff01-0001-0023-0010-0017,009a|0303|http/1.1|ff01-0001-0023-0010-0017,c013|0303|http/1.1|ff01-0001-000b-0023-0010-0017,c013|0303|http/1.1|ff01-0001-000b-0023-0010-0017,0033|0302|http/1.1|ff01-0001-0023-0010-0017,1302|0303||002b-0033,1303|0303||002b-0033,|||,|||
46.146.48.186,46.146.48.186,07d14d16d06d06d07c07d14d07d06da441f40918707087561e2af18cf76f0e,0033|0303||ff01-0023,009d|0303||ff01-0023,009f|0303||ff01-0023,002f|0303||ff01-0023,002f|0303||ff01-0023,0033|0302||ff01-0023,0033|0303||ff01-0023,009d|0303||ff01-0023,0033|0303||ff01-0023,002f|0303||ff01-0023
47.106.95.160,47.106.95.160,00000000000000000000000000000000000000000000000000000000000000,|||,|||,|||,|||,|||,|||,|||,|||,|||,|||
47.102.201.115,47.102.201.115,00000000000000000000000000000000000000000000000000000000000000,|||,|||,|||,|||,|||,|||,|||,|||,|||,|||
47.107.136.24,47.107.136.24,00000000000000000000000000000000000000000000000000000000000000,|||,|||,|||,|||,|||,|||,|||,|||,|||,|||
47.107.80.42,47.107.80.42,00000000000000000000000000000000000000000000000000000000000000,|||,|||,|||,|||,|||,|||,|||,|||,|||,|||
1.11.213.39,1.11.213.39,00000000000000000000000000000000000000000000000000000000000000,|||,|||,|||,|||,|||,|||,|||,|||,|||,|||
47.107.49.255,47.107.49.255,00000000000000000000000000000000000000000000000000000000000000,|||,|||,|||,|||,|||,|||,|||,|||,|||,|||
47.102.203.56,47.102.203.56,00000000000000000000000000000000000000000000000000000000000000,|||,|||,|||,|||,|||,|||,|||,|||,|||,|||
1.116.157.225,1.116.157.225,00000000000000000000000000000000000000000000000000000000000000,|||,|||,|||,|||,|||,|||,|||,|||,|||,|||
47.103.4.117,47.103.4.117,00000000000000000000000000000000000000000000000000000000000000,|||,|||,|||,|||,|||,|||,|||,|||,|||,|||
47.100.32.122,47.100.32.122,00000000000000000000000000000000000000000000000000000000000000,|||,|||,|||,|||,|||,|||,|||,|||,|||,|||
43.129.205.23,43.129.205.23,00000000000000000000000000000000000000000000000000000000000000,|||,|||,|||,|||,|||,|||,|||,|||,|||,|||
39.99.138.56,39.99.138.56,00000000000000000000000000000000000000000000000000000000000000,|||,|||,|||,|||,|||,|||,|||,|||,|||,|||
47.100.203.195,47.100.203.195,00000000000000000000000000000000000000000000000000000000000000,|||,|||,|||,|||,|||,|||,|||,|||,|||,|||
47.103.128.238,47.103.128.238,00000000000000000000000000000000000000000000000000000000000000,|||,|||,|||,|||,|||,|||,|||,|||,|||,|||
47.110.36.160,47.110.36.160,00000000000000000000000000000000000000000000000000000000000000,|||,|||,|||,|||,|||,|||,|||,|||,|||,|||
1.117.224.210,1.117.224.210,00000000000000000000000000000000000000000000000000000000000000,|||,|||,|||,|||,|||,|||,|||,|||,|||,|||
47.108.194.18,47.108.194.18,00000000000000000000000000000000000000000000000000000000000000,|||,|||,|||,|||,|||,|||,|||,|||,|||,|||
47.112.215.52,47.112.215.52,00000000000000000000000000000000000000000000000000000000000000,|||,|||,|||,|||,|||,|||,|||,|||,|||,|||
1.116.221.98,1.116.221.98,00000000000000000000000000000000000000000000000000000000000000,|||,|||,|||,|||,|||,|||,|||,|||,|||,|||
1.15.141.165,1.15.141.165,00000000000000000000000000000000000000000000000000000000000000,|||,|||,|||,|||,|||,|||,|||,|||,|||,|||
1.246.222.14,1.246.222.14,00000000000000000000000000000000000000000000000000000000000000,|||,|||,|||,|||,|||,|||,|||,|||,|||,|||
1.198.50.170,1.198.50.170,00000000000000000000000000000000000000000000000000000000000000,|||,|||,|||,|||,|||,|||,|||,|||,|||,|||
47.111.106.200,47.111.106.200,00000000000000000000000000000000000000000000000000000000000000,|||,|||,|||,|||,|||,|||,|||,|||,|||,|||
47.111.108.4,47.111.108.4,00000000000000000000000000000000000000000000000000000000000000,|||,|||,|||,|||,|||,|||,|||,|||,|||,|||
1.14.244.52,1.14.244.52,00000000000000000000000000000000000000000000000000000000000000,|||,|||,|||,|||,|||,|||,|||,|||,|||,|||
47.110.137.14,47.110.137.14,00000000000000000000000000000000000000000000000000000000000000,|||,|||,|||,|||,|||,|||,|||,|||,|||,|||
1.117.175.64,1.117.175.64,00000000000000000000000000000000000000000000000000000000000000,|||,|||,|||,|||,|||,|||,|||,|||,|||,|||
47.100.65.7,47.100.65.7,00000000000000000000000000000000000000000000000000000000000000,|||,|||,|||,|||,|||,|||,|||,|||,|||,|||
47.111.25.72,47.111.25.72,00000000000000000000000000000000000000000000000000000000000000,|||,|||,|||,|||,|||,|||,|||,|||,|||,|||
1.189.88.70,1.189.88.70,00000000000000000000000000000000000000000000000000000000000000,|||,|||,|||,|||,|||,|||,|||,|||,|||,|||
47.111.188.233,47.111.188.233,00000000000000000000000000000000000000000000000000000000000000,|||,|||,|||,|||,|||,|||,|||,|||,|||,|||
1.214.213.98,1.214.213.98,00000000000000000000000000000000000000000000000000000000000000,|||,|||,|||,|||,|||,|||,|||,|||,|||,|||
1.117.149.190,1.117.149.190,00000000000000000000000000000000000000000000000000000000000000,|||,|||,|||,|||,|||,|||,|||,|||,|||,|||
1.189.88.68,1.189.88.68,00000000000000000000000000000000000000000000000000000000000000,|||,|||,|||,|||,|||,|||,|||,|||,|||,|||
1.193.37.14,1.193.37.14,00000000000000000000000000000000000000000000000000000000000000,|||,|||,|||,|||,|||,|||,|||,|||,|||,|||
1.156.24.204,1.156.24.204,00000000000000000000000000000000000000000000000000000000000000,|||,|||,|||,|||,|||,|||,|||,|||,|||,|||
1.15.12.104,1.15.12.104,00000000000000000000000000000000000000000000000000000000000000,|||,|||,|||,|||,|||,|||,|||,|||,|||,|||
1.15.31.14,1.15.31.14,00000000000000000000000000000000000000000000000000000000000000,|||,|||,|||,|||,|||,|||,|||,|||,|||,|||
47.111.85.238,47.111.85.238,00000000000000000000000000000000000000000000000000000000000000,|||,|||,|||,|||,|||,|||,|||,|||,|||,|||
1.116.179.21,1.116.179.21,00000000000000000000000000000000000000000000000000000000000000,|||,|||,|||,|||,|||,|||,|||,|||,|||,|||
1.62.172.171,1.62.172.171,00000000000000000000000000000000000000000000000000000000000000,|||,|||,|||,|||,|||,|||,|||,|||,|||,|||
1.116.225.149,1.116.225.149,00000000000000000000000000000000000000000000000000000000000000,|||,|||,|||,|||,|||,|||,|||,|||,|||,|||
1.116.41.177,1.116.41.177,00000000000000000000000000000000000000000000000000000000000000,|||,|||,|||,|||,|||,|||,|||,|||,|||,|||
2.155.253.176,2.155.253.176,00000000000000000000000000000000000000000000000000000000000000,|||,|||,|||,|||,|||,|||,|||,|||,|||,|||
1.14.153.120,1.14.153.120,00000000000000000000000000000000000000000000000000000000000000,|||,|||,|||,|||,|||,|||,|||,|||,|||,|||
1.15.142.211,1.15.142.211,00000000000000000000000000000000000000000000000000000000000000,|||,|||,|||,|||,|||,|||,|||,|||,|||,|||
1.117.110.104,1.117.110.104,00000000000000000000000000000000000000000000000000000000000000,|||,|||,|||,|||,|||,|||,|||,|||,|||,|||
1.14.76.195,1.14.76.195,00000000000000000000000000000000000000000000000000000000000000,|||,|||,|||,|||,|||,|||,|||,|||,|||,|||
1.15.118.230,1.15.118.230,00000000000000000000000000000000000000000000000000000000000000,|||,|||,|||,|||,|||,|||,|||,|||,|||,|||
1.202.17.93,1.202.17.93,00000000000000000000000000000000000000000000000000000000000000,|||,|||,|||,|||,|||,|||,|||,|||,|||,|||
1.116.205.244,1.116.205.244,00000000000000000000000000000000000000000000000000000000000000,|||,|||,|||,|||,|||,|||,|||,|||,|||,|||
42.200.153.190,42.200.153.190,05b10b11b04b04b05b05b10b05b04ba441f40918707087561e2af18cf76f0e,0016|0301||ff01-0023,0084|0301||ff01-0023,0088|0301||ff01-0023,000a|0301||ff01-0023,000a|0301||ff01-0023,0016|0301||ff01-0023,0016|0301||ff01-0023,0084|0301||ff01-0023,0016|0301||ff01-0023,000a|0301||ff01-0023
1.232.89.23,1.232.89.23,00000000000000000000000000000000000000000000000000000000000000,|||,|||,|||,|||,|||,|||,|||,|||,|||,|||
47.119.195.237,47.119.195.237,00000000000000000000000000000000000000000000000000000000000000,|||,|||,|||,|||,|||,|||,|||,|||,|||,|||
1.190.98.91,1.190.98.91,00000000000000000000000000000000000000000000000000000000000000,|||,|||,|||,|||,|||,|||,|||,|||,|||,|||
1.180.168.114,1.180.168.114,00000000000000000000000000000000000000000000000000000000000000,|||,|||,|||,|||,|||,|||,|||,|||,|||,|||
47.105.44.71,47.105.44.71,00000000000000000000000000000000000000000000000000000000000000,|||,|||,|||,|||,|||,|||,|||,|||,|||,|||
45.166.222.194,45.166.222.194,04b02b00004b04b04b04b02b04b04be3b0c44298fc1c149afbf4c8996fb924,000a|0301||,0005|0301||,|||,000a|0301||,000a|0301||,000a|0301||,000a|0301||,0005|0301||,000a|0301||,000a|0301||
47.115.189.218,47.115.189.218,00000000000000000000000000000000000000000000000000000000000000,|||,|||,|||,|||,|||,|||,|||,|||,|||,|||
47.119.197.16,47.119.197.16,00000000000000000000000000000000000000000000000000000000000000,|||,|||,|||,|||,|||,|||,|||,|||,|||,|||
1.214.34.26,1.214.34.26,00000000000000000000000000000000000000000000000000000000000000,|||,|||,|||,|||,|||,|||,|||,|||,|||,|||
1.12.253.229,1.12.253.229,00000000000000000000000000000000000000000000000000000000000000,|||,|||,|||,|||,|||,|||,|||,|||,|||,|||
47.116.138.219,47.116.138.219,00000000000000000000000000000000000000000000000000000000000000,|||,|||,|||,|||,|||,|||,|||,|||,|||,|||
47.102.122.185,47.102.122.185,00000000000000000000000000000000000000000000000000000000000000,|||,|||,|||,|||,|||,|||,|||,|||,|||,|||
8.27.26.14,8.27.26.14,00000000000000000000000000000000000000000000000000000000000000,|||,|||,|||,|||,|||,|||,|||,|||,|||,|||
47.117.133.123,47.117.133.123,00000000000000000000000000000000000000000000000000000000000000,|||,|||,|||,|||,|||,|||,|||,|||,|||,|||
1.202.75.230,1.202.75.230,00000000000000000000000000000000000000000000000000000000000000,|||,|||,|||,|||,|||,|||,|||,|||,|||,|||
2.57.121.249,2.57.121.249,00000000000000000000000000000000000000000000000000000000000000,|||,|||,|||,|||,|||,|||,|||,|||,|||,|||
1.30.108.211,1.30.108.211,00000000000000000000000000000000000000000000000000000000000000,|||,|||,|||,|||,|||,|||,|||,|||,|||,|||
1.246.223.30,1.246.223.30,00000000000000000000000000000000000000000000000000000000000000,|||,|||,|||,|||,|||,|||,|||,|||,|||,|||
1.177.162.2,1.177.162.2,00000000000000000000000000000000000000000000000000000000000000,|||,|||,|||,|||,|||,|||,|||,|||,|||,|||
1.31.83.162,1.31.83.162,00000000000000000000000000000000000000000000000000000000000000,|||,|||,|||,|||,|||,|||,|||,|||,|||,|||
2.40.67.176,2.40.67.176,00000000000000000000000000000000000000000000000000000000000000,|||,|||,|||,|||,|||,|||,|||,|||,|||,|||
1.58.124.118,1.58.124.118,00000000000000000000000000000000000000000000000000000000000000,|||,|||,|||,|||,|||,|||,|||,|||,|||,|||
2.42.36.244,2.42.36.244,00000000000000000000000000000000000000000000000000000000000000,|||,|||,|||,|||,|||,|||,|||,|||,|||,|||
1.2.204.67,1.2.204.67,00000000000000000000000000000000000000000000000000000000000000,|||,|||,|||,|||,|||,|||,|||,|||,|||,|||
1.29.151.111,1.29.151.111,00000000000000000000000000000000000000000000000000000000000000,|||,|||,|||,|||,|||,|||,|||,|||,|||,|||
1.207.245.16,1.207.245.16,00000000000000000000000000000000000000000000000000000000000000,|||,|||,|||,|||,|||,|||,|||,|||,|||,|||
2.57.121.63,2.57.121.63,00000000000000000000000000000000000000000000000000000000000000,|||,|||,|||,|||,|||,|||,|||,|||,|||,|||
1.64.14.129,1.64.14.129,00000000000000000000000000000000000000000000000000000000000000,|||,|||,|||,|||,|||,|||,|||,|||,|||,|||
1.36.75.173,1.36.75.173,00000000000000000000000000000000000000000000000000000000000000,|||,|||,|||,|||,|||,|||,|||,|||,|||,|||
1.30.71.50,1.30.71.50,00000000000000000000000000000000000000000000000000000000000000,|||,|||,|||,|||,|||,|||,|||,|||,|||,|||
1.64.124.46,1.64.124.46,00000000000000000000000000000000000000000000000000000000000000,|||,|||,|||,|||,|||,|||,|||,|||,|||,|||
2.57.121.49,2.57.121.49,00000000000000000000000000000000000000000000000000000000000000,|||,|||,|||,|||,|||,|||,|||,|||,|||,|||
1.189.88.69,1.189.88.69,00000000000000000000000000000000000000000000000000000000000000,|||,|||,|||,|||,|||,|||,|||,|||,|||,|||
1.197.116.216,1.197.116.216,00000000000000000000000000000000000000000000000000000000000000,|||,|||,|||,|||,|||,|||,|||,|||,|||,|||
2.125.173.143,2.125.173.143,00000000000000000000000000000000000000000000000000000000000000,|||,|||,|||,|||,|||,|||,|||,|||,|||,|||
43.249.96.102,43.249.96.102,09d08d09d22d22d09c09d08d09d22dc74a10f0dd8921b3cc912d3ee25ffd0a,0039|0303||ff01-0023,0035|0303||ff01-0023,0039|0303||ff01-0023,c014|0303||ff01-000b-0023,c014|0303||ff01-000b-0023,0039|0302||ff01-0023,0039|0303||ff01-0023,0035|0303||ff01-0023,0039|0303||ff01-0023,c014|0303||ff01-000b-0023
2.45.59.226,2.45.59.226,00000000000000000000000000000000000000000000000000000000000000,|||,|||,|||,|||,|||,|||,|||,|||,|||,|||
47.37.145.55,47.37.145.55,00000000000000000000000000000000000000000000000000000000000000,|||,|||,|||,|||,|||,|||,|||,|||,|||,|||
1.36.196.103,1.36.196.103,00000000000000000000000000000000000000000000000000000000000000,|||,|||,|||,|||,|||,|||,|||,|||,|||,|||
2.181.234.146,2.181.234.146,00000000000000000000000000000000000000000000000000000000000000,|||,|||,|||,|||,|||,|||,|||,|||,|||,|||
47.114.62.148,47.114.62.148,00000000000000000000000000000000000000000000000000000000000000,|||,|||,|||,|||,|||,|||,|||,|||,|||,|||
1.31.85.223,1.31.85.223,00000000000000000000000000000000000000000000000000000000000000,|||,|||,|||,|||,|||,|||,|||,|||,|||,|||
47.109.82.186,47.109.82.186,00000000000000000000000000000000000000000000000000000000000000,|||,|||,|||,|||,|||,|||,|||,|||,|||,|||
2.57.121.47,2.57.121.47,00000000000000000000000000000000000000000000000000000000000000,|||,|||,|||,|||,|||,|||,|||,|||,|||,|||
2.136.52.228,2.136.52.228,00000000000000000000000000000000000000000000000000000000000000,|||,|||,|||,|||,|||,|||,|||,|||,|||,|||
1.189.88.66,1.189.88.66,00000000000000000000000000000000000000000000000000000000000000,|||,|||,|||,|||,|||,|||,|||,|||,|||,|||
1.85.42.238,1.85.42.238,00000000000000000000000000000000000000000000000000000000000000,|||,|||,|||,|||,|||,|||,|||,|||,|||,|||
1.116.30.184,1.116.30.184,00000000000000000000000000000000000000000000000000000000000000,|||,|||,|||,|||,|||,|||,|||,|||,|||,|||
1.255.14.195,1.255.14.195,00000000000000000000000000000000000000000000000000000000000000,|||,|||,|||,|||,|||,|||,|||,|||,|||,|||
47.113.125.187,47.113.125.187,00000000000000000000000000000000000000000000000000000000000000,|||,|||,|||,|||,|||,|||,|||,|||,|||,|||
47.105.177.22,47.105.177.22,00000000000000000000000000000000000000000000000000000000000000,|||,|||,|||,|||,|||,|||,|||,|||,|||,|||
47.106.179.106,47.106.179.106,00000000000000000000000000000000000000000000000000000000000000,|||,|||,|||,|||,|||,|||,|||,|||,|||,|||
1.55.157.19,1.55.157.19,00000000000000000000000000000000000000000000000000000000000000,|||,|||,|||,|||,|||,|||,|||,|||,|||,|||
2.176.233.54,2.176.233.54,00000000000000000000000000000000000000000000000000000000000000,|||,|||,|||,|||,|||,|||,|||,|||,|||,|||
47.118.77.145,47.118.77.145,00000000000000000000000000000000000000000000000000000000000000,|||,|||,|||,|||,|||,|||,|||,|||,|||,|||
1.63.153.198,1.63.153.198,00000000000000000000000000000000000000000000000000000000000000,|||,|||,|||,|||,|||,|||,|||,|||,|||,|||
2.56.56.24,2.56.56.24,00000000000000000000000000000000000000000000000000000000000000,|||,|||,|||,|||,|||,|||,|||,|||,|||,|||
2.139.161.243,2.139.161.243,00000000000000000000000000000000000000000000000000000000000000,|||,|||,|||,|||,|||,|||,|||,|||,|||,|||
1.27.36.177,1.27.36.177,00000000000000000000000000000000000000000000000000000000000000,|||,|||,|||,|||,|||,|||,|||,|||,|||,|||
2.56.59.153,2.56.59.153,00000000000000000000000000000000000000000000000000000000000000,|||,|||,|||,|||,|||,|||,|||,|||,|||,|||
1.241.178.143,1.241.178.143,00000000000000000000000000000000000000000000000000000000000000,|||,|||,|||,|||,|||,|||,|||,|||,|||,|||
1.31.84.152,1.31.84.152,00000000000000000000000000000000000000000000000000000000000000,|||,|||,|||,|||,|||,|||,|||,|||,|||,|||
5.133.168.15,5.133.168.15,00000000000000000000000000000000000000000000000000000000000000,|||,|||,|||,|||,|||,|||,|||,|||,|||,|||
1.170.102.250,1.170.102.250,00000000000000000000000000000000000000000000000000000000000000,|||,|||,|||,|||,|||,|||,|||,|||,|||,|||
47.103.110.136,47.103.110.136,00000000000000000000000000000000000000000000000000000000000000,|||,|||,|||,|||,|||,|||,|||,|||,|||,|||
47.102.150.104,47.102.150.104,00000000000000000000000000000000000000000000000000000000000000,|||,|||,|||,|||,|||,|||,|||,|||,|||,|||
1.6.189.29,1.6.189.29,00000000000000000000000000000000000000000000000000000000000000,|||,|||,|||,|||,|||,|||,|||,|||,|||,|||
1.116.40.134,1.116.40.134,00000000000000000000000000000000000000000000000000000000000000,|||,|||,|||,|||,|||,|||,|||,|||,|||,|||
47.116.67.89,47.116.67.89,00000000000000000000000000000000000000000000000000000000000000,|||,|||,|||,|||,|||,|||,|||,|||,|||,|||
42.97.46.231,42.97.46.231,2ad2ad20d2ad2ad22c2ad2ad2ad2adfb5de881cc847e53e47fc6dd40b422b0,c030|0303|http/1.1|ff01-0000-0001-000b-0023-0010-0017,c030|0303|http/1.1|ff01-0000-0001-000b-0023-0010-0017,c012|0303|http/1.1|ff01-0000-0001-000b-0023-0010-0017,c030|0303||ff01-0000-0001-000b-0023-0017,c030|0303||ff01-0000-0001-000b-0023-0017,c014|0302|http/1.1|ff01-0000-0001-000b-0023-0010-0017,c030|0303|http/1.1|ff01-0000-0001-000b-0023-0010-0017,c030|0303|http/1.1|ff01-0000-0001-000b-0023-0010-0017,c030|0303|http/1.1|ff01-0000-0001-000b-0023-0010-0017,c030|0303|http/1.1|ff01-0000-0001-000b-0023-0010-0017
47.104.61.17,47.104.61.17,00000000000000000000000000000000000000000000000000000000000000,|||,|||,|||,|||,|||,|||,|||,|||,|||,|||
1.6.44.194,1.6.44.194,00000000000000000000000000000000000000000000000000000000000000,|||,|||,|||,|||,|||,|||,|||,|||,|||,|||
1.12.232.205,1.12.232.205,00000000000000000000000000000000000000000000000000000000000000,|||,|||,|||,|||,|||,|||,|||,|||,|||,|||
39.103.124.8,39.103.124.8,00000000000000000000000000000000000000000000000000000000000000,|||,|||,|||,|||,|||,|||,|||,|||,|||,|||
47.92.55.181,47.92.55.181,00000000000000000000000000000000000000000000000000000000000000,|||,|||,|||,|||,|||,|||,|||,|||,|||,|||
1.36.133.224,1.36.133.224,00000000000000000000000000000000000000000000000000000000000000,|||,|||,|||,|||,|||,|||,|||,|||,|||,|||
5.166.47.194,5.166.47.194,00000000000000000000000000000000000000000000000000000000000000,|||,|||,|||,|||,|||,|||,|||,|||,|||,|||
2.82.78.4,2.82.78.4,00000000000000000000000000000000000000000000000000000000000000,|||,|||,|||,|||,|||,|||,|||,|||,|||,|||
1.25.1.73,1.25.1.73,00000000000000000000000000000000000000000000000000000000000000,|||,|||,|||,|||,|||,|||,|||,|||,|||,|||
2.57.121.64,2.57.121.64,00000000000000000000000000000000000000000000000000000000000000,|||,|||,|||,|||,|||,|||,|||,|||,|||,|||
3.110.116.6,3.110.116.6,00000000000000000000000000000000000000000000000000000000000000,|||,|||,|||,|||,|||,|||,|||,|||,|||,|||
1.30.86.149,1.30.86.149,00000000000000000000000000000000000000000000000000000000000000,|||,|||,|||,|||,|||,|||,|||,|||,|||,|||
2.56.57.228,2.56.57.228,00000000000000000000000000000000000000000000000000000000000000,|||,|||,|||,|||,|||,|||,|||,|||,|||,|||
3.23.111.220,3.23.111.220,00000000000000000000000000000000000000000000000000000000000000,|||,|||,|||,|||,|||,|||,|||,|||,|||,|||
2.57.121.48,2.57.121.48,00000000000000000000000000000000000000000000000000000000000000,|||,|||,|||,|||,|||,|||,|||,|||,|||,|||
2.56.59.161,2.56.59.161,00000000000000000000000000000000000000000000000000000000000000,|||,|||,|||,|||,|||,|||,|||,|||,|||,|||
5.105.146.214,5.105.146.214,00000000000000000000000000000000000000000000000000000000000000,|||,|||,|||,|||,|||,|||,|||,|||,|||,|||
3.139.100.7,3.139.100.7,00000000000000000000000000000000000000000000000000000000000000,|||,|||,|||,|||,|||,|||,|||,|||,|||,|||
1.247.0.192,1.247.0.192,00000000000000000000000000000000000000000000000000000000000000,|||,|||,|||,|||,|||,|||,|||,|||,|||,|||
46.32.163.194,46.32.163.194,04a02a00004a04a04a04a02a04a04ae3b0c44298fc1c149afbf4c8996fb924,000a|0300||,0005|0300||,|||,000a|0300||,000a|0300||,000a|0300||,000a|0300||,0005|0300||,000a|0300||,000a|0300||
1.58.31.90,1.58.31.90,00000000000000000000000000000000000000000000000000000000000000,|||,|||,|||,|||,|||,|||,|||,|||,|||,|||
47.108.184.120,47.108.184.120,00000000000000000000000000000000000000000000000000000000000000,|||,|||,|||,|||,|||,|||,|||,|||,|||,|||
5.15.188.197,5.15.188.197,00000000000000000000000000000000000000000000000000000000000000,|||,|||,|||,|||,|||,|||,|||,|||,|||,|||
5.102.233.227,5.102.233.227,00000000000000000000000000000000000000000000000000000000000000,|||,|||,|||,|||,|||,|||,|||,|||,|||,|||
3.21.52.51,3.21.52.51,00000000000000000000000000000000000000000000000000000000000000,|||,|||,|||,|||,|||,|||,|||,|||,|||,|||
3.88.181.98,3.88.181.98,00000000000000000000000000000000000000000000000000000000000000,|||,|||,|||,|||,|||,|||,|||,|||,|||,|||
5.109.71.187,5.109.71.187,00000000000000000000000000000000000000000000000000000000000000,|||,|||,|||,|||,|||,|||,|||,|||,|||,|||
47.110.93.171,47.110.93.171,00000000000000000000000000000000000000000000000000000000000000,|||,|||,|||,|||,|||,|||,|||,|||,|||,|||
47.93.11.177,47.93.11.177,00000000000000000000000000000000000000000000000000000000000000,|||,|||,|||,|||,|||,|||,|||,|||,|||,|||
2.57.121.239,2.57.121.239,00000000000000000000000000000000000000000000000000000000000000,|||,|||,|||,|||,|||,|||,|||,|||,|||,|||
3.122.171.189,3.122.171.189,00000000000000000000000000000000000000000000000000000000000000,|||,|||,|||,|||,|||,|||,|||,|||,|||,|||
2.58.149.248,2.58.149.248,00000000000000000000000000000000000000000000000000000000000000,|||,|||,|||,|||,|||,|||,|||,|||,|||,|||
2.56.57.167,2.56.57.167,00000000000000000000000000000000000000000000000000000000000000,|||,|||,|||,|||,|||,|||,|||,|||,|||,|||
3.143.112.99,3.143.112.99,00000000000000000000000000000000000000000000000000000000000000,|||,|||,|||,|||,|||,|||,|||,|||,|||,|||
5.226.138.176,5.226.138.176,00000000000000000000000000000000000000000000000000000000000000,|||,|||,|||,|||,|||,|||,|||,|||,|||,|||
5.161.81.130,5.161.81.130,00000000000000000000000000000000000000000000000000000000000000,|||,|||,|||,|||,|||,|||,|||,|||,|||,|||
47.93.233.212,47.93.233.212,00000000000000000000000000000000000000000000000000000000000000,|||,|||,|||,|||,|||,|||,|||,|||,|||,|||
4.53.151.27,4.53.151.27,00000000000000000000000000000000000000000000000000000000000000,|||,|||,|||,|||,|||,|||,|||,|||,|||,|||
47.94.211.235,47.94.211.235,00000000000000000000000000000000000000000000000000000000000000,|||,|||,|||,|||,|||,|||,|||,|||,|||,|||
47.93.184.113,47.93.184.113,00000000000000000000000000000000000000000000000000000000000000,|||,|||,|||,|||,|||,|||,|||,|||,|||,|||
45.249.70.237,45.249.70.237,2ad2ad16d2ad2ad0002ad2ad2ad2ad487dfc3734968073f786f66dcf4de1b2,c030|0303||ff01-000b-0023,c030|0303||ff01-000b-0023,009f|0303||ff01-0023,c030|0303||ff01-000b-0023,c030|0303||ff01-000b-0023,|||,c030|0303||ff01-000b-0023,c030|0303||ff01-000b-0023,c030|0303||ff01-000b-0023,c030|0303||ff01-000b-0023
8.129.57.116,8.129.57.116,00000000000000000000000000000000000000000000000000000000000000,|||,|||,|||,|||,|||,|||,|||,|||,|||,|||
5.180.137.44,5.180.137.44,00000000000000000000000000000000000000000000000000000000000000,|||,|||,|||,|||,|||,|||,|||,|||,|||,|||
5.167.160.19,5.167.160.19,00000000000000000000000000000000000000000000000000000000000000,|||,|||,|||,|||,|||,|||,|||,|||,|||,|||
5.8.10.202,5.8.10.202,00000000000000000000000000000000000000000000000000000000000000,|||,|||,|||,|||,|||,|||,|||,|||,|||,|||
47.93.25.190,47.93.25.190,00000000000000000000000000000000000000000000000000000000000000,|||,|||,|||,|||,|||,|||,|||,|||,|||,|||
5.138.175.218,5.138.175.218,00000000000000000000000000000000000000000000000000000000000000,|||,|||,|||,|||,|||,|||,|||,|||,|||,|||
3.17.73.27,3.17.73.27,00000000000000000000000000000000000000000000000000000000000000,|||,|||,|||,|||,|||,|||,|||,|||,|||,|||
2.56.59.249,2.56.59.249,00000000000000000000000000000000000000000000000000000000000000,|||,|||,|||,|||,|||,|||,|||,|||,|||,|||
5.138.142.212,5.138.142.212,00000000000000000000000000000000000000000000000000000000000000,|||,|||,|||,|||,|||,|||,|||,|||,|||,|||
5.254.56.242,5.254.56.242,00000000000000000000000000000000000000000000000000000000000000,|||,|||,|||,|||,|||,|||,|||,|||,|||,|||
8.129.40.76,8.129.40.76,00000000000000000000000000000000000000000000000000000000000000,|||,|||,|||,|||,|||,|||,|||,|||,|||,|||
2.58.149.191,2.58.149.191,00000000000000000000000000000000000000000000000000000000000000,|||,|||,|||,|||,|||,|||,|||,|||,|||,|||
45.119.83.186,45.119.83.186,26d26d16d26d26d22c26d26d26d26dfd9c9d14e4f4f67f94f0359f8b28f532,c028|0303||0017-ff01,c028|0303||0017-ff01,009f|0303||0017-ff01,c028|0303||0017-ff01,c028|0303||0017-ff01,c014|0302||0017-ff01,c028|0303||0017-ff01,c028|0303||0017-ff01,c028|0303||0017-ff01,c028|0303||0017-ff01
42.193.119.162,42.193.119.162,29d29d00029d29d00042d42d000000591965a32830c32b3ad57d4bfd247359,c02f|0303|http/1.1|ff01-0001-000b-0023-0010-0017,c02f|0303|http/1.1|ff01-0001-000b-0023-0010-0017,|||,c02f|0303||ff01-0001-000b-0023-0017,c02f|0303||ff01-0001-000b-0023-0017,|||,1302|0303||002b-0033,1302|0303||002b-0033,|||,|||
47.242.74.217,47.242.74.217,00000000000000000000000000000000000000000000000000000000000000,|||,|||,|||,|||,|||,|||,|||,|||,|||,|||
47.242.44.56,47.242.44.56,00000000000000000000000000000000000000000000000000000000000000,|||,|||,|||,|||,|||,|||,|||,|||,|||,|||
47.242.81.130,47.242.81.130,00000000000000000000000000000000000000000000000000000000000000,|||,|||,|||,|||,|||,|||,|||,|||,|||,|||
8.130.27.120,8.130.27.120,00000000000000000000000000000000000000000000000000000000000000,|||,|||,|||,|||,|||,|||,|||,|||,|||,|||
8.142.81.79,8.142.81.79,00000000000000000000000000000000000000000000000000000000000000,|||,|||,|||,|||,|||,|||,|||,|||,|||,|||
47.243.38.70,47.243.38.70,00000000000000000000000000000000000000000000000000000000000000,|||,|||,|||,|||,|||,|||,|||,|||,|||,|||
5.34.204.108,5.34.204.108,00000000000000000000000000000000000000000000000000000000000000,|||,|||,|||,|||,|||,|||,|||,|||,|||,|||
1.117.203.83,1.117.203.83,00000000000000000000000000000000000000000000000000000000000000,|||,|||,|||,|||,|||,|||,|||,|||,|||,|||
47.242.84.154,47.242.84.154,00000000000000000000000000000000000000000000000000000000000000,|||,|||,|||,|||,|||,|||,|||,|||,|||,|||
47.206.161.226,47.206.161.226,2ad2ad16d2ad2ad00042d42d000000038eaaf490bec8dc33757f165ce01762,c030|0303|h2|ff01-0000-0001-000b-0010-0017,c030|0303|h2|ff01-0000-0001-000b-0010-0017,009f|0303|h2|ff01-0000-0001-0010-0017,c030|0303||ff01-0000-0001-000b-0017,c030|0303||ff01-0000-0001-000b-0017,|||,1302|0303||002b-0033,1302|0303||002b-0033,|||,|||
43.239.156.121,43.239.156.121,06d06d07d06d06d06c42d42d000000cdb95e27fd8f9fee4a2bec829b889b8b,002f|0303||ff01-0001-0017,002f|0303||ff01-0001-0017,0033|0303||ff01-0001-0017,002f|0303||ff01-0001-0017,002f|0303||ff01-0001-0017,002f|0302||ff01-0001-0017,1302|0303||002b-0033,1302|0303||002b-0033,|||,|||
8.141.148.159,8.141.148.159,00000000000000000000000000000000000000000000000000000000000000,|||,|||,|||,|||,|||,|||,|||,|||,|||,|||
8.140.121.91,8.140.121.91,00000000000000000000000000000000000000000000000000000000000000,|||,|||,|||,|||,|||,|||,|||,|||,|||,|||
8.142.106.166,8.142.106.166,00000000000000000000000000000000000000000000000000000000000000,|||,|||,|||,|||,|||,|||,|||,|||,|||,|||
5.248.112.170,5.248.112.170,00000000000000000000000000000000000000000000000000000000000000,|||,|||,|||,|||,|||,|||,|||,|||,|||,|||
2.56.57.242,2.56.57.242,00000000000000000000000000000000000000000000000000000000000000,|||,|||,|||,|||,|||,|||,|||,|||,|||,|||
47.243.117.12,47.243.117.12,00000000000000000000000000000000000000000000000000000000000000,|||,|||,|||,|||,|||,|||,|||,|||,|||,|||
47.242.231.98,47.242.231.98,00000000000000000000000000000000000000000000000000000000000000,|||,|||,|||,|||,|||,|||,|||,|||,|||,|||
5.32.176.104,5.32.176.104,00000000000000000000000000000000000000000000000000000000000000,|||,|||,|||,|||,|||,|||,|||,|||,|||,|||
47.242.184.88,47.242.184.88,00000000000000000000000000000000000000000000000000000000000000,|||,|||,|||,|||,|||,|||,|||,|||,|||,|||
47.243.164.182,47.243.164.182,00000000000000000000000000000000000000000000000000000000000000,|||,|||,|||,|||,|||,|||,|||,|||,|||,|||
47.242.94.30,47.242.94.30,00000000000000000000000000000000000000000000000000000000000000,|||,|||,|||,|||,|||,|||,|||,|||,|||,|||
5.150.232.254,5.150.232.254,00000000000000000000000000000000000000000000000000000000000000,|||,|||,|||,|||,|||,|||,|||,|||,|||,|||
47.243.237.193,47.243.237.193,00000000000000000000000000000000000000000000000000000000000000,|||,|||,|||,|||,|||,|||,|||,|||,|||,|||
47.242.189.201,47.242.189.201,00000000000000000000000000000000000000000000000000000000000000,|||,|||,|||,|||,|||,|||,|||,|||,|||,|||
47.243.52.5,47.243.52.5,00000000000000000000000000000000000000000000000000000000000000,|||,|||,|||,|||,|||,|||,|||,|||,|||,|||
47.243.4.233,47.243.4.233,00000000000000000000000000000000000000000000000000000000000000,|||,|||,|||,|||,|||,|||,|||,|||,|||,|||
8.142.98.154,8.142.98.154,00000000000000000000000000000000000000000000000000000000000000,|||,|||,|||,|||,|||,|||,|||,|||,|||,|||
47.100.60.0,47.100.60.0,21d10d00021d21d21c21d10d21d21d696c1bb221f80034f540b6754152d3b8,c013|0303|http/1.1|ff01-000b-0023-0010,0084|0303|http/1.1|ff01-0023-0010,|||,c013|0303||ff01-000b-0023,c013|0303||ff01-000b-0023,c013|0302|http/1.1|ff01-000b-0023-0010,c013|0303|http/1.1|ff01-000b-0023-0010,0084|0303|http/1.1|ff01-0023-0010,c013|0303|http/1.1|ff01-000b-0023-0010,c013|0303|http/1.1|ff01-000b-0023-0010
8.142.90.223,8.142.90.223,00000000000000000000000000000000000000000000000000000000000000,|||,|||,|||,|||,|||,|||,|||,|||,|||,|||
8.142.83.205,8.142.83.205,00000000000000000000000000000000000000000000000000000000000000,|||,|||,|||,|||,|||,|||,|||,|||,|||,|||
8.140.172.39,8.140.172.39,00000000000000000000000000000000000000000000000000000000000000,|||,|||,|||,|||,|||,|||,|||,|||,|||,|||
8.218.197.170,8.218.197.170,00000000000000000000000000000000000000000000000000000000000000,|||,|||,|||,|||,|||,|||,|||,|||,|||,|||
8.142.137.83,8.142.137.83,00000000000000000000000000000000000000000000000000000000000000,|||,|||,|||,|||,|||,|||,|||,|||,|||,|||
8.210.130.231,8.210.130.231,00000000000000000000000000000000000000000000000000000000000000,|||,|||,|||,|||,|||,|||,|||,|||,|||,|||
51.255.109.161,51.255.109.161,00000000000000000000000000000000000000000000000000000000000000,|||,|||,|||,|||,|||,|||,|||,|||,|||,|||
51.15.119.171,51.15.119.171,00000000000000000000000000000000000000000000000000000000000000,|||,|||,|||,|||,|||,|||,|||,|||,|||,|||
39.108.3.187,39.108.3.187,00000000000000000000000000000000000000000000000000000000000000,|||,|||,|||,|||,|||,|||,|||,|||,|||,|||
51.159.78.19,51.159.78.19,00000000000000000000000000000000000000000000000000000000000000,|||,|||,|||,|||,|||,|||,|||,|||,|||,|||
47.243.204.250,47.243.204.250,00000000000000000000000000000000000000000000000000000000000000,|||,|||,|||,|||,|||,|||,|||,|||,|||,|||
5.34.204.74,5.34.204.74,00000000000000000000000000000000000000000000000000000000000000,|||,|||,|||,|||,|||,|||,|||,|||,|||,|||
8.143.198.39,8.143.198.39,00000000000000000000000000000000000000000000000000000000000000,|||,|||,|||,|||,|||,|||,|||,|||,|||,|||
8.210.41.68,8.210.41.68,00000000000000000000000000000000000000000000000000000000000000,|||,|||,|||,|||,|||,|||,|||,|||,|||,|||
5.248.3.164,5.248.3.164,00000000000000000000000000000000000000000000000000000000000000,|||,|||,|||,|||,|||,|||,|||,|||,|||,|||
5.194.153.168,5.194.153.168,00000000000000000000000000000000000000000000000000000000000000,|||,|||,|||,|||,|||,|||,|||,|||,|||,|||
5.240.42.72,5.240.42.72,00000000000000000000000000000000000000000000000000000000000000,|||,|||,|||,|||,|||,|||,|||,|||,|||,|||
8.129.90.5,8.129.90.5,00000000000000000000000000000000000000000000000000000000000000,|||,|||,|||,|||,|||,|||,|||,|||,|||,|||
47.96.171.86,47.96.171.86,00000000000000000000000000000000000000000000000000000000000000,|||,|||,|||,|||,|||,|||,|||,|||,|||,|||
8.130.9.25,8.130.9.25,00000000000000000000000000000000000000000000000000000000000000,|||,|||,|||,|||,|||,|||,|||,|||,|||,|||
39.106.1.61,39.106.1.61,00000000000000000000000000000000000000000000000000000000000000,|||,|||,|||,|||,|||,|||,|||,|||,|||,|||
47.100.239.197,47.100.239.197,2ad2ad0002ad2ad22c2ad2ad2ad2ad6a7bd8f51d54bfc07e1cd34e5ca50bb3,c030|0303|http/1.1|0000-ff01-000b-0023-0010,c030|0303|http/1.1|0000-ff01-000b-0023-0010,|||,c030|0303||0000-ff01-000b-0023,c030|0303||0000-ff01-000b-0023,c014|0302|http/1.1|0000-ff01-000b-0023-0010,c030|0303|http/1.1|0000-ff01-000b-0023-0010,c030|0303|http/1.1|0000-ff01-000b-0023-0010,c030|0303|http/1.1|0000-ff01-000b-0023-0010,c030|0303|http/1.1|0000-ff01-000b-0023-0010
45.248.188.26,45.248.188.26,05d02d20d21d20d05c05d02d05d20da23a7a927f270a23608b3c7a72999cab,0016|0303||0000-ff01-0023,0005|0303||0000-ff01-0023,c012|0303||0000-ff01-000b-0023,c013|0303||0000-ff01-000b-0023,c012|0303||0000-ff01-000b-0023,0016|0302||0000-ff01-0023,0016|0303||0000-ff01-0023,0005|0303||0000-ff01-0023,0016|0303||0000-ff01-0023,c012|0303||0000-ff01-000b-0023
47.103.22.171,47.103.22.171,2ad2ad0002ad2ad22c2ad2ad2ad2ad6a7bd8f51d54bfc07e1cd34e5ca50bb3,c030|0303|http/1.1|0000-ff01-000b-0023-0010,c030|0303|http/1.1|0000-ff01-000b-0023-0010,|||,c030|0303||0000-ff01-000b-0023,c030|0303||0000-ff01-000b-0023,c014|0302|http/1.1|0000-ff01-000b-0023-0010,c030|0303|http/1.1|0000-ff01-000b-0023-0010,c030|0303|http/1.1|0000-ff01-000b-0023-0010,c030|0303|http/1.1|0000-ff01-000b-0023-0010,c030|0303|http/1.1|0000-ff01-000b-0023-0010
47.93.117.129,47.93.117.129,00000000000000000000000000000000000000000000000000000000000000,|||,|||,|||,|||,|||,|||,|||,|||,|||,|||
47.100.34.80,47.100.34.80,29d29d20d29d29d22c29d29d29d29df51c60823f963b0fe11deab8efc70b4b,c02f|0303|http/1.1|ff01-000b-0023-0010,c02f|0303|http/1.1|ff01-000b-0023-0010,c012|0303|http/1.1|ff01-000b-0023-0010,c02f|0303||ff01-000b-0023,c02f|0303||ff01-000b-0023,c014|0302|http/1.1|ff01-000b-0023-0010,c02f|0303|http/1.1|ff01-000b-0023-0010,c02f|0303|http/1.1|ff01-000b-0023-0010,c02f|0303|http/1.1|ff01-000b-0023-0010,c02f|0303|http/1.1|ff01-000b-0023-0010
47.94.45.122,47.94.45.122,00000000000000000000000000000000000000000000000000000000000000,|||,|||,|||,|||,|||,|||,|||,|||,|||,|||
47.243.253.112,47.243.253.112,00000000000000000000000000000000000000000000000000000000000000,|||,|||,|||,|||,|||,|||,|||,|||,|||,|||
47.107.35.218,47.107.35.218,3fd3fd0003fd3fd21c3fd3fd3fd3fdcb923bdf24d76ffa93e37532e1a9239b,cca8|0303|h2|ff01-0000-0001-000b-0023-0010-0017,cca8|0303|h2|ff01-0000-0001-000b-0023-0010-0017,|||,cca8|0303||ff01-0000-0001-000b-0023-0017,cca8|0303||ff01-0000-0001-000b-0023-0017,c013|0302|h2|ff01-0000-0001-000b-0023-0010-0017,cca8|0303|h2|ff01-0000-0001-000b-0023-0010-0017,cca8|0303|h2|ff01-0000-0001-000b-0023-0010-0017,cca8|0303|h2|ff01-0000-0001-000b-0023-0010-0017,cca8|0303|h2|ff01-0000-0001-000b-0023-0010-0017
47.98.149.77,47.98.149.77,00000000000000000000000000000000000000000000000000000000000000,|||,|||,|||,|||,|||,|||,|||,|||,|||,|||
47.97.97.114,47.97.97.114,00000000000000000000000000000000000000000000000000000000000000,|||,|||,|||,|||,|||,|||,|||,|||,|||,|||
47.98.140.177,47.98.140.177,00000000000000000000000000000000000000000000000000000000000000,|||,|||,|||,|||,|||,|||,|||,|||,|||,|||
47.97.40.145,47.97.40.145,00000000000000000000000000000000000000000000000000000000000000,|||,|||,|||,|||,|||,|||,|||,|||,|||,|||
47.97.122.229,47.97.122.229,00000000000000000000000000000000000000000000000000000000000000,|||,|||,|||,|||,|||,|||,|||,|||,|||,|||
47.96.147.39,47.96.147.39,00000000000000000000000000000000000000000000000000000000000000,|||,|||,|||,|||,|||,|||,|||,|||,|||,|||
47.96.1.171,47.96.1.171,00000000000000000000000000000000000000000000000000000000000000,|||,|||,|||,|||,|||,|||,|||,|||,|||,|||
5.25.168.25,5.25.168.25,00000000000000000000000000000000000000000000000000000000000000,|||,|||,|||,|||,|||,|||,|||,|||,|||,|||
47.98.141.252,47.98.141.252,00000000000000000000000000000000000000000000000000000000000000,|||,|||,|||,|||,|||,|||,|||,|||,|||,|||
51.254.96.178,51.254.96.178,00000000000000000000000000000000000000000000000000000000000000,|||,|||,|||,|||,|||,|||,|||,|||,|||,|||
8.142.8.162,8.142.8.162,00000000000000000000000000000000000000000000000000000000000000,|||,|||,|||,|||,|||,|||,|||,|||,|||,|||
8.140.164.23,8.140.164.23,00000000000000000000000000000000000000000000000000000000000000,|||,|||,|||,|||,|||,|||,|||,|||,|||,|||
8.142.29.38,8.142.29.38,00000000000000000000000000000000000000000000000000000000000000,|||,|||,|||,|||,|||,|||,|||,|||,|||,|||
51.210.104.139,51.210.104.139,00000000000000000000000000000000000000000000000000000000000000,|||,|||,|||,|||,|||,|||,|||,|||,|||,|||
5.34.204.89,5.34.204.89,00000000000000000000000000000000000000000000000000000000000000,|||,|||,|||,|||,|||,|||,|||,|||,|||,|||
8.136.205.105,8.136.205.105,00000000000000000000000000000000000000000000000000000000000000,|||,|||,|||,|||,|||,|||,|||,|||,|||,|||
51.255.109.160,51.255.109.160,00000000000000000000000000000000000000000000000000000000000000,|||,|||,|||,|||,|||,|||,|||,|||,|||,|||
8.140.107.166,8.140.107.166,00000000000000000000000000000000000000000000000000000000000000,|||,|||,|||,|||,|||,|||,|||,|||,|||,|||
8.136.183.223,8.136.183.223,00000000000000000000000000000000000000000000000000000000000000,|||,|||,|||,|||,|||,|||,|||,|||,|||,|||
47.93.47.26,47.93.47.26,00000000000000000000000000000000000000000000000000000000000000,|||,|||,|||,|||,|||,|||,|||,|||,|||,|||
5.253.27.91,5.253.27.91,00000000000000000000000000000000000000000000000000000000000000,|||,|||,|||,|||,|||,|||,|||,|||,|||,|||
8.131.57.221,8.131.57.221,00000000000000000000000000000000000000000000000000000000000000,|||,|||,|||,|||,|||,|||,|||,|||,|||,|||
47.93.55.245,47.93.55.245,00000000000000000000000000000000000000000000000000000000000000,|||,|||,|||,|||,|||,|||,|||,|||,|||,|||
8.136.83.201,8.136.83.201,00000000000000000000000000000000000000000000000000000000000000,|||,|||,|||,|||,|||,|||,|||,|||,|||,|||
45.120.149.158,45.120.149.158,29d29d15d29d29d21c29d29d29d29dc80334825071f8ff93376ac14c5a331f,c02f|0303||ff01-000b-0023,c02f|0303||ff01-000b-0023,009e|0303||ff01-0023,c02f|0303||ff01-000b-0023,c02f|0303||ff01-000b-0023,c013|0302||ff01-000b-0023,c02f|0303||ff01-000b-0023,c02f|0303||ff01-000b-0023,c02f|0303||ff01-000b-0023,c02f|0303||ff01-000b-0023
47.94.0.23,47.94.0.23,00000000000000000000000000000000000000000000000000000000000000,|||,|||,|||,|||,|||,|||,|||,|||,|||,|||
39.108.19.53,39.108.19.53,29d29d00029d29d00029d29d29d29dc1f2b0d2b2d689e78ce2f73eaa9b9280,c02f|0303|http/1.1|ff01-000b-0023-0010,c02f|0303|http/1.1|ff01-000b-0023-0010,|||,c02f|0303||ff01-000b-0023,c02f|0303||ff01-000b-0023,|||,c02f|0303|http/1.1|ff01-000b-0023-0010,c02f|0303|http/1.1|ff01-000b-0023-0010,c02f|0303|http/1.1|ff01-000b-0023-0010,c02f|0303|http/1.1|ff01-000b-0023-0010
8.136.87.224,8.136.87.224,00000000000000000000000000000000000000000000000000000000000000,|||,|||,|||,|||,|||,|||,|||,|||,|||,|||
47.94.96.203,47.94.96.203,00000000000000000000000000000000000000000000000000000000000000,|||,|||,|||,|||,|||,|||,|||,|||,|||,|||
8.140.177.0,8.140.177.0,00000000000000000000000000000000000000000000000000000000000000,|||,|||,|||,|||,|||,|||,|||,|||,|||,|||
47.94.147.80,47.94.147.80,00000000000000000000000000000000000000000000000000000000000000,|||,|||,|||,|||,|||,|||,|||,|||,|||,|||
8.134.14.63,8.134.14.63,00000000000000000000000000000000000000000000000000000000000000,|||,|||,|||,|||,|||,|||,|||,|||,|||,|||
51.195.254.221,51.195.254.221,00000000000000000000000000000000000000000000000000000000000000,|||,|||,|||,|||,|||,|||,|||,|||,|||,|||
8.142.42.163,8.142.42.163,00000000000000000000000000000000000000000000000000000000000000,|||,|||,|||,|||,|||,|||,|||,|||,|||,|||
51.89.124.57,51.89.124.57,00000000000000000000000000000000000000000000000000000000000000,|||,|||,|||,|||,|||,|||,|||,|||,|||,|||
8.142.66.88,8.142.66.88,00000000000000000000000000000000000000000000000000000000000000,|||,|||,|||,|||,|||,|||,|||,|||,|||,|||
14.126.211.252,14.126.211.252,00000000000000000000000000000000000000000000000000000000000000,|||,|||,|||,|||,|||,|||,|||,|||,|||,|||
8.142.13.46,8.142.13.46,00000000000000000000000000000000000000000000000000000000000000,|||,|||,|||,|||,|||,|||,|||,|||,|||,|||
13.92.128.170,13.92.128.170,00000000000000000000000000000000000000000000000000000000000000,|||,|||,|||,|||,|||,|||,|||,|||,|||,|||
12.249.15.182,12.249.15.182,00000000000000000000000000000000000000000000000000000000000000,|||,|||,|||,|||,|||,|||,|||,|||,|||,|||
8.214.106.241,8.214.106.241,00000000000000000000000000000000000000000000000000000000000000,|||,|||,|||,|||,|||,|||,|||,|||,|||,|||
8.141.50.61,8.141.50.61,00000000000000000000000000000000000000000000000000000000000000,|||,|||,|||,|||,|||,|||,|||,|||,|||,|||
51.255.109.175,51.255.109.175,00000000000000000000000000000000000000000000000000000000000000,|||,|||,|||,|||,|||,|||,|||,|||,|||,|||
51.255.109.173,51.255.109.173,00000000000000000000000000000000000000000000000000000000000000,|||,|||,|||,|||,|||,|||,|||,|||,|||,|||
51.255.109.172,51.255.109.172,00000000000000000000000000000000000000000000000000000000000000,|||,|||,|||,|||,|||,|||,|||,|||,|||,|||
47.102.150.225,47.102.150.225,29d29d00029d29d22c29d29d29d29d881e59db99b9f67f908be168829ecef9,c02f|0303|http/1.1|ff01-000b-0023-0010,c02f|0303|http/1.1|ff01-000b-0023-0010,|||,c02f|0303||ff01-000b-0023,c02f|0303||ff01-000b-0023,c014|0302|http/1.1|ff01-000b-0023-0010,c02f|0303|http/1.1|ff01-000b-0023-0010,c02f|0303|http/1.1|ff01-000b-0023-0010,c02f|0303|http/1.1|ff01-000b-0023-0010,c02f|0303|http/1.1|ff01-000b-0023-0010
47.243.23.253,47.243.23.253,00000000000000000000000000000000000000000000000000000000000000,|||,|||,|||,|||,|||,|||,|||,|||,|||,|||
13.92.5.63,13.92.5.63,00000000000000000000000000000000000000000000000000000000000000,|||,|||,|||,|||,|||,|||,|||,|||,|||,|||
49.232.11.113,49.232.11.113,00000000000000000000000000000000000000000000000000000000000000,|||,|||,|||,|||,|||,|||,|||,|||,|||,|||
8.21.238.12,8.21.238.12,00000000000000000000000000000000000000000000000000000000000000,|||,|||,|||,|||,|||,|||,|||,|||,|||,|||
47.94.205.7,47.94.205.7,00000000000000000000000000000000000000000000000000000000000000,|||,|||,|||,|||,|||,|||,|||,|||,|||,|||
8.136.83.153,8.136.83.153,00000000000000000000000000000000000000000000000000000000000000,|||,|||,|||,|||,|||,|||,|||,|||,|||,|||
8.142.85.34,8.142.85.34,00000000000000000000000000000000000000000000000000000000000000,|||,|||,|||,|||,|||,|||,|||,|||,|||,|||
47.243.55.42,47.243.55.42,00000000000000000000000000000000000000000000000000000000000000,|||,|||,|||,|||,|||,|||,|||,|||,|||,|||
8.210.92.211,8.210.92.211,00000000000000000000000000000000000000000000000000000000000000,|||,|||,|||,|||,|||,|||,|||,|||,|||,|||
51.161.50.185,51.161.50.185,00000000000000000000000000000000000000000000000000000000000000,|||,|||,|||,|||,|||,|||,|||,|||,|||,|||
13.212.231.61,13.212.231.61,00000000000000000000000000000000000000000000000000000000000000,|||,|||,|||,|||,|||,|||,|||,|||,|||,|||
8.142.19.12,8.142.19.12,00000000000000000000000000000000000000000000000000000000000000,|||,|||,|||,|||,|||,|||,|||,|||,|||,|||
8.217.23.76,8.217.23.76,00000000000000000000000000000000000000000000000000000000000000,|||,|||,|||,|||,|||,|||,|||,|||,|||,|||
51.161.50.186,51.161.50.186,00000000000000000000000000000000000000000000000000000000000000,|||,|||,|||,|||,|||,|||,|||,|||,|||,|||
8.141.150.198,8.141.150.198,00000000000000000000000000000000000000000000000000000000000000,|||,|||,|||,|||,|||,|||,|||,|||,|||,|||
8.3.121.237,8.3.121.237,00000000000000000000000000000000000000000000000000000000000000,|||,|||,|||,|||,|||,|||,|||,|||,|||,|||
8.136.135.62,8.136.135.62,00000000000000000000000000000000000000000000000000000000000000,|||,|||,|||,|||,|||,|||,|||,|||,|||,|||
49.232.149.138,49.232.149.138,00000000000000000000000000000000000000000000000000000000000000,|||,|||,|||,|||,|||,|||,|||,|||,|||,|||
49.213.202.22,49.213.202.22,00000000000000000000000000000000000000000000000000000000000000,|||,|||,|||,|||,|||,|||,|||,|||,|||,|||
47.107.46.35,47.107.46.35,29d29d20d29d29d22c29d29d29d29d58d85fb2e6ce46c97d342b3bf6064ac7,c02f|0303|h2|ff01-000b-0023-0010,c02f|0303|h2|ff01-000b-0023-0010,c012|0303|h2|ff01-000b-0023-0010,c02f|0303||ff01-000b-0023,c02f|0303||ff01-000b-0023,c014|0302|h2|ff01-000b-0023-0010,c02f|0303|h2|ff01-000b-0023-0010,c02f|0303|h2|ff01-000b-0023-0010,c02f|0303|h2|ff01-000b-0023-0010,c02f|0303|h2|ff01-000b-0023-0010
47.98.110.27,47.98.110.27,00000000000000000000000000000000000000000000000000000000000000,|||,|||,|||,|||,|||,|||,|||,|||,|||,|||
8.140.26.56,8.140.26.56,00000000000000000000000000000000000000000000000000000000000000,|||,|||,|||,|||,|||,|||,|||,|||,|||,|||
8.209.251.29,8.209.251.29,00000000000000000000000000000000000000000000000000000000000000,|||,|||,|||,|||,|||,|||,|||,|||,|||,|||
8.210.211.226,8.210.211.226,00000000000000000000000000000000000000000000000000000000000000,|||,|||,|||,|||,|||,|||,|||,|||,|||,|||
8.218.153.13,8.218.153.13,00000000000000000000000000000000000000000000000000000000000000,|||,|||,|||,|||,|||,|||,|||,|||,|||,|||
14.104.136.173,14.104.136.173,00000000000000000000000000000000000000000000000000000000000000,|||,|||,|||,|||,|||,|||,|||,|||,|||,|||
14.104.142.23,14.104.142.23,00000000000000000000000000000000000000000000000000000000000000,|||,|||,|||,|||,|||,|||,|||,|||,|||,|||
47.98.198.120,47.98.198.120,00000000000000000000000000000000000000000000000000000000000000,|||,|||,|||,|||,|||,|||,|||,|||,|||,|||
8.210.41.73,8.210.41.73,00000000000000000000000000000000000000000000000000000000000000,|||,|||,|||,|||,|||,|||,|||,|||,|||,|||
8.210.73.13,8.210.73.13,00000000000000000000000000000000000000000000000000000000000000,|||,|||,|||,|||,|||,|||,|||,|||,|||,|||
14.177.234.1,14.177.234.1,00000000000000000000000000000000000000000000000000000000000000,|||,|||,|||,|||,|||,|||,|||,|||,|||,|||
8.29.103.8,8.29.103.8,00000000000000000000000000000000000000000000000000000000000000,|||,|||,|||,|||,|||,|||,|||,|||,|||,|||
8.210.85.27,8.210.85.27,00000000000000000000000000000000000000000000000000000000000000,|||,|||,|||,|||,|||,|||,|||,|||,|||,|||
51.158.98.218,51.158.98.218,00000000000000000000000000000000000000000000000000000000000000,|||,|||,|||,|||,|||,|||,|||,|||,|||,|||
8.210.254.189,8.210.254.189,00000000000000000000000000000000000000000000000000000000000000,|||,|||,|||,|||,|||,|||,|||,|||,|||,|||
8.218.25.27,8.218.25.27,00000000000000000000000000000000000000000000000000000000000000,|||,|||,|||,|||,|||,|||,|||,|||,|||,|||
12.215.83.7,12.215.83.7,00000000000000000000000000000000000000000000000000000000000000,|||,|||,|||,|||,|||,|||,|||,|||,|||,|||
8.218.53.38,8.218.53.38,00000000000000000000000000000000000000000000000000000000000000,|||,|||,|||,|||,|||,|||,|||,|||,|||,|||
8.214.50.237,8.214.50.237,00000000000000000000000000000000000000000000000000000000000000,|||,|||,|||,|||,|||,|||,|||,|||,|||,|||
14.183.63.26,14.183.63.26,00000000000000000000000000000000000000000000000000000000000000,|||,|||,|||,|||,|||,|||,|||,|||,|||,|||
51.255.109.162,51.255.109.162,00000000000000000000000000000000000000000000000000000000000000,|||,|||,|||,|||,|||,|||,|||,|||,|||,|||
8.21.238.164,8.21.238.164,00000000000000000000000000000000000000000000000000000000000000,|||,|||,|||,|||,|||,|||,|||,|||,|||,|||
13.66.20.89,13.66.20.89,00000000000000000000000000000000000000000000000000000000000000,|||,|||,|||,|||,|||,|||,|||,|||,|||,|||
8.210.68.253,8.210.68.253,00000000000000000000000000000000000000000000000000000000000000,|||,|||,|||,|||,|||,|||,|||,|||,|||,|||
47.97.112.248,47.97.112.248,00000000000000000000000000000000000000000000000000000000000000,|||,|||,|||,|||,|||,|||,|||,|||,|||,|||
8.218.244.165,8.218.244.165,00000000000000000000000000000000000000000000000000000000000000,|||,|||,|||,|||,|||,|||,|||,|||,|||,|||
47.102.197.132,47.102.197.132,29d29d20d29d29d22c29d29d29d29d8e917db1de9d33002d70770504a55ef7,c02f|0303|http/1.1|0000-ff01-000b-0023-0010,c02f|0303|http/1.1|0000-ff01-000b-0023-0010,c012|0303|http/1.1|0000-ff01-000b-0023-0010,c02f|0303||0000-ff01-000b-0023,c02f|0303||0000-ff01-000b-0023,c014|0302|http/1.1|0000-ff01-000b-0023-0010,c02f|0303|http/1.1|0000-ff01-000b-0023-0010,c02f|0303|http/1.1|0000-ff01-000b-0023-0010,c02f|0303|http/1.1|0000-ff01-000b-0023-0010,c02f|0303|http/1.1|0000-ff01-000b-0023-0010
14.126.208.73,14.126.208.73,00000000000000000000000000000000000000000000000000000000000000,|||,|||,|||,|||,|||,|||,|||,|||,|||,|||
14.162.146.147,14.162.146.147,00000000000000000000000000000000000000000000000000000000000000,|||,|||,|||,|||,|||,|||,|||,|||,|||,|||
14.126.210.185,14.126.210.185,00000000000000000000000000000000000000000000000000000000000000,|||,|||,|||,|||,|||,|||,|||,|||,|||,|||
47.96.67.94,47.96.67.94,00000000000000000000000000000000000000000000000000000000000000,|||,|||,|||,|||,|||,|||,|||,|||,|||,|||
12.23.161.106,12.23.161.106,00000000000000000000000000000000000000000000000000000000000000,|||,|||,|||,|||,|||,|||,|||,|||,|||,|||
47.98.145.119,47.98.145.119,00000000000000000000000000000000000000000000000000000000000000,|||,|||,|||,|||,|||,|||,|||,|||,|||,|||
14.104.142.122,14.104.142.122,00000000000000000000000000000000000000000000000000000000000000,|||,|||,|||,|||,|||,|||,|||,|||,|||,|||
47.97.69.87,47.97.69.87,00000000000000000000000000000000000000000000000000000000000000,|||,|||,|||,|||,|||,|||,|||,|||,|||,|||
47.98.154.35,47.98.154.35,00000000000000000000000000000000000000000000000000000000000000,|||,|||,|||,|||,|||,|||,|||,|||,|||,|||
51.161.50.177,51.161.50.177,00000000000000000000000000000000000000000000000000000000000000,|||,|||,|||,|||,|||,|||,|||,|||,|||,|||
47.98.126.95,47.98.126.95,00000000000000000000000000000000000000000000000000000000000000,|||,|||,|||,|||,|||,|||,|||,|||,|||,|||
47.98.163.248,47.98.163.248,00000000000000000000000000000000000000000000000000000000000000,|||,|||,|||,|||,|||,|||,|||,|||,|||,|||
13.77.82.242,13.77.82.242,00000000000000000000000000000000000000000000000000000000000000,|||,|||,|||,|||,|||,|||,|||,|||,|||,|||
47.96.80.103,47.96.80.103,00000000000000000000000000000000000000000000000000000000000000,|||,|||,|||,|||,|||,|||,|||,|||,|||,|||
47.97.252.219,47.97.252.219,00000000000000000000000000000000000000000000000000000000000000,|||,|||,|||,|||,|||,|||,|||,|||,|||,|||
39.98.254.155,39.98.254.155,29d29d00029d29d22c29d29d29d29d881e59db99b9f67f908be168829ecef9,c02f|0303|http/1.1|ff01-000b-0023-0010,c02f|0303|http/1.1|ff01-000b-0023-0010,|||,c02f|0303||ff01-000b-0023,c02f|0303||ff01-000b-0023,c014|0302|http/1.1|ff01-000b-0023-0010,c02f|0303|http/1.1|ff01-000b-0023-0010,c02f|0303|http/1.1|ff01-000b-0023-0010,c02f|0303|http/1.1|ff01-000b-0023-0010,c02f|0303|http/1.1|ff01-000b-0023-0010
39.106.250.110,39.106.250.110,00000000000000000000000000000000000000000000000000000000000000,|||,|||,|||,|||,|||,|||,|||,|||,|||,|||
47.97.40.214,47.97.40.214,00000000000000000000000000000000000000000000000000000000000000,|||,|||,|||,|||,|||,|||,|||,|||,|||,|||
47.99.131.44,47.99.131.44,00000000000000000000000000000000000000000000000000000000000000,|||,|||,|||,|||,|||,|||,|||,|||,|||,|||
47.98.211.218,47.98.211.218,00000000000000000000000000000000000000000000000000000000000000,|||,|||,|||,|||,|||,|||,|||,|||,|||,|||
47.98.106.77,47.98.106.77,00000000000000000000000000000000000000000000000000000000000000,|||,|||,|||,|||,|||,|||,|||,|||,|||,|||
47.99.46.169,47.99.46.169,00000000000000000000000000000000000000000000000000000000000000,|||,|||,|||,|||,|||,|||,|||,|||,|||,|||
50.244.185.249,50.244.185.249,00000000000000000000000000000000000000000000000000000000000000,|||,|||,|||,|||,|||,|||,|||,|||,|||,|||
51.15.211.107,51.15.211.107,20d08b20d21d20d20c42d08b20b41d494e0df9532e75299f15ba73156cee38,c012|0303|h2|0023-ff01-0010-000b,0035|0301|h2|0023-ff01-0010-000b,c012|0303|h2|0023-ff01-0010-000b,c013|0303||0023-ff01-000b,c012|0303||0023-ff01-000b,c012|0302|h2|0023-ff01-0010-000b,1302|0303||002b-0033,0035|0301|h2|0023-ff01-0010-000b,c012|0301|h2|0023-ff01-0010-000b,1301|0303||002b-0033
50.247.203.110,50.247.203.110,00000000000000000000000000000000000000000000000000000000000000,|||,|||,|||,|||,|||,|||,|||,|||,|||,|||
49.232.136.25,49.232.136.25,00000000000000000000000000000000000000000000000000000000000000,|||,|||,|||,|||,|||,|||,|||,|||,|||,|||
47.98.121.129,47.98.121.129,00000000000000000000000000000000000000000000000000000000000000,|||,|||,|||,|||,|||,|||,|||,|||,|||,|||
47.108.74.228,47.108.74.228,00000000000000000000000000000000000000000000000000000000000000,|||,|||,|||,|||,|||,|||,|||,|||,|||,|||
50.17.103.153,50.17.103.153,00000000000000000000000000000000000000000000000000000000000000,|||,|||,|||,|||,|||,|||,|||,|||,|||,|||
47.99.36.244,47.99.36.244,00000000000000000000000000000000000000000000000000000000000000,|||,|||,|||,|||,|||,|||,|||,|||,|||,|||
47.105.26.25,47.105.26.25,00000000000000000000000000000000000000000000000000000000000000,|||,|||,|||,|||,|||,|||,|||,|||,|||,|||
14.114.199.249,14.114.199.249,00000000000000000000000000000000000000000000000000000000000000,|||,|||,|||,|||,|||,|||,|||,|||,|||,|||
13.213.187.77,13.213.187.77,00000000000000000000000000000000000000000000000000000000000000,|||,|||,|||,|||,|||,|||,|||,|||,|||,|||
51.210.14.34,51.210.14.34,15d3fd16d29d29d00042d43d000000ed1cf37c9a169b41886e27ba8fad60b0,009e|0303|http/1.1|ff01-0001-0010-0017,cca8|0303|http/1.1|ff01-0001-000b-0010-0017,009f|0303|http/1.1|ff01-0001-0010-0017,c02f|0303|http/1.1|ff01-0001-000b-0010-0017,c02f|0303|http/1.1|ff01-0001-000b-0010-0017,|||,1302|0303||002b-0033,1303|0303||002b-0033,|||,|||
54.38.71.123,54.38.71.123,00000000000000000000000000000000000000000000000000000000000000,|||,|||,|||,|||,|||,|||,|||,|||,|||,|||
14.29.233.79,14.29.233.79,00000000000000000000000000000000000000000000000000000000000000,|||,|||,|||,|||,|||,|||,|||,|||,|||,|||
51.158.100.61,51.158.100.61,00000000000000000000000000000000000000000000000000000000000000,|||,|||,|||,|||,|||,|||,|||,|||,|||,|||
47.97.217.140,47.97.217.140,00000000000000000000000000000000000000000000000000000000000000,|||,|||,|||,|||,|||,|||,|||,|||,|||,|||
14.97.41.58,14.97.41.58,00000000000000000000000000000000000000000000000000000000000000,|||,|||,|||,|||,|||,|||,|||,|||,|||,|||
51.255.109.168,51.255.109.168,00000000000000000000000000000000000000000000000000000000000000,|||,|||,|||,|||,|||,|||,|||,|||,|||,|||
13.92.177.76,13.92.177.76,00000000000000000000000000000000000000000000000000000000000000,|||,|||,|||,|||,|||,|||,|||,|||,|||,|||
51.255.109.167,51.255.109.167,00000000000000000000000000000000000000000000000000000000000000,|||,|||,|||,|||,|||,|||,|||,|||,|||,|||
47.102.127.243,47.102.127.243,00000000000000000000000000000000000000000000000000000000000000,|||,|||,|||,|||,|||,|||,|||,|||,|||,|||
51.255.109.164,51.255.109.164,00000000000000000000000000000000000000000000000000000000000000,|||,|||,|||,|||,|||,|||,|||,|||,|||,|||
51.255.109.169,51.255.109.169,00000000000000000000000000000000000000000000000000000000000000,|||,|||,|||,|||,|||,|||,|||,|||,|||,|||
47.96.166.131,47.96.166.131,00000000000000000000000000000000000000000000000000000000000000,|||,|||,|||,|||,|||,|||,|||,|||,|||,|||
13.94.33.201,13.94.33.201,00000000000000000000000000000000000000000000000000000000000000,|||,|||,|||,|||,|||,|||,|||,|||,|||,|||
18.159.214.82,18.159.214.82,00000000000000000000000000000000000000000000000000000000000000,|||,|||,|||,|||,|||,|||,|||,|||,|||,|||
14.226.194.131,14.226.194.131,00000000000000000000000000000000000000000000000000000000000000,|||,|||,|||,|||,|||,|||,|||,|||,|||,|||
51.255.109.165,51.255.109.165,00000000000000000000000000000000000000000000000000000000000000,|||,|||,|||,|||,|||,|||,|||,|||,|||,|||
54.38.190.57,54.38.190.57,00000000000000000000000000000000000000000000000000000000000000,|||,|||,|||,|||,|||,|||,|||,|||,|||,|||
14.107.43.38,14.107.43.38,00000000000000000000000000000000000000000000000000000000000000,|||,|||,|||,|||,|||,|||,|||,|||,|||,|||
47.111.22.106,47.111.22.106,07d2ad16d21d21d07c07d2ad07d21d9b2f5869a6985368a9dec764186a9175,0033|0303||ff01-0017,c030|0303||ff01-0017,009f|0303||ff01-0017,c013|0303||ff01-0017,c013|0303||ff01-0017,0033|0302||ff01-0017,0033|0303||ff01-0017,c030|0303||ff01-0017,0033|0303||ff01-0017,c013|0303||ff01-0017
47.97.253.112,47.97.253.112,00000000000000000000000000000000000000000000000000000000000000,|||,|||,|||,|||,|||,|||,|||,|||,|||,|||
14.116.148.62,14.116.148.62,00000000000000000000000000000000000000000000000000000000000000,|||,|||,|||,|||,|||,|||,|||,|||,|||,|||
14.18.83.37,14.18.83.37,00000000000000000000000000000000000000000000000000000000000000,|||,|||,|||,|||,|||,|||,|||,|||,|||,|||
47.116.100.4,47.116.100.4,00000000000000000000000000000000000000000000000000000000000000,|||,|||,|||,|||,|||,|||,|||,|||,|||,|||
14.183.145.204,14.183.145.204,00000000000000000000000000000000000000000000000000000000000000,|||,|||,|||,|||,|||,|||,|||,|||,|||,|||
49.233.38.67,49.233.38.67,00000000000000000000000000000000000000000000000000000000000000,|||,|||,|||,|||,|||,|||,|||,|||,|||,|||
14.233.173.60,14.233.173.60,00000000000000000000000000000000000000000000000000000000000000,|||,|||,|||,|||,|||,|||,|||,|||,|||,|||
13.90.210.47,13.90.210.47,00000000000000000000000000000000000000000000000000000000000000,|||,|||,|||,|||,|||,|||,|||,|||,|||,|||
14.243.140.245,14.243.140.245,00000000000000000000000000000000000000000000000000000000000000,|||,|||,|||,|||,|||,|||,|||,|||,|||,|||
47.94.220.122,47.94.220.122,00000000000000000000000000000000000000000000000000000000000000,|||,|||,|||,|||,|||,|||,|||,|||,|||,|||
47.111.17.96,47.111.17.96,29d29d20d29d29d22c29d29d29d29df51c60823f963b0fe11deab8efc70b4b,c02f|0303|http/1.1|ff01-000b-0023-0010,c02f|0303|http/1.1|ff01-000b-0023-0010,c012|0303|http/1.1|ff01-000b-0023-0010,c02f|0303||ff01-000b-0023,c02f|0303||ff01-000b-0023,c014|0302|http/1.1|ff01-000b-0023-0010,c02f|0303|http/1.1|ff01-000b-0023-0010,c02f|0303|http/1.1|ff01-000b-0023-0010,c02f|0303|http/1.1|ff01-000b-0023-0010,c02f|0303|http/1.1|ff01-000b-0023-0010
42.193.190.7,42.193.190.7,07d2ad16d21d21d07c07d2ad07d21d7e041aa174fa2d3165f8bda79299bfea,0033|0303||0001-0017-ff01,c030|0303||0001-0017-ff01,009f|0303||0001-0017-ff01,c013|0303||0001-0017-ff01,c013|0303||0001-0017-ff01,0033|0302||0001-0017-ff01,0033|0303||0001-0017-ff01,c030|0303||0001-0017-ff01,0033|0303||0001-0017-ff01,c013|0303||0001-0017-ff01
51.89.36.201,51.89.36.201,00000000000000000000000000000000000000000000000000000000000000,|||,|||,|||,|||,|||,|||,|||,|||,|||,|||
51.158.151.32,51.158.151.32,2ad2ad0002ad2ad00042d42d0000005d86ccb1a0567e012264097a0315d7a7,c030|0303|h2|ff01-0000-0001-000b-0023-0010-0017,c030|0303|h2|ff01-0000-0001-000b-0023-0010-0017,|||,c030|0303||ff01-0000-0001-000b-0023-0017,c030|0303||ff01-0000-0001-000b-0023-0017,|||,1302|0303||002b-0033,1302|0303||002b-0033,|||,|||
14.1.112.177,14.1.112.177,00000000000000000000000000000000000000000000000000000000000000,|||,|||,|||,|||,|||,|||,|||,|||,|||,|||
13.68.137.228,13.68.137.228,00000000000000000000000000000000000000000000000000000000000000,|||,|||,|||,|||,|||,|||,|||,|||,|||,|||
49.232.143.192,49.232.143.192,00000000000000000000000000000000000000000000000000000000000000,|||,|||,|||,|||,|||,|||,|||,|||,|||,|||
14.176.231.165,14.176.231.165,00000000000000000000000000000000000000000000000000000000000000,|||,|||,|||,|||,|||,|||,|||,|||,|||,|||
14.36.104.225,14.36.104.225,00000000000000000000000000000000000000000000000000000000000000,|||,|||,|||,|||,|||,|||,|||,|||,|||,|||
14.107.70.24,14.107.70.24,00000000000000000000000000000000000000000000000000000000000000,|||,|||,|||,|||,|||,|||,|||,|||,|||,|||
16.163.55.167,16.163.55.167,00000000000000000000000000000000000000000000000000000000000000,|||,|||,|||,|||,|||,|||,|||,|||,|||,|||
14.127.251.54,14.127.251.54,00000000000000000000000000000000000000000000000000000000000000,|||,|||,|||,|||,|||,|||,|||,|||,|||,|||
51.255.109.170,51.255.109.170,00000000000000000000000000000000000000000000000000000000000000,|||,|||,|||,|||,|||,|||,|||,|||,|||,|||
49.205.196.148,49.205.196.148,00000000000000000000000000000000000000000000000000000000000000,|||,|||,|||,|||,|||,|||,|||,|||,|||,|||
47.97.19.161,47.97.19.161,00000000000000000000000000000000000000000000000000000000000000,|||,|||,|||,|||,|||,|||,|||,|||,|||,|||
14.104.136.24,14.104.136.24,00000000000000000000000000000000000000000000000000000000000000,|||,|||,|||,|||,|||,|||,|||,|||,|||,|||
50.195.129.121,50.195.129.121,00000000000000000000000000000000000000000000000000000000000000,|||,|||,|||,|||,|||,|||,|||,|||,|||,|||
14.232.245.125,14.232.245.125,00000000000000000000000000000000000000000000000000000000000000,|||,|||,|||,|||,|||,|||,|||,|||,|||,|||
51.222.156.210,51.222.156.210,00000000000000000000000000000000000000000000000000000000000000,|||,|||,|||,|||,|||,|||,|||,|||,|||,|||
14.29.254.28,14.29.254.28,00000000000000000000000000000000000000000000000000000000000000,|||,|||,|||,|||,|||,|||,|||,|||,|||,|||
51.161.50.178,51.161.50.178,00000000000000000000000000000000000000000000000000000000000000,|||,|||,|||,|||,|||,|||,|||,|||,|||,|||
14.29.153.200,14.29.153.200,00000000000000000000000000000000000000000000000000000000000000,|||,|||,|||,|||,|||,|||,|||,|||,|||,|||
51.161.50.191,51.161.50.191,00000000000000000000000000000000000000000000000000000000000000,|||,|||,|||,|||,|||,|||,|||,|||,|||,|||
20.124.121.185,20.124.121.185,00000000000000000000000000000000000000000000000000000000000000,|||,|||,|||,|||,|||,|||,|||,|||,|||,|||
51.161.50.180,51.161.50.180,00000000000000000000000000000000000000000000000000000000000000,|||,|||,|||,|||,|||,|||,|||,|||,|||,|||
47.103.22.226,47.103.22.226,29d29d00029d29d22c29d29d29d29dc2ddcfd203d071c45b4b0ffe3d7b4b89,c02f|0303|http/1.1|ff01-0000-0001-000b-0023-0010-0017,c02f|0303|http/1.1|ff01-0000-0001-000b-0023-0010-0017,|||,c02f|0303||ff01-0000-0001-000b-0023-0017,c02f|0303||ff01-0000-0001-000b-0023-0017,c014|0302|http/1.1|ff01-0000-0001-000b-0023-0010-0017,c02f|0303|http/1.1|ff01-0000-0001-000b-0023-0010-0017,c02f|0303|http/1.1|ff01-0000-0001-000b-0023-0010-0017,c02f|0303|http/1.1|ff01-0000-0001-000b-0023-0010-0017,c02f|0303|http/1.1|ff01-0000-0001-000b-0023-0010-0017
47.108.71.177,47.108.71.177,00000000000000000000000000000000000000000000000000000000000000,|||,|||,|||,|||,|||,|||,|||,|||,|||,|||
51.75.220.105,51.75.220.105,15d3fd16d29d29d00042d43d000000fe02290512647416dcf0a400ccbc0b6b,009e|0303|http/1.1|ff01-0000-0001-0010-0017,cca8|0303|http/1.1|ff01-0000-0001-000b-0010-0017,009f|0303|http/1.1|ff01-0000-0001-0010-0017,c02f|0303||ff01-0000-0001-000b-0017,c02f|0303||ff01-0000-0001-000b-0017,|||,1302|0303||002b-0033,1303|0303||002b-0033,|||,|||
49.143.120.24,49.143.120.24,00000000000000000000000000000000000000000000000000000000000000,|||,|||,|||,|||,|||,|||,|||,|||,|||,|||
47.97.207.154,47.97.207.154,00000000000000000000000000000000000000000000000000000000000000,|||,|||,|||,|||,|||,|||,|||,|||,|||,|||
47.96.108.6,47.96.108.6,00000000000000000000000000000000000000000000000000000000000000,|||,|||,|||,|||,|||,|||,|||,|||,|||,|||
47.108.199.165,47.108.199.165,00000000000000000000000000000000000000000000000000000000000000,|||,|||,|||,|||,|||,|||,|||,|||,|||,|||
51.161.70.116,51.161.70.116,00000000000000000000000000000000000000000000000000000000000000,|||,|||,|||,|||,|||,|||,|||,|||,|||,|||
47.96.111.83,47.96.111.83,00000000000000000000000000000000000000000000000000000000000000,|||,|||,|||,|||,|||,|||,|||,|||,|||,|||
51.161.50.181,51.161.50.181,00000000000000000000000000000000000000000000000000000000000000,|||,|||,|||,|||,|||,|||,|||,|||,|||,|||
51.161.50.188,51.161.50.188,00000000000000000000000000000000000000000000000000000000000000,|||,|||,|||,|||,|||,|||,|||,|||,|||,|||
47.98.130.29,47.98.130.29,00000000000000000000000000000000000000000000000000000000000000,|||,|||,|||,|||,|||,|||,|||,|||,|||,|||
51.161.50.183,51.161.50.183,00000000000000000000000000000000000000000000000000000000000000,|||,|||,|||,|||,|||,|||,|||,|||,|||,|||
54.39.122.56,54.39.122.56,00000000000000000000000000000000000000000000000000000000000000,|||,|||,|||,|||,|||,|||,|||,|||,|||,|||
47.100.207.228,47.100.207.228,00000000000000000000000000000000000000000000000000000000000000,|||,|||,|||,|||,|||,|||,|||,|||,|||,|||
47.119.193.88,47.119.193.88,21d19d00021d21d21c21d19d21d21dd63eb481052cd655ca2b1b4e0f7740c9,c013|0303|http/1.1|ff01-0001-000b-0023-0010-0017,00c0|0303|http/1.1|ff01-0001-0023-0010-0017,|||,c013|0303||ff01-0001-000b-0023-0017,c013|0303||ff01-0001-000b-0023-0017,c013|0302|http/1.1|ff01-0001-000b-0023-0010-0017,c013|0303|http/1.1|ff01-0001-000b-0023-0010-0017,00c0|0303|http/1.1|ff01-0001-0023-0010-0017,c013|0303|http/1.1|ff01-0001-000b-0023-0010-0017,c013|0303|http/1.1|ff01-0001-000b-0023-0010-0017
14.186.21.128,14.186.21.128,00000000000000000000000000000000000000000000000000000000000000,|||,|||,|||,|||,|||,|||,|||,|||,|||,|||
49.233.68.33,49.233.68.33,00000000000000000000000000000000000000000000000000000000000000,|||,|||,|||,|||,|||,|||,|||,|||,|||,|||
47.94.133.114,47.94.133.114,00000000000000000000000000000000000000000000000000000000000000,|||,|||,|||,|||,|||,|||,|||,|||,|||,|||
49.232.15.5,49.232.15.5,00000000000000000000000000000000000000000000000000000000000000,|||,|||,|||,|||,|||,|||,|||,|||,|||,|||
47.94.100.104,47.94.100.104,00000000000000000000000000000000000000000000000000000000000000,|||,|||,|||,|||,|||,|||,|||,|||,|||,|||
20.113.60.145,20.113.60.145,00000000000000000000000000000000000000000000000000000000000000,|||,|||,|||,|||,|||,|||,|||,|||,|||,|||
51.15.6.115,51.15.6.115,00000000000000000000000000000000000000000000000000000000000000,|||,|||,|||,|||,|||,|||,|||,|||,|||,|||
47.94.4.213,47.94.4.213,00000000000000000000000000000000000000000000000000000000000000,|||,|||,|||,|||,|||,|||,|||,|||,|||,|||
14.97.159.2,14.97.159.2,00000000000000000000000000000000000000000000000000000000000000,|||,|||,|||,|||,|||,|||,|||,|||,|||,|||
14.104.136.167,14.104.136.167,00000000000000000000000000000000000000000000000000000000000000,|||,|||,|||,|||,|||,|||,|||,|||,|||,|||
47.115.32.158,47.115.32.158,29d29d00029d29d22c29d29d29d29dc2ddcfd203d071c45b4b0ffe3d7b4b89,c02f|0303|http/1.1|ff01-0000-0001-000b-0023-0010-0017,c02f|0303|http/1.1|ff01-0000-0001-000b-0023-0010-0017,|||,c02f|0303||ff01-0000-0001-000b-0023-0017,c02f|0303||ff01-0000-0001-000b-0023-0017,c014|0302|http/1.1|ff01-0000-0001-000b-0023-0010-0017,c02f|0303|http/1.1|ff01-0000-0001-000b-0023-0010-0017,c02f|0303|http/1.1|ff01-0000-0001-000b-0023-0010-0017,c02f|0303|http/1.1|ff01-0000-0001-000b-0023-0010-0017,c02f|0303|http/1.1|ff01-0000-0001-000b-0023-0010-0017
14.105.22.184,14.105.22.184,00000000000000000000000000000000000000000000000000000000000000,|||,|||,|||,|||,|||,|||,|||,|||,|||,|||
14.29.196.32,14.29.196.32,00000000000000000000000000000000000000000000000000000000000000,|||,|||,|||,|||,|||,|||,|||,|||,|||,|||
14.127.250.154,14.127.250.154,00000000000000000000000000000000000000000000000000000000000000,|||,|||,|||,|||,|||,|||,|||,|||,|||,|||
14.104.140.69,14.104.140.69,00000000000000000000000000000000000000000000000000000000000000,|||,|||,|||,|||,|||,|||,|||,|||,|||,|||
47.101.52.25,47.101.52.25,29d29d00029d29d22c42d42d000000307ee0eb468e9fdb5cfcd698a80a67ef,c02f|0303|h2|ff01-0000-0001-000b-0023-0010-0017,c02f|0303|h2|ff01-0000-0001-000b-0023-0010-0017,|||,c02f|0303||ff01-0000-0001-000b-0023-0017,c02f|0303||ff01-0000-0001-000b-0023-0017,c014|0302|h2|ff01-0000-0001-000b-0023-0010-0017,1302|0303||002b-0033,1302|0303||002b-0033,|||,|||
47.92.92.110,47.92.92.110,00000000000000000000000000000000000000000000000000000000000000,|||,|||,|||,|||,|||,|||,|||,|||,|||,|||
20.85.219.111,20.85.219.111,00000000000000000000000000000000000000000000000000000000000000,|||,|||,|||,|||,|||,|||,|||,|||,|||,|||
51.75.182.56,51.75.182.56,00000000000000000000000000000000000000000000000000000000000000,|||,|||,|||,|||,|||,|||,|||,|||,|||,|||
47.101.164.149,47.101.164.149,3fd3fd0003fd3fd21c42d42d000000307ee0eb468e9fdb5cfcd698a80a67ef,cca8|0303|h2|ff01-0000-0001-000b-0023-0010-0017,cca8|0303|h2|ff01-0000-0001-000b-0023-0010-0017,|||,cca8|0303||ff01-0000-0001-000b-0023-0017,cca8|0303||ff01-0000-0001-000b-0023-0017,c013|0302|h2|ff01-0000-0001-000b-0023-0010-0017,1302|0303||002b-0033,1302|0303||002b-0033,|||,|||
14.4.62.35,14.4.62.35,00000000000000000000000000000000000000000000000000000000000000,|||,|||,|||,|||,|||,|||,|||,|||,|||,|||
47.94.143.56,47.94.143.56,00000000000000000000000000000000000000000000000000000000000000,|||,|||,|||,|||,|||,|||,|||,|||,|||,|||
8.136.133.241,8.136.133.241,00000000000000000000000000000000000000000000000000000000000000,|||,|||,|||,|||,|||,|||,|||,|||,|||,|||
49.232.137.56,49.232.137.56,00000000000000000000000000000000000000000000000000000000000000,|||,|||,|||,|||,|||,|||,|||,|||,|||,|||
20.62.69.7,20.62.69.7,00000000000000000000000000000000000000000000000000000000000000,|||,|||,|||,|||,|||,|||,|||,|||,|||,|||
20.104.255.161,20.104.255.161,00000000000000000000000000000000000000000000000000000000000000,|||,|||,|||,|||,|||,|||,|||,|||,|||,|||
14.215.226.179,14.215.226.179,00000000000000000000000000000000000000000000000000000000000000,|||,|||,|||,|||,|||,|||,|||,|||,|||,|||
51.77.136.116,51.77.136.116,00000000000000000000000000000000000000000000000000000000000000,|||,|||,|||,|||,|||,|||,|||,|||,|||,|||
14.184.1.153,14.184.1.153,00000000000000000000000000000000000000000000000000000000000000,|||,|||,|||,|||,|||,|||,|||,|||,|||,|||
47.93.99.255,47.93.99.255,00000000000000000000000000000000000000000000000000000000000000,|||,|||,|||,|||,|||,|||,|||,|||,|||,|||
36.95.10.99,36.95.10.99,29d29d15d29d29d21c29d29d29d29dc7639a2c8ee8049d85e08031e30b69d9,c02f|0303|http/1.1|ff01-000b-0023-0010,c02f|0303|http/1.1|ff01-000b-0023-0010,009e|0303|http/1.1|ff01-0023-0010,c02f|0303|http/1.1|ff01-000b-0023-0010,c02f|0303|http/1.1|ff01-000b-0023-0010,c013|0302|http/1.1|ff01-000b-0023-0010,c02f|0303|http/1.1|ff01-000b-0023-0010,c02f|0303|http/1.1|ff01-000b-0023-0010,c02f|0303|http/1.1|ff01-000b-0023-0010,c02f|0303|http/1.1|ff01-000b-0023-0010
49.233.51.84,49.233.51.84,00000000000000000000000000000000000000000000000000000000000000,|||,|||,|||,|||,|||,|||,|||,|||,|||,|||
49.234.24.19,49.234.24.19,00000000000000000000000000000000000000000000000000000000000000,|||,|||,|||,|||,|||,|||,|||,|||,|||,|||
47.98.209.134,47.98.209.134,00000000000000000000000000000000000000000000000000000000000000,|||,|||,|||,|||,|||,|||,|||,|||,|||,|||
14.204.211.122,14.204.211.122,00000000000000000000000000000000000000000000000000000000000000,|||,|||,|||,|||,|||,|||,|||,|||,|||,|||
8.140.121.36,8.140.121.36,00000000000000000000000000000000000000000000000000000000000000,|||,|||,|||,|||,|||,|||,|||,|||,|||,|||
47.242.174.245,47.242.174.245,00000000000000000000000000000000000000000000000000000000000000,|||,|||,|||,|||,|||,|||,|||,|||,|||,|||
49.235.101.12,49.235.101.12,00000000000000000000000000000000000000000000000000000000000000,|||,|||,|||,|||,|||,|||,|||,|||,|||,|||
49.235.101.11,49.235.101.11,00000000000000000000000000000000000000000000000000000000000000,|||,|||,|||,|||,|||,|||,|||,|||,|||,|||
47.98.165.97,47.98.165.97,00000000000000000000000000000000000000000000000000000000000000,|||,|||,|||,|||,|||,|||,|||,|||,|||,|||
49.235.173.77,49.235.173.77,00000000000000000000000000000000000000000000000000000000000000,|||,|||,|||,|||,|||,|||,|||,|||,|||,|||
49.233.52.223,49.233.52.223,00000000000000000000000000000000000000000000000000000000000000,|||,|||,|||,|||,|||,|||,|||,|||,|||,|||
49.232.1.250,49.232.1.250,00000000000000000000000000000000000000000000000000000000000000,|||,|||,|||,|||,|||,|||,|||,|||,|||,|||
20.94.219.7,20.94.219.7,00000000000000000000000000000000000000000000000000000000000000,|||,|||,|||,|||,|||,|||,|||,|||,|||,|||
49.235.152.179,49.235.152.179,00000000000000000000000000000000000000000000000000000000000000,|||,|||,|||,|||,|||,|||,|||,|||,|||,|||
47.98.195.221,47.98.195.221,00000000000000000000000000000000000000000000000000000000000000,|||,|||,|||,|||,|||,|||,|||,|||,|||,|||
16.163.177.101,16.163.177.101,00000000000000000000000000000000000000000000000000000000000000,|||,|||,|||,|||,|||,|||,|||,|||,|||,|||
14.254.160.108,14.254.160.108,00000000000000000000000000000000000000000000000000000000000000,|||,|||,|||,|||,|||,|||,|||,|||,|||,|||
20.124.31.177,20.124.31.177,00000000000000000000000000000000000000000000000000000000000000,|||,|||,|||,|||,|||,|||,|||,|||,|||,|||
20.126.49.19,20.126.49.19,00000000000000000000000000000000000000000000000000000000000000,|||,|||,|||,|||,|||,|||,|||,|||,|||,|||
14.91.62.163,14.91.62.163,00000000000000000000000000000000000000000000000000000000000000,|||,|||,|||,|||,|||,|||,|||,|||,|||,|||
14.225.5.246,14.225.5.246,00000000000000000000000000000000000000000000000000000000000000,|||,|||,|||,|||,|||,|||,|||,|||,|||,|||
18.188.26.114,18.188.26.114,00000000000000000000000000000000000000000000000000000000000000,|||,|||,|||,|||,|||,|||,|||,|||,|||,|||
20.127.1.166,20.127.1.166,00000000000000000000000000000000000000000000000000000000000000,|||,|||,|||,|||,|||,|||,|||,|||,|||,|||
20.55.32.5,20.55.32.5,00000000000000000000000000000000000000000000000000000000000000,|||,|||,|||,|||,|||,|||,|||,|||,|||,|||
47.98.229.50,47.98.229.50,00000000000000000000000000000000000000000000000000000000000000,|||,|||,|||,|||,|||,|||,|||,|||,|||,|||
20.56.76.4,20.56.76.4,00000000000000000000000000000000000000000000000000000000000000,|||,|||,|||,|||,|||,|||,|||,|||,|||,|||
20.114.29.249,20.114.29.249,00000000000000000000000000000000000000000000000000000000000000,|||,|||,|||,|||,|||,|||,|||,|||,|||,|||
14.237.102.129,14.237.102.129,00000000000000000000000000000000000000000000000000000000000000,|||,|||,|||,|||,|||,|||,|||,|||,|||,|||
14.7.17.125,14.7.17.125,00000000000000000000000000000000000000000000000000000000000000,|||,|||,|||,|||,|||,|||,|||,|||,|||,|||
49.233.35.151,49.233.35.151,00000000000000000000000000000000000000000000000000000000000000,|||,|||,|||,|||,|||,|||,|||,|||,|||,|||
20.63.210.122,20.63.210.122,00000000000000000000000000000000000000000000000000000000000000,|||,|||,|||,|||,|||,|||,|||,|||,|||,|||
20.185.187.115,20.185.187.115,00000000000000000000000000000000000000000000000000000000000000,|||,|||,|||,|||,|||,|||,|||,|||,|||,|||
20.122.68.124,20.122.68.124,00000000000000000000000000000000000000000000000000000000000000,|||,|||,|||,|||,|||,|||,|||,|||,|||,|||
20.197.190.254,20.197.190.254,00000000000000000000000000000000000000000000000000000000000000,|||,|||,|||,|||,|||,|||,|||,|||,|||,|||
51.161.34.189,51.161.34.189,00000000000000000000000000000000000000000000000000000000000000,|||,|||,|||,|||,|||,|||,|||,|||,|||,|||
20.110.241.236,20.110.241.236,00000000000000000000000000000000000000000000000000000000000000,|||,|||,|||,|||,|||,|||,|||,|||,|||,|||
20.120.31.190,20.120.31.190,00000000000000000000000000000000000000000000000000000000000000,|||,|||,|||,|||,|||,|||,|||,|||,|||,|||
47.119.171.212,47.119.171.212,00000000000000000000000000000000000000000000000000000000000000,|||,|||,|||,|||,|||,|||,|||,|||,|||,|||
49.234.15.98,49.234.15.98,00000000000000000000000000000000000000000000000000000000000000,|||,|||,|||,|||,|||,|||,|||,|||,|||,|||
20.63.214.63,20.63.214.63,00000000000000000000000000000000000000000000000000000000000000,|||,|||,|||,|||,|||,|||,|||,|||,|||,|||
47.119.148.198,47.119.148.198,29d29d20d29d29d22c29d29d29d29d8e917db1de9d33002d70770504a55ef7,c02f|0303|http/1.1|0000-ff01-000b-0023-0010,c02f|0303|http/1.1|0000-ff01-000b-0023-0010,c012|0303|http/1.1|0000-ff01-000b-0023-0010,c02f|0303||0000-ff01-000b-0023,c02f|0303||0000-ff01-000b-0023,c014|0302|http/1.1|0000-ff01-000b-0023-0010,c02f|0303|http/1.1|0000-ff01-000b-0023-0010,c02f|0303|http/1.1|0000-ff01-000b-0023-0010,c02f|0303|http/1.1|0000-ff01-000b-0023-0010,c02f|0303|http/1.1|0000-ff01-000b-0023-0010
20.206.132.27,20.206.132.27,00000000000000000000000000000000000000000000000000000000000000,|||,|||,|||,|||,|||,|||,|||,|||,|||,|||
18.166.96.119,18.166.96.119,00000000000000000000000000000000000000000000000000000000000000,|||,|||,|||,|||,|||,|||,|||,|||,|||,|||
23.224.186.7,23.224.186.7,00000000000000000000000000000000000000000000000000000000000000,|||,|||,|||,|||,|||,|||,|||,|||,|||,|||
47.110.36.11,47.110.36.11,3fd3fd0003fd3fd21c42d42d000000307ee0eb468e9fdb5cfcd698a80a67ef,cca8|0303|h2|ff01-0000-0001-000b-0023-0010-0017,cca8|0303|h2|ff01-0000-0001-000b-0023-0010-0017,|||,cca8|0303||ff01-0000-0001-000b-0023-0017,cca8|0303||ff01-0000-0001-000b-0023-0017,c013|0302|h2|ff01-0000-0001-000b-0023-0010-0017,1302|0303||002b-0033,1302|0303||002b-0033,|||,|||
49.235.225.22,49.235.225.22,00000000000000000000000000000000000000000000000000000000000000,|||,|||,|||,|||,|||,|||,|||,|||,|||,|||
20.110.184.162,20.110.184.162,00000000000000000000000000000000000000000000000000000000000000,|||,|||,|||,|||,|||,|||,|||,|||,|||,|||
54.93.253.190,54.93.253.190,2ad2ad0002ad2ad22c2ad2ad2ad2ad2a916fbd2973c6ae37f24641fbcfd1d1,c030|0303|h2|0000-ff01-000b-0023-0010,c030|0303|h2|0000-ff01-000b-0023-0010,|||,c030|0303||0000-ff01-000b-0023,c030|0303||0000-ff01-000b-0023,c014|0302|h2|0000-ff01-000b-0023-0010,c030|0303|h2|0000-ff01-000b-0023-0010,c030|0303|h2|0000-ff01-000b-0023-0010,c030|0303|h2|0000-ff01-000b-0023-0010,c030|0303|h2|0000-ff01-000b-0023-0010
49.232.9.227,49.232.9.227,00000000000000000000000000000000000000000000000000000000000000,|||,|||,|||,|||,|||,|||,|||,|||,|||,|||
23.224.49.71,23.224.49.71,00000000000000000000000000000000000000000000000000000000000000,|||,|||,|||,|||,|||,|||,|||,|||,|||,|||
20.201.115.193,20.201.115.193,00000000000000000000000000000000000000000000000000000000000000,|||,|||,|||,|||,|||,|||,|||,|||,|||,|||
47.99.206.183,47.99.206.183,00000000000000000000000000000000000000000000000000000000000000,|||,|||,|||,|||,|||,|||,|||,|||,|||,|||
47.98.140.190,47.98.140.190,00000000000000000000000000000000000000000000000000000000000000,|||,|||,|||,|||,|||,|||,|||,|||,|||,|||
49.232.222.182,49.232.222.182,00000000000000000000000000000000000000000000000000000000000000,|||,|||,|||,|||,|||,|||,|||,|||,|||,|||
47.111.28.215,47.111.28.215,00000000000000000000000000000000000000000000000000000000000000,|||,|||,|||,|||,|||,|||,|||,|||,|||,|||
20.79.207.231,20.79.207.231,00000000000000000000000000000000000000000000000000000000000000,|||,|||,|||,|||,|||,|||,|||,|||,|||,|||
49.235.239.19,49.235.239.19,00000000000000000000000000000000000000000000000000000000000000,|||,|||,|||,|||,|||,|||,|||,|||,|||,|||
20.44.39.149,20.44.39.149,00000000000000000000000000000000000000000000000000000000000000,|||,|||,|||,|||,|||,|||,|||,|||,|||,|||
20.123.157.174,20.123.157.174,00000000000000000000000000000000000000000000000000000000000000,|||,|||,|||,|||,|||,|||,|||,|||,|||,|||
49.234.93.242,49.234.93.242,00000000000000000000000000000000000000000000000000000000000000,|||,|||,|||,|||,|||,|||,|||,|||,|||,|||
49.234.78.184,49.234.78.184,00000000000000000000000000000000000000000000000000000000000000,|||,|||,|||,|||,|||,|||,|||,|||,|||,|||
47.97.230.205,47.97.230.205,00000000000000000000000000000000000000000000000000000000000000,|||,|||,|||,|||,|||,|||,|||,|||,|||,|||
47.98.238.189,47.98.238.189,00000000000000000000000000000000000000000000000000000000000000,|||,|||,|||,|||,|||,|||,|||,|||,|||,|||
23.224.186.230,23.224.186.230,00000000000000000000000000000000000000000000000000000000000000,|||,|||,|||,|||,|||,|||,|||,|||,|||,|||
23.224.186.50,23.224.186.50,00000000000000000000000000000000000000000000000000000000000000,|||,|||,|||,|||,|||,|||,|||,|||,|||,|||
20.115.132.184,20.115.132.184,00000000000000000000000000000000000000000000000000000000000000,|||,|||,|||,|||,|||,|||,|||,|||,|||,|||
49.246.36.104,49.246.36.104,00000000000000000000000000000000000000000000000000000000000000,|||,|||,|||,|||,|||,|||,|||,|||,|||,|||
49.235.66.10,49.235.66.10,00000000000000000000000000000000000000000000000000000000000000,|||,|||,|||,|||,|||,|||,|||,|||,|||,|||
49.232.152.79,49.232.152.79,00000000000000000000000000000000000000000000000000000000000000,|||,|||,|||,|||,|||,|||,|||,|||,|||,|||
23.224.144.82,23.224.144.82,00000000000000000000000000000000000000000000000000000000000000,|||,|||,|||,|||,|||,|||,|||,|||,|||,|||
14.215.45.227,14.215.45.227,00000000000000000000000000000000000000000000000000000000000000,|||,|||,|||,|||,|||,|||,|||,|||,|||,|||
23.16.245.224,23.16.245.224,00000000000000000000000000000000000000000000000000000000000000,|||,|||,|||,|||,|||,|||,|||,|||,|||,|||
39.98.152.78,39.98.152.78,00000000000000000000000000000000000000000000000000000000000000,|||,|||,|||,|||,|||,|||,|||,|||,|||,|||
23.106.215.182,23.106.215.182,00000000000000000000000000000000000000000000000000000000000000,|||,|||,|||,|||,|||,|||,|||,|||,|||,|||
20.69.103.174,20.69.103.174,00000000000000000000000000000000000000000000000000000000000000,|||,|||,|||,|||,|||,|||,|||,|||,|||,|||
23.102.38.70,23.102.38.70,00000000000000000000000000000000000000000000000000000000000000,|||,|||,|||,|||,|||,|||,|||,|||,|||,|||
20.124.205.18,20.124.205.18,00000000000000000000000000000000000000000000000000000000000000,|||,|||,|||,|||,|||,|||,|||,|||,|||,|||
20.197.181.142,20.197.181.142,00000000000000000000000000000000000000000000000000000000000000,|||,|||,|||,|||,|||,|||,|||,|||,|||,|||
23.224.95.120,23.224.95.120,00000000000000000000000000000000000000000000000000000000000000,|||,|||,|||,|||,|||,|||,|||,|||,|||,|||
20.106.101.144,20.106.101.144,00000000000000000000000000000000000000000000000000000000000000,|||,|||,|||,|||,|||,|||,|||,|||,|||,|||
23.225.180.199,23.225.180.199,00000000000000000000000000000000000000000000000000000000000000,|||,|||,|||,|||,|||,|||,|||,|||,|||,|||
20.120.92.62,20.120.92.62,00000000000000000000000000000000000000000000000000000000000000,|||,|||,|||,|||,|||,|||,|||,|||,|||,|||
20.127.38.129,20.127.38.129,00000000000000000000000000000000000000000000000000000000000000,|||,|||,|||,|||,|||,|||,|||,|||,|||,|||
20.117.154.157,20.117.154.157,00000000000000000000000000000000000000000000000000000000000000,|||,|||,|||,|||,|||,|||,|||,|||,|||,|||
20.127.30.64,20.127.30.64,00000000000000000000000000000000000000000000000000000000000000,|||,|||,|||,|||,|||,|||,|||,|||,|||,|||
20.151.228.200,20.151.228.200,00000000000000000000000000000000000000000000000000000000000000,|||,|||,|||,|||,|||,|||,|||,|||,|||,|||
20.112.21.17,20.112.21.17,00000000000000000000000000000000000000000000000000000000000000,|||,|||,|||,|||,|||,|||,|||,|||,|||,|||
47.93.249.243,47.93.249.243,00000000000000000000000000000000000000000000000000000000000000,|||,|||,|||,|||,|||,|||,|||,|||,|||,|||
23.148.145.114,23.148.145.114,00000000000000000000000000000000000000000000000000000000000000,|||,|||,|||,|||,|||,|||,|||,|||,|||,|||
23.224.186.229,23.224.186.229,00000000000000000000000000000000000000000000000000000000000000,|||,|||,|||,|||,|||,|||,|||,|||,|||,|||
45.117.168.132,45.117.168.132,3fd3fd15d3fd3fd21c3fd3fd3fd3fdc110bab2c0a19e5d4e587c17ce497b15,cca8|0303|http/1.1|ff01-0001-000b-0023-0010-0017,cca8|0303|http/1.1|ff01-0001-000b-0023-0010-0017,009e|0303|http/1.1|ff01-0001-0023-0010-0017,cca8|0303||ff01-0001-000b-0023-0017,cca8|0303||ff01-0001-000b-0023-0017,c013|0302|http/1.1|ff01-0001-000b-0023-0010-0017,cca8|0303|http/1.1|ff01-0001-000b-0023-0010-0017,cca8|0303|http/1.1|ff01-0001-000b-0023-0010-0017,cca8|0303|http/1.1|ff01-0001-000b-0023-0010-0017,cca8|0303|http/1.1|ff01-0001-000b-0023-0010-0017
20.88.39.70,20.88.39.70,00000000000000000000000000000000000000000000000000000000000000,|||,|||,|||,|||,|||,|||,|||,|||,|||,|||
47.98.176.241,47.98.176.241,00000000000000000000000000000000000000000000000000000000000000,|||,|||,|||,|||,|||,|||,|||,|||,|||,|||
20.52.238.80,20.52.238.80,00000000000000000000000000000000000000000000000000000000000000,|||,|||,|||,|||,|||,|||,|||,|||,|||,|||
20.203.139.65,20.203.139.65,00000000000000000000000000000000000000000000000000000000000000,|||,|||,|||,|||,|||,|||,|||,|||,|||,|||
20.119.60.61,20.119.60.61,00000000000000000000000000000000000000000000000000000000000000,|||,|||,|||,|||,|||,|||,|||,|||,|||,|||
20.127.127.242,20.127.127.242,00000000000000000000000000000000000000000000000000000000000000,|||,|||,|||,|||,|||,|||,|||,|||,|||,|||
20.97.48.178,20.97.48.178,00000000000000000000000000000000000000000000000000000000000000,|||,|||,|||,|||,|||,|||,|||,|||,|||,|||
18.207.222.74,18.207.222.74,00000000000000000000000000000000000000000000000000000000000000,|||,|||,|||,|||,|||,|||,|||,|||,|||,|||
20.63.212.117,20.63.212.117,00000000000000000000000000000000000000000000000000000000000000,|||,|||,|||,|||,|||,|||,|||,|||,|||,|||
49.142.130.202,49.142.130.202,00000000000000000000000000000000000000000000000000000000000000,|||,|||,|||,|||,|||,|||,|||,|||,|||,|||
47.106.224.140,47.106.224.140,2ad2ad00000000022c2ad2ad2ad2ad71511ff7d1a568ec0a9bd891aa99bd6f,c030|0303|http/1.1|ff01-000b-0023-0017-0010,c030|0303|http/1.1|ff01-000b-0023-0017-0010,|||,|||,|||,c014|0302|http/1.1|ff01-000b-0023-0017-0010,c030|0303|http/1.1|ff01-000b-0023-0017-0010,c030|0303|http/1.1|ff01-000b-0023-0017-0010,c030|0303|http/1.1|ff01-000b-0023-0017-0010,c030|0303|http/1.1|ff01-000b-0023-0017-0010
49.234.33.172,49.234.33.172,00000000000000000000000000000000000000000000000000000000000000,|||,|||,|||,|||,|||,|||,|||,|||,|||,|||
23.243.8.49,23.243.8.49,00000000000000000000000000000000000000000000000000000000000000,|||,|||,|||,|||,|||,|||,|||,|||,|||,|||
39.104.89.57,39.104.89.57,00000000000000000000000000000000000000000000000000000000000000,|||,|||,|||,|||,|||,|||,|||,|||,|||,|||
23.224.186.36,23.224.186.36,00000000000000000000000000000000000000000000000000000000000000,|||,|||,|||,|||,|||,|||,|||,|||,|||,|||
47.108.57.170,47.108.57.170,29d29d20d29d29d22c29d29d29d29df51c60823f963b0fe11deab8efc70b4b,c02f|0303|http/1.1|ff01-000b-0023-0010,c02f|0303|http/1.1|ff01-000b-0023-0010,c012|0303|http/1.1|ff01-000b-0023-0010,c02f|0303||ff01-000b-0023,c02f|0303||ff01-000b-0023,c014|0302|http/1.1|ff01-000b-0023-0010,c02f|0303|http/1.1|ff01-000b-0023-0010,c02f|0303|http/1.1|ff01-000b-0023-0010,c02f|0303|http/1.1|ff01-000b-0023-0010,c02f|0303|http/1.1|ff01-000b-0023-0010
47.240.90.48,47.240.90.48,00000000000000000000000000000000000000000000000000000000000000,|||,|||,|||,|||,|||,|||,|||,|||,|||,|||
51.222.157.240,51.222.157.240,00000000000000000000000000000000000000000000000000000000000000,|||,|||,|||,|||,|||,|||,|||,|||,|||,|||
49.143.43.93,49.143.43.93,00000000000000000000000000000000000000000000000000000000000000,|||,|||,|||,|||,|||,|||,|||,|||,|||,|||
47.93.211.18,47.93.211.18,00000000000000000000000000000000000000000000000000000000000000,|||,|||,|||,|||,|||,|||,|||,|||,|||,|||
47.94.105.39,47.94.105.39,00000000000000000000000000000000000000000000000000000000000000,|||,|||,|||,|||,|||,|||,|||,|||,|||,|||
47.104.252.158,47.104.252.158,2ad2ad0002ad2ad22c2ad2ad2ad2ad6a7bd8f51d54bfc07e1cd34e5ca50bb3,c030|0303|http/1.1|0000-ff01-000b-0023-0010,c030|0303|http/1.1|0000-ff01-000b-0023-0010,|||,c030|0303||0000-ff01-000b-0023,c030|0303||0000-ff01-000b-0023,c014|0302|http/1.1|0000-ff01-000b-0023-0010,c030|0303|http/1.1|0000-ff01-000b-0023-0010,c030|0303|http/1.1|0000-ff01-000b-0023-0010,c030|0303|http/1.1|0000-ff01-000b-0023-0010,c030|0303|http/1.1|0000-ff01-000b-0023-0010
47.113.79.17,47.113.79.17,2ad2ad0002ad2ad0002ad2ad2ad2ad755a2cec4b52fb1bce1ac7f1e48c8a7d,c030|0303||ff01-000b,c030|0303||ff01-000b,|||,c030|0303||ff01-000b,c030|0303||ff01-000b,|||,c030|0303||ff01-000b,c030|0303||ff01-000b,c030|0303||ff01-000b,c030|0303||ff01-000b
49.234.96.129,49.234.96.129,00000000000000000000000000000000000000000000000000000000000000,|||,|||,|||,|||,|||,|||,|||,|||,|||,|||
23.83.91.184,23.83.91.184,00000000000000000000000000000000000000000000000000000000000000,|||,|||,|||,|||,|||,|||,|||,|||,|||,|||
49.142.143.36,49.142.143.36,00000000000000000000000000000000000000000000000000000000000000,|||,|||,|||,|||,|||,|||,|||,|||,|||,|||
49.235.105.162,49.235.105.162,00000000000000000000000000000000000000000000000000000000000000,|||,|||,|||,|||,|||,|||,|||,|||,|||,|||
23.224.186.67,23.224.186.67,00000000000000000000000000000000000000000000000000000000000000,|||,|||,|||,|||,|||,|||,|||,|||,|||,|||
23.224.186.213,23.224.186.213,00000000000000000000000000000000000000000000000000000000000000,|||,|||,|||,|||,|||,|||,|||,|||,|||,|||
49.232.160.164,49.232.160.164,00000000000000000000000000000000000000000000000000000000000000,|||,|||,|||,|||,|||,|||,|||,|||,|||,|||
23.224.186.47,23.224.186.47,00000000000000000000000000000000000000000000000000000000000000,|||,|||,|||,|||,|||,|||,|||,|||,|||,|||
23.240.195.251,23.240.195.251,00000000000000000000000000000000000000000000000000000000000000,|||,|||,|||,|||,|||,|||,|||,|||,|||,|||
47.98.236.232,47.98.236.232,00000000000000000000000000000000000000000000000000000000000000,|||,|||,|||,|||,|||,|||,|||,|||,|||,|||
51.222.156.128,51.222.156.128,00000000000000000000000000000000000000000000000000000000000000,|||,|||,|||,|||,|||,|||,|||,|||,|||,|||
49.170.177.7,49.170.177.7,00000000000000000000000000000000000000000000000000000000000000,|||,|||,|||,|||,|||,|||,|||,|||,|||,|||
49.232.171.159,49.232.171.159,00000000000000000000000000000000000000000000000000000000000000,|||,|||,|||,|||,|||,|||,|||,|||,|||,|||
47.99.52.10,47.99.52.10,00000000000000000000000000000000000000000000000000000000000000,|||,|||,|||,|||,|||,|||,|||,|||,|||,|||
47.119.115.107,47.119.115.107,00000000000000000000000000000000000000000000000000000000000000,|||,|||,|||,|||,|||,|||,|||,|||,|||,|||
50.211.62.179,50.211.62.179,2ad2ad0002ad2ad00042d42d000000b5ce48eb9aaa95d750e8df42b900e12b,c030|0303|http/1.1|ff01-0001-000b-0010-0017,c030|0303|http/1.1|ff01-0001-000b-0010-0017,|||,c030|0303|http/1.1|ff01-0001-000b-0010-0017,c030|0303|http/1.1|ff01-0001-000b-0010-0017,|||,1302|0303||002b-0033,1302|0303||002b-0033,|||,|||
52.131.238.143,52.131.238.143,00000000000000000000000000000000000000000000000000000000000000,|||,|||,|||,|||,|||,|||,|||,|||,|||,|||
52.131.45.141,52.131.45.141,00000000000000000000000000000000000000000000000000000000000000,|||,|||,|||,|||,|||,|||,|||,|||,|||,|||
41.224.247.104,41.224.247.104,26d26d16d26d26d22c26d26d26d26dd7fc4c7c6ef19b77a4ca0787979cdc13,c028|0303||ff01,c028|0303||ff01,009f|0303||ff01,c028|0303||ff01,c028|0303||ff01,c014|0302||ff01,c028|0303||ff01,c028|0303||ff01,c028|0303||ff01,c028|0303||ff01
47.243.26.10,47.243.26.10,00000000000000000000000000000000000000000000000000000000000000,|||,|||,|||,|||,|||,|||,|||,|||,|||,|||
47.95.227.224,47.95.227.224,2ad2ad0002ad2ad22c2ad2ad2ad2adc2ddcfd203d071c45b4b0ffe3d7b4b89,c030|0303|http/1.1|ff01-0000-0001-000b-0023-0010-0017,c030|0303|http/1.1|ff01-0000-0001-000b-0023-0010-0017,|||,c030|0303||ff01-0000-0001-000b-0023-0017,c030|0303||ff01-0000-0001-000b-0023-0017,c014|0302|http/1.1|ff01-0000-0001-000b-0023-0010-0017,c030|0303|http/1.1|ff01-0000-0001-000b-0023-0010-0017,c030|0303|http/1.1|ff01-0000-0001-000b-0023-0010-0017,c030|0303|http/1.1|ff01-0000-0001-000b-0023-0010-0017,c030|0303|http/1.1|ff01-0000-0001-000b-0023-0010-0017
49.232.196.224,49.232.196.224,00000000000000000000000000000000000000000000000000000000000000,|||,|||,|||,|||,|||,|||,|||,|||,|||,|||
39.104.85.124,39.104.85.124,00000000000000000000000000000000000000000000000000000000000000,|||,|||,|||,|||,|||,|||,|||,|||,|||,|||
23.82.137.82,23.82.137.82,00000000000000000000000000000000000000000000000000000000000000,|||,|||,|||,|||,|||,|||,|||,|||,|||,|||
47.96.248.215,47.96.248.215,00000000000000000000000000000000000000000000000000000000000000,|||,|||,|||,|||,|||,|||,|||,|||,|||,|||
23.82.137.79,23.82.137.79,00000000000000000000000000000000000000000000000000000000000000,|||,|||,|||,|||,|||,|||,|||,|||,|||,|||
49.232.5.154,49.232.5.154,00000000000000000000000000000000000000000000000000000000000000,|||,|||,|||,|||,|||,|||,|||,|||,|||,|||
47.94.230.57,47.94.230.57,00000000000000000000000000000000000000000000000000000000000000,|||,|||,|||,|||,|||,|||,|||,|||,|||,|||
52.1.71.174,52.1.71.174,2ad2ad16d2ad2ad22c2ad2ad2ad2ad47321614530b94a96fa03d06e666d6d6,c030|0303|http/1.1|ff01-000b-0023-0010,c030|0303|http/1.1|ff01-000b-0023-0010,009f|0303|http/1.1|ff01-0023-0010,c030|0303||ff01-000b-0023,c030|0303||ff01-000b-0023,c014|0302|http/1.1|ff01-000b-0023-0010,c030|0303|http/1.1|ff01-000b-0023-0010,c030|0303|http/1.1|ff01-000b-0023-0010,c030|0303|http/1.1|ff01-000b-0023-0010,c030|0303|http/1.1|ff01-000b-0023-0010
49.235.70.13,49.235.70.13,00000000000000000000000000000000000000000000000000000000000000,|||,|||,|||,|||,|||,|||,|||,|||,|||,|||
23.240.43.14,23.240.43.14,00000000000000000000000000000000000000000000000000000000000000,|||,|||,|||,|||,|||,|||,|||,|||,|||,|||
47.96.19.164,47.96.19.164,2ad2ad0002ad2ad22c2ad2ad2ad2ad881e59db99b9f67f908be168829ecef9,c030|0303|http/1.1|ff01-000b-0023-0010,c030|0303|http/1.1|ff01-000b-0023-0010,|||,c030|0303||ff01-000b-0023,c030|0303||ff01-000b-0023,c014|0302|http/1.1|ff01-000b-0023-0010,c030|0303|http/1.1|ff01-000b-0023-0010,c030|0303|http/1.1|ff01-000b-0023-0010,c030|0303|http/1.1|ff01-000b-0023-0010,c030|0303|http/1.1|ff01-000b-0023-0010
23.82.137.105,23.82.137.105,00000000000000000000000000000000000000000000000000000000000000,|||,|||,|||,|||,|||,|||,|||,|||,|||,|||
58.137.0.71,58.137.0.71,00000000000000000000000000000000000000000000000000000000000000,|||,|||,|||,|||,|||,|||,|||,|||,|||,|||
23.88.65.60,23.88.65.60,00000000000000000000000000000000000000000000000000000000000000,|||,|||,|||,|||,|||,|||,|||,|||,|||,|||
47.94.140.208,47.94.140.208,00000000000000000000000000000000000000000000000000000000000000,|||,|||,|||,|||,|||,|||,|||,|||,|||,|||
47.97.220.2,47.97.220.2,00000000000000000000000000000000000000000000000000000000000000,|||,|||,|||,|||,|||,|||,|||,|||,|||,|||
49.233.47.70,49.233.47.70,00000000000000000000000000000000000000000000000000000000000000,|||,|||,|||,|||,|||,|||,|||,|||,|||,|||
47.243.178.154,47.243.178.154,00000000000000000000000000000000000000000000000000000000000000,|||,|||,|||,|||,|||,|||,|||,|||,|||,|||
52.131.232.220,52.131.232.220,00000000000000000000000000000000000000000000000000000000000000,|||,|||,|||,|||,|||,|||,|||,|||,|||,|||
47.243.186.54,47.243.186.54,3fd3fd0003fd3fd21c42d42d000000307ee0eb468e9fdb5cfcd698a80a67ef,cca8|0303|h2|ff01-0000-0001-000b-0023-0010-0017,cca8|0303|h2|ff01-0000-0001-000b-0023-0010-0017,|||,cca8|0303||ff01-0000-0001-000b-0023-0017,cca8|0303||ff01-0000-0001-000b-0023-0017,c013|0302|h2|ff01-0000-0001-000b-0023-0010-0017,1302|0303||002b-0033,1302|0303||002b-0033,|||,|||
50.239.231.250,50.239.231.250,08d08d00008d08d08c08d08d08d08d9674c6b4e623ae36cc2d998e99e2262e,0035|0303||ff01-0023,0035|0303||ff01-0023,|||,0035|0303||ff01-0023,0035|0303||ff01-0023,0035|0302||ff01-0023,0035|0303||ff01-0023,0035|0303||ff01-0023,0035|0303||ff01-0023,0035|0303||ff01-0023
47.96.161.209,47.96.161.209,29d29d00029d29d21c29d29d29d29d6a7bd8f51d54bfc07e1cd34e5ca50bb3,c02f|0303|http/1.1|0000-ff01-000b-0023-0010,c02f|0303|http/1.1|0000-ff01-000b-0023-0010,|||,c02f|0303||0000-ff01-000b-0023,c02f|0303||0000-ff01-000b-0023,c013|0302|http/1.1|0000-ff01-000b-0023-0010,c02f|0303|http/1.1|0000-ff01-000b-0023-0010,c02f|0303|http/1.1|0000-ff01-000b-0023-0010,c02f|0303|http/1.1|0000-ff01-000b-0023-0010,c02f|0303|http/1.1|0000-ff01-000b-0023-0010
49.88.112.109,49.88.112.109,00000000000000000000000000000000000000000000000000000000000000,|||,|||,|||,|||,|||,|||,|||,|||,|||,|||
23.234.237.150,23.234.237.150,00000000000000000000000000000000000000000000000000000000000000,|||,|||,|||,|||,|||,|||,|||,|||,|||,|||
31.148.151.27,31.148.151.27,00000000000000000000000000000000000000000000000000000000000000,|||,|||,|||,|||,|||,|||,|||,|||,|||,|||
23.94.174.42,23.94.174.42,00000000000000000000000000000000000000000000000000000000000000,|||,|||,|||,|||,|||,|||,|||,|||,|||,|||
23.96.185.249,23.96.185.249,00000000000000000000000000000000000000000000000000000000000000,|||,|||,|||,|||,|||,|||,|||,|||,|||,|||
24.47.126.3,24.47.126.3,00000000000000000000000000000000000000000000000000000000000000,|||,|||,|||,|||,|||,|||,|||,|||,|||,|||
24.47.238.35,24.47.238.35,00000000000000000000000000000000000000000000000000000000000000,|||,|||,|||,|||,|||,|||,|||,|||,|||,|||
24.49.52.131,24.49.52.131,00000000000000000000000000000000000000000000000000000000000000,|||,|||,|||,|||,|||,|||,|||,|||,|||,|||
47.240.21.190,47.240.21.190,2ad2ad16d2ad2ad22c42d42d00000078e356c38fb85055d97a8bed930c8956,c030|0303|h2|ff01-0001-000b-0023-0010-0017,c030|0303|h2|ff01-0001-000b-0023-0010-0017,009f|0303|h2|ff01-0001-0023-0010-0017,c030|0303|http/1.1|ff01-0001-000b-0023-0010-0017,c030|0303|http/1.1|ff01-0001-000b-0023-0010-0017,c014|0302|http/1.1|ff01-0001-000b-0023-0010-0017,1302|0303||002b-0033,1302|0303||002b-0033,|||,|||
49.213.241.195,49.213.241.195,04b02b00004b04b04b04b02b04b04b9674c6b4e623ae36cc2d998e99e2262e,000a|0301||ff01-0023,0005|0301||ff01-0023,|||,000a|0301||ff01-0023,000a|0301||ff01-0023,000a|0301||ff01-0023,000a|0301||ff01-0023,0005|0301||ff01-0023,000a|0301||ff01-0023,000a|0301||ff01-0023
49.233.117.225,49.233.117.225,00000000000000000000000000000000000000000000000000000000000000,|||,|||,|||,|||,|||,|||,|||,|||,|||,|||
49.173.161.236,49.173.161.236,00000000000000000000000000000000000000000000000000000000000000,|||,|||,|||,|||,|||,|||,|||,|||,|||,|||
23.94.212.6,23.94.212.6,00000000000000000000000000000000000000000000000000000000000000,|||,|||,|||,|||,|||,|||,|||,|||,|||,|||
23.94.182.210,23.94.182.210,00000000000000000000000000000000000000000000000000000000000000,|||,|||,|||,|||,|||,|||,|||,|||,|||,|||
52.67.157.134,52.67.157.134,00000000000000000000000000000000000000000000000000000000000000,|||,|||,|||,|||,|||,|||,|||,|||,|||,|||
23.225.3.90,23.225.3.90,00000000000000000000000000000000000000000000000000000000000000,|||,|||,|||,|||,|||,|||,|||,|||,|||,|||
23.254.151.146,23.254.151.146,00000000000000000000000000000000000000000000000000000000000000,|||,|||,|||,|||,|||,|||,|||,|||,|||,|||
24.255.10.48,24.255.10.48,00000000000000000000000000000000000000000000000000000000000000,|||,|||,|||,|||,|||,|||,|||,|||,|||,|||
47.97.19.16,47.97.19.16,29d29d20d29d29d22c42d42d000000d0255d76e2a23d86aaeea11a763e6393,c02f|0303|http/1.1|ff01-0000-0001-000b-0023-0010-0017,c02f|0303|http/1.1|ff01-0000-0001-000b-0023-0010-0017,c012|0303|http/1.1|ff01-0000-0001-000b-0023-0010-0017,c02f|0303||ff01-0000-0001-000b-0023-0017,c02f|0303||ff01-0000-0001-000b-0023-0017,c014|0302|http/1.1|ff01-0000-0001-000b-0023-0010-0017,1302|0303||002b-0033,1302|0303||002b-0033,|||,|||
49.233.252.133,49.233.252.133,00000000000000000000000000000000000000000000000000000000000000,|||,|||,|||,|||,|||,|||,|||,|||,|||,|||
52.131.41.118,52.131.41.118,00000000000000000000000000000000000000000000000000000000000000,|||,|||,|||,|||,|||,|||,|||,|||,|||,|||
49.233.127.128,49.233.127.128,00000000000000000000000000000000000000000000000000000000000000,|||,|||,|||,|||,|||,|||,|||,|||,|||,|||
24.244.82.114,24.244.82.114,00000000000000000000000000000000000000000000000000000000000000,|||,|||,|||,|||,|||,|||,|||,|||,|||,|||
47.104.195.240,47.104.195.240,2ad2ad0002ad2ad22c2ad2ad2ad2ad6a7bd8f51d54bfc07e1cd34e5ca50bb3,c030|0303|http/1.1|0000-ff01-000b-0023-0010,c030|0303|http/1.1|0000-ff01-000b-0023-0010,|||,c030|0303||0000-ff01-000b-0023,c030|0303||0000-ff01-000b-0023,c014|0302|http/1.1|0000-ff01-000b-0023-0010,c030|0303|http/1.1|0000-ff01-000b-0023-0010,c030|0303|http/1.1|0000-ff01-000b-0023-0010,c030|0303|http/1.1|0000-ff01-000b-0023-0010,c030|0303|http/1.1|0000-ff01-000b-0023-0010
50.65.32.238,50.65.32.238,04b04b00004b04b04b04b04b04b04be3b0c44298fc1c149afbf4c8996fb924,000a|0301||,000a|0301||,|||,000a|0301||,000a|0301||,000a|0301||,000a|0301||,000a|0301||,000a|0301||,000a|0301||
24.205.138.154,24.205.138.154,00000000000000000000000000000000000000000000000000000000000000,|||,|||,|||,|||,|||,|||,|||,|||,|||,|||
47.97.167.237,47.97.167.237,29d29d00029d29d22c29d29d29d29dce7a321e4956e8298ba917e9f2c22849,c02f|0303|http/1.1|ff01-0001-000b-0023-0010-0017,c02f|0303|http/1.1|ff01-0001-000b-0023-0010-0017,|||,c02f|0303||ff01-0001-000b-0023-0017,c02f|0303||ff01-0001-000b-0023-0017,c014|0302|http/1.1|ff01-0001-000b-0023-0010-0017,c02f|0303|http/1.1|ff01-0001-000b-0023-0010-0017,c02f|0303|http/1.1|ff01-0001-000b-0023-0010-0017,c02f|0303|http/1.1|ff01-0001-000b-0023-0010-0017,c02f|0303|http/1.1|ff01-0001-000b-0023-0010-0017
24.117.78.169,24.117.78.169,00000000000000000000000000000000000000000000000000000000000000,|||,|||,|||,|||,|||,|||,|||,|||,|||,|||
47.242.68.116,47.242.68.116,3fd3fd0003fd3fd21c42d42d000000307ee0eb468e9fdb5cfcd698a80a67ef,cca8|0303|h2|ff01-0000-0001-000b-0023-0010-0017,cca8|0303|h2|ff01-0000-0001-000b-0023-0010-0017,|||,cca8|0303||ff01-0000-0001-000b-0023-0017,cca8|0303||ff01-0000-0001-000b-0023-0017,c013|0302|h2|ff01-0000-0001-000b-0023-0010-0017,1302|0303||002b-0033,1302|0303||002b-0033,|||,|||
24.134.112.201,24.134.112.201,00000000000000000000000000000000000000000000000000000000000000,|||,|||,|||,|||,|||,|||,|||,|||,|||,|||
49.232.197.214,49.232.197.214,00000000000000000000000000000000000000000000000000000000000000,|||,|||,|||,|||,|||,|||,|||,|||,|||,|||
49.234.34.214,49.234.34.214,00000000000000000000000000000000000000000000000000000000000000,|||,|||,|||,|||,|||,|||,|||,|||,|||,|||
58.221.62.191,58.221.62.191,00000000000000000000000000000000000000000000000000000000000000,|||,|||,|||,|||,|||,|||,|||,|||,|||,|||
58.65.153.246,58.65.153.246,00000000000000000000000000000000000000000000000000000000000000,|||,|||,|||,|||,|||,|||,|||,|||,|||,|||
47.95.197.119,47.95.197.119,29d29d20d29d29d22c29d29d29d29d8e917db1de9d33002d70770504a55ef7,c02f|0303|http/1.1|0000-ff01-000b-0023-0010,c02f|0303|http/1.1|0000-ff01-000b-0023-0010,c012|0303|http/1.1|0000-ff01-000b-0023-0010,c02f|0303||0000-ff01-000b-0023,c02f|0303||0000-ff01-000b-0023,c014|0302|http/1.1|0000-ff01-000b-0023-0010,c02f|0303|http/1.1|0000-ff01-000b-0023-0010,c02f|0303|http/1.1|0000-ff01-000b-0023-0010,c02f|0303|http/1.1|0000-ff01-000b-0023-0010,c02f|0303|http/1.1|0000-ff01-000b-0023-0010
47.242.163.234,47.242.163.234,29d29d20d29d29d22c29d29d29d29d8e917db1de9d33002d70770504a55ef7,c02f|0303|http/1.1|0000-ff01-000b-0023-0010,c02f|0303|http/1.1|0000-ff01-000b-0023-0010,c012|0303|http/1.1|0000-ff01-000b-0023-0010,c02f|0303||0000-ff01-000b-0023,c02f|0303||0000-ff01-000b-0023,c014|0302|http/1.1|0000-ff01-000b-0023-0010,c02f|0303|http/1.1|0000-ff01-000b-0023-0010,c02f|0303|http/1.1|0000-ff01-000b-0023-0010,c02f|0303|http/1.1|0000-ff01-000b-0023-0010,c02f|0303|http/1.1|0000-ff01-000b-0023-0010
58.185.65.36,58.185.65.36,00000000000000000000000000000000000000000000000000000000000000,|||,|||,|||,|||,|||,|||,|||,|||,|||,|||
58.153.204.126,58.153.204.126,00000000000000000000000000000000000000000000000000000000000000,|||,|||,|||,|||,|||,|||,|||,|||,|||,|||
27.198.4.111,27.198.4.111,00000000000000000000000000000000000000000000000000000000000000,|||,|||,|||,|||,|||,|||,|||,|||,|||,|||
27.94.107.102,27.94.107.102,00000000000000000000000000000000000000000000000000000000000000,|||,|||,|||,|||,|||,|||,|||,|||,|||,|||
58.232.76.47,58.232.76.47,00000000000000000000000000000000000000000000000000000000000000,|||,|||,|||,|||,|||,|||,|||,|||,|||,|||
47.108.93.249,47.108.93.249,00000000000000000000000000000000000000000000000000000000000000,|||,|||,|||,|||,|||,|||,|||,|||,|||,|||
58.229.178.134,58.229.178.134,00000000000000000000000000000000000000000000000000000000000000,|||,|||,|||,|||,|||,|||,|||,|||,|||,|||
47.100.137.94,47.100.137.94,29d29d20d29d29d22c29d29d29d29d8e917db1de9d33002d70770504a55ef7,c02f|0303|http/1.1|0000-ff01-000b-0023-0010,c02f|0303|http/1.1|0000-ff01-000b-0023-0010,c012|0303|http/1.1|0000-ff01-000b-0023-0010,c02f|0303||0000-ff01-000b-0023,c02f|0303||0000-ff01-000b-0023,c014|0302|http/1.1|0000-ff01-000b-0023-0010,c02f|0303|http/1.1|0000-ff01-000b-0023-0010,c02f|0303|http/1.1|0000-ff01-000b-0023-0010,c02f|0303|http/1.1|0000-ff01-000b-0023-0010,c02f|0303|http/1.1|0000-ff01-000b-0023-0010
27.197.235.80,27.197.235.80,00000000000000000000000000000000000000000000000000000000000000,|||,|||,|||,|||,|||,|||,|||,|||,|||,|||
27.223.78.167,27.223.78.167,00000000000000000000000000000000000000000000000000000000000000,|||,|||,|||,|||,|||,|||,|||,|||,|||,|||
27.194.64.207,27.194.64.207,00000000000000000000000000000000000000000000000000000000000000,|||,|||,|||,|||,|||,|||,|||,|||,|||,|||
27.223.82.130,27.223.82.130,00000000000000000000000000000000000000000000000000000000000000,|||,|||,|||,|||,|||,|||,|||,|||,|||,|||
49.213.234.99,49.213.234.99,04b02b00004b04b04b04b02b04b04b9674c6b4e623ae36cc2d998e99e2262e,000a|0301||ff01-0023,0005|0301||ff01-0023,|||,000a|0301||ff01-0023,000a|0301||ff01-0023,000a|0301||ff01-0023,000a|0301||ff01-0023,0005|0301||ff01-0023,000a|0301||ff01-0023,000a|0301||ff01-0023
27.124.5.105,27.124.5.105,00000000000000000000000000000000000000000000000000000000000000,|||,|||,|||,|||,|||,|||,|||,|||,|||,|||
51.250.24.29,51.250.24.29,00000000000000000000000000000000000000000000000000000000000000,|||,|||,|||,|||,|||,|||,|||,|||,|||,|||
27.150.183.98,27.150.183.98,00000000000000000000000000000000000000000000000000000000000000,|||,|||,|||,|||,|||,|||,|||,|||,|||,|||
27.155.41.59,27.155.41.59,00000000000000000000000000000000000000000000000000000000000000,|||,|||,|||,|||,|||,|||,|||,|||,|||,|||
60.16.16.11,60.16.16.11,00000000000000000000000000000000000000000000000000000000000000,|||,|||,|||,|||,|||,|||,|||,|||,|||,|||
23.99.176.17,23.99.176.17,00000000000000000000000000000000000000000000000000000000000000,|||,|||,|||,|||,|||,|||,|||,|||,|||,|||
27.223.78.165,27.223.78.165,00000000000000000000000000000000000000000000000000000000000000,|||,|||,|||,|||,|||,|||,|||,|||,|||,|||
24.68.160.117,24.68.160.117,00000000000000000000000000000000000000000000000000000000000000,|||,|||,|||,|||,|||,|||,|||,|||,|||,|||
27.222.176.180,27.222.176.180,00000000000000000000000000000000000000000000000000000000000000,|||,|||,|||,|||,|||,|||,|||,|||,|||,|||
58.178.121.183,58.178.121.183,00000000000000000000000000000000000000000000000000000000000000,|||,|||,|||,|||,|||,|||,|||,|||,|||,|||
58.246.49.60,58.246.49.60,00000000000000000000000000000000000000000000000000000000000000,|||,|||,|||,|||,|||,|||,|||,|||,|||,|||
47.98.41.27,47.98.41.27,00000000000000000000000000000000000000000000000000000000000000,|||,|||,|||,|||,|||,|||,|||,|||,|||,|||
47.97.34.140,47.97.34.140,21d10d00021d21d21c21d10d21d21dfa4f2d467cfc282d8a9029b2af1af43b,c013|0303|http/1.1|0000-ff01-000b-0023-0010,0084|0303|http/1.1|0000-ff01-0023-0010,|||,c013|0303||0000-ff01-000b-0023,c013|0303||0000-ff01-000b-0023,c013|0302|http/1.1|0000-ff01-000b-0023-0010,c013|0303|http/1.1|0000-ff01-000b-0023-0010,0084|0303|http/1.1|0000-ff01-0023-0010,c013|0303|http/1.1|0000-ff01-000b-0023-0010,c013|0303|http/1.1|0000-ff01-000b-0023-0010
49.233.105.30,49.233.105.30,00000000000000000000000000000000000000000000000000000000000000,|||,|||,|||,|||,|||,|||,|||,|||,|||,|||
31.146.243.215,31.146.243.215,00000000000000000000000000000000000000000000000000000000000000,|||,|||,|||,|||,|||,|||,|||,|||,|||,|||
58.229.93.238,58.229.93.238,00000000000000000000000000000000000000000000000000000000000000,|||,|||,|||,|||,|||,|||,|||,|||,|||,|||
59.22.202.11,59.22.202.11,00000000000000000000000000000000000000000000000000000000000000,|||,|||,|||,|||,|||,|||,|||,|||,|||,|||
58.218.204.183,58.218.204.183,00000000000000000000000000000000000000000000000000000000000000,|||,|||,|||,|||,|||,|||,|||,|||,|||,|||
60.51.39.153,60.51.39.153,00000000000000000000000000000000000000000000000000000000000000,|||,|||,|||,|||,|||,|||,|||,|||,|||,|||
62.171.191.240,62.171.191.240,00000000000000000000000000000000000000000000000000000000000000,|||,|||,|||,|||,|||,|||,|||,|||,|||,|||
60.48.120.69,60.48.120.69,00000000000000000000000000000000000000000000000000000000000000,|||,|||,|||,|||,|||,|||,|||,|||,|||,|||
47.104.220.161,47.104.220.161,21d10d00021d21d21c21d10d21d21dfa4f2d467cfc282d8a9029b2af1af43b,c013|0303|http/1.1|0000-ff01-000b-0023-0010,0084|0303|http/1.1|0000-ff01-0023-0010,|||,c013|0303||0000-ff01-000b-0023,c013|0303||0000-ff01-000b-0023,c013|0302|http/1.1|0000-ff01-000b-0023-0010,c013|0303|http/1.1|0000-ff01-000b-0023-0010,0084|0303|http/1.1|0000-ff01-0023-0010,c013|0303|http/1.1|0000-ff01-000b-0023-0010,c013|0303|http/1.1|0000-ff01-000b-0023-0010
58.121.122.168,58.121.122.168,00000000000000000000000000000000000000000000000000000000000000,|||,|||,|||,|||,|||,|||,|||,|||,|||,|||
62.171.149.200,62.171.149.200,00000000000000000000000000000000000000000000000000000000000000,|||,|||,|||,|||,|||,|||,|||,|||,|||,|||
58.146.200.33,58.146.200.33,00000000000000000000000000000000000000000000000000000000000000,|||,|||,|||,|||,|||,|||,|||,|||,|||,|||
62.197.136.232,62.197.136.232,00000000000000000000000000000000000000000000000000000000000000,|||,|||,|||,|||,|||,|||,|||,|||,|||,|||
47.98.175.93,47.98.175.93,21d02d00021d21d21c21d02d21d21dfa4f2d467cfc282d8a9029b2af1af43b,c013|0303|http/1.1|0000-ff01-000b-0023-0010,0005|0303|http/1.1|0000-ff01-0023-0010,|||,c013|0303||0000-ff01-000b-0023,c013|0303||0000-ff01-000b-0023,c013|0302|http/1.1|0000-ff01-000b-0023-0010,c013|0303|http/1.1|0000-ff01-000b-0023-0010,0005|0303|http/1.1|0000-ff01-0023-0010,c013|0303|http/1.1|0000-ff01-000b-0023-0010,c013|0303|http/1.1|0000-ff01-000b-0023-0010
1.15.189.40,1.15.189.40,00000000000000000000000000000000000000000000000000000000000000,|||,|||,|||,|||,|||,|||,|||,|||,|||,|||
58.241.123.31,58.241.123.31,00000000000000000000000000000000000000000000000000000000000000,|||,|||,|||,|||,|||,|||,|||,|||,|||,|||
24.143.134.38,24.143.134.38,00000000000000000000000000000000000000000000000000000000000000,|||,|||,|||,|||,|||,|||,|||,|||,|||,|||
31.134.92.234,31.134.92.234,00000000000000000000000000000000000000000000000000000000000000,|||,|||,|||,|||,|||,|||,|||,|||,|||,|||
58.232.22.197,58.232.22.197,00000000000000000000000000000000000000000000000000000000000000,|||,|||,|||,|||,|||,|||,|||,|||,|||,|||
27.79.221.48,27.79.221.48,00000000000000000000000000000000000000000000000000000000000000,|||,|||,|||,|||,|||,|||,|||,|||,|||,|||
27.159.146.82,27.159.146.82,00000000000000000000000000000000000000000000000000000000000000,|||,|||,|||,|||,|||,|||,|||,|||,|||,|||
59.110.215.208,59.110.215.208,00000000000000000000000000000000000000000000000000000000000000,|||,|||,|||,|||,|||,|||,|||,|||,|||,|||
58.121.208.85,58.121.208.85,00000000000000000000000000000000000000000000000000000000000000,|||,|||,|||,|||,|||,|||,|||,|||,|||,|||
47.243.241.234,47.243.241.234,00000000000000000000000000000000000000000000000000000000000000,|||,|||,|||,|||,|||,|||,|||,|||,|||,|||
59.110.213.220,59.110.213.220,00000000000000000000000000000000000000000000000000000000000000,|||,|||,|||,|||,|||,|||,|||,|||,|||,|||
24.161.52.147,24.161.52.147,00000000000000000000000000000000000000000000000000000000000000,|||,|||,|||,|||,|||,|||,|||,|||,|||,|||
49.233.62.22,49.233.62.22,00000000000000000000000000000000000000000000000000000000000000,|||,|||,|||,|||,|||,|||,|||,|||,|||,|||
58.230.56.217,58.230.56.217,00000000000000000000000000000000000000000000000000000000000000,|||,|||,|||,|||,|||,|||,|||,|||,|||,|||
59.28.115.183,59.28.115.183,00000000000000000000000000000000000000000000000000000000000000,|||,|||,|||,|||,|||,|||,|||,|||,|||,|||
62.162.146.102,62.162.146.102,00000000000000000000000000000000000000000000000000000000000000,|||,|||,|||,|||,|||,|||,|||,|||,|||,|||
49.234.57.96,49.234.57.96,2ad2ad0002ad2ad22c2ad2ad2ad2ad881e59db99b9f67f908be168829ecef9,c030|0303|http/1.1|ff01-000b-0023-0010,c030|0303|http/1.1|ff01-000b-0023-0010,|||,c030|0303||ff01-000b-0023,c030|0303||ff01-000b-0023,c014|0302|http/1.1|ff01-000b-0023-0010,c030|0303|http/1.1|ff01-000b-0023-0010,c030|0303|http/1.1|ff01-000b-0023-0010,c030|0303|http/1.1|ff01-000b-0023-0010,c030|0303|http/1.1|ff01-000b-0023-0010
62.148.88.39,62.148.88.39,00000000000000000000000000000000000000000000000000000000000000,|||,|||,|||,|||,|||,|||,|||,|||,|||,|||
47.96.107.191,47.96.107.191,00000000000000000000000000000000000000000000000000000000000000,|||,|||,|||,|||,|||,|||,|||,|||,|||,|||
62.109.6.103,62.109.6.103,00000000000000000000000000000000000000000000000000000000000000,|||,|||,|||,|||,|||,|||,|||,|||,|||,|||
62.109.30.107,62.109.30.107,00000000000000000000000000000000000000000000000000000000000000,|||,|||,|||,|||,|||,|||,|||,|||,|||,|||
60.2.114.170,60.2.114.170,00000000000000000000000000000000000000000000000000000000000000,|||,|||,|||,|||,|||,|||,|||,|||,|||,|||
60.221.240.186,60.221.240.186,00000000000000000000000000000000000000000000000000000000000000,|||,|||,|||,|||,|||,|||,|||,|||,|||,|||
62.171.190.75,62.171.190.75,00000000000000000000000000000000000000000000000000000000000000,|||,|||,|||,|||,|||,|||,|||,|||,|||,|||
24.8.7.35,24.8.7.35,00000000000000000000000000000000000000000000000000000000000000,|||,|||,|||,|||,|||,|||,|||,|||,|||,|||
49.4.65.94,49.4.65.94,00000000000000000000000000000000000000000000000000000000000000,|||,|||,|||,|||,|||,|||,|||,|||,|||,|||
58.226.35.74,58.226.35.74,00000000000000000000000000000000000000000000000000000000000000,|||,|||,|||,|||,|||,|||,|||,|||,|||,|||
58.225.56.18,58.225.56.18,00000000000000000000000000000000000000000000000000000000000000,|||,|||,|||,|||,|||,|||,|||,|||,|||,|||
27.115.52.210,27.115.52.210,00000000000000000000000000000000000000000000000000000000000000,|||,|||,|||,|||,|||,|||,|||,|||,|||,|||
62.210.247.148,62.210.247.148,00000000000000000000000000000000000000000000000000000000000000,|||,|||,|||,|||,|||,|||,|||,|||,|||,|||
24.168.91.129,24.168.91.129,00000000000000000000000000000000000000000000000000000000000000,|||,|||,|||,|||,|||,|||,|||,|||,|||,|||
27.35.9.124,27.35.9.124,00000000000000000000000000000000000000000000000000000000000000,|||,|||,|||,|||,|||,|||,|||,|||,|||,|||
27.124.5.118,27.124.5.118,00000000000000000000000000000000000000000000000000000000000000,|||,|||,|||,|||,|||,|||,|||,|||,|||,|||
24.244.190.199,24.244.190.199,00000000000000000000000000000000000000000000000000000000000000,|||,|||,|||,|||,|||,|||,|||,|||,|||,|||
24.188.232.140,24.188.232.140,00000000000000000000000000000000000000000000000000000000000000,|||,|||,|||,|||,|||,|||,|||,|||,|||,|||
62.210.124.112,62.210.124.112,00000000000000000000000000000000000000000000000000000000000000,|||,|||,|||,|||,|||,|||,|||,|||,|||,|||
60.222.235.146,60.222.235.146,00000000000000000000000000000000000000000000000000000000000000,|||,|||,|||,|||,|||,|||,|||,|||,|||,|||
27.72.107.198,27.72.107.198,00000000000000000000000000000000000000000000000000000000000000,|||,|||,|||,|||,|||,|||,|||,|||,|||,|||
34.107.109.38,34.107.109.38,00000000000000000000000000000000000000000000000000000000000000,|||,|||,|||,|||,|||,|||,|||,|||,|||,|||
23.95.206.18,23.95.206.18,00000000000000000000000000000000000000000000000000000000000000,|||,|||,|||,|||,|||,|||,|||,|||,|||,|||
27.202.75.231,27.202.75.231,00000000000000000000000000000000000000000000000000000000000000,|||,|||,|||,|||,|||,|||,|||,|||,|||,|||
31.47.10.18,31.47.10.18,00000000000000000000000000000000000000000000000000000000000000,|||,|||,|||,|||,|||,|||,|||,|||,|||,|||
27.129.128.186,27.129.128.186,00000000000000000000000000000000000000000000000000000000000000,|||,|||,|||,|||,|||,|||,|||,|||,|||,|||
24.52.144.19,24.52.144.19,00000000000000000000000000000000000000000000000000000000000000,|||,|||,|||,|||,|||,|||,|||,|||,|||,|||
27.158.76.247,27.158.76.247,00000000000000000000000000000000000000000000000000000000000000,|||,|||,|||,|||,|||,|||,|||,|||,|||,|||
27.206.185.87,27.206.185.87,00000000000000000000000000000000000000000000000000000000000000,|||,|||,|||,|||,|||,|||,|||,|||,|||,|||
23.251.138.15,23.251.138.15,00000000000000000000000000000000000000000000000000000000000000,|||,|||,|||,|||,|||,|||,|||,|||,|||,|||
49.234.14.73,49.234.14.73,00000000000000000000000000000000000000000000000000000000000000,|||,|||,|||,|||,|||,|||,|||,|||,|||,|||
27.184.88.86,27.184.88.86,00000000000000000000000000000000000000000000000000000000000000,|||,|||,|||,|||,|||,|||,|||,|||,|||,|||
24.90.76.149,24.90.76.149,00000000000000000000000000000000000000000000000000000000000000,|||,|||,|||,|||,|||,|||,|||,|||,|||,|||
27.124.5.33,27.124.5.33,00000000000000000000000000000000000000000000000000000000000000,|||,|||,|||,|||,|||,|||,|||,|||,|||,|||
47.99.34.54,47.99.34.54,29d29d20d29d29d21c29d29d29d29d58d85fb2e6ce46c97d342b3bf6064ac7,c02f|0303|h2|ff01-000b-0023-0010,c02f|0303|h2|ff01-000b-0023-0010,c012|0303|h2|ff01-000b-0023-0010,c02f|0303||ff01-000b-0023,c02f|0303||ff01-000b-0023,c013|0302|h2|ff01-000b-0023-0010,c02f|0303|h2|ff01-000b-0023-0010,c02f|0303|h2|ff01-000b-0023-0010,c02f|0303|h2|ff01-000b-0023-0010,c02f|0303|h2|ff01-000b-0023-0010
62.182.85.210,62.182.85.210,00000000000000000000000000000000000000000000000000000000000000,|||,|||,|||,|||,|||,|||,|||,|||,|||,|||
27.223.78.162,27.223.78.162,00000000000000000000000000000000000000000000000000000000000000,|||,|||,|||,|||,|||,|||,|||,|||,|||,|||
27.223.78.169,27.223.78.169,00000000000000000000000000000000000000000000000000000000000000,|||,|||,|||,|||,|||,|||,|||,|||,|||,|||
27.223.78.170,27.223.78.170,00000000000000000000000000000000000000000000000000000000000000,|||,|||,|||,|||,|||,|||,|||,|||,|||,|||
62.233.50.175,62.233.50.175,00000000000000000000000000000000000000000000000000000000000000,|||,|||,|||,|||,|||,|||,|||,|||,|||,|||
27.223.78.168,27.223.78.168,00000000000000000000000000000000000000000000000000000000000000,|||,|||,|||,|||,|||,|||,|||,|||,|||,|||
31.210.20.189,31.210.20.189,00000000000000000000000000000000000000000000000000000000000000,|||,|||,|||,|||,|||,|||,|||,|||,|||,|||
60.190.98.58,60.190.98.58,00000000000000000000000000000000000000000000000000000000000000,|||,|||,|||,|||,|||,|||,|||,|||,|||,|||
31.210.20.130,31.210.20.130,00000000000000000000000000000000000000000000000000000000000000,|||,|||,|||,|||,|||,|||,|||,|||,|||,|||
27.223.78.163,27.223.78.163,00000000000000000000000000000000000000000000000000000000000000,|||,|||,|||,|||,|||,|||,|||,|||,|||,|||
27.105.131.127,27.105.131.127,00000000000000000000000000000000000000000000000000000000000000,|||,|||,|||,|||,|||,|||,|||,|||,|||,|||
31.47.32.202,31.47.32.202,00000000000000000000000000000000000000000000000000000000000000,|||,|||,|||,|||,|||,|||,|||,|||,|||,|||
27.211.92.163,27.211.92.163,00000000000000000000000000000000000000000000000000000000000000,|||,|||,|||,|||,|||,|||,|||,|||,|||,|||
49.234.63.219,49.234.63.219,00000000000000000000000000000000000000000000000000000000000000,|||,|||,|||,|||,|||,|||,|||,|||,|||,|||
27.22.105.234,27.22.105.234,00000000000000000000000000000000000000000000000000000000000000,|||,|||,|||,|||,|||,|||,|||,|||,|||,|||
34.107.59.168,34.107.59.168,00000000000000000000000000000000000000000000000000000000000000,|||,|||,|||,|||,|||,|||,|||,|||,|||,|||
31.210.20.81,31.210.20.81,00000000000000000000000000000000000000000000000000000000000000,|||,|||,|||,|||,|||,|||,|||,|||,|||,|||
31.145.191.147,31.145.191.147,00000000000000000000000000000000000000000000000000000000000000,|||,|||,|||,|||,|||,|||,|||,|||,|||,|||
24.185.23.145,24.185.23.145,00000000000000000000000000000000000000000000000000000000000000,|||,|||,|||,|||,|||,|||,|||,|||,|||,|||
31.146.115.147,31.146.115.147,00000000000000000000000000000000000000000000000000000000000000,|||,|||,|||,|||,|||,|||,|||,|||,|||,|||
27.215.109.175,27.215.109.175,00000000000000000000000000000000000000000000000000000000000000,|||,|||,|||,|||,|||,|||,|||,|||,|||,|||
31.6.110.27,31.6.110.27,00000000000000000000000000000000000000000000000000000000000000,|||,|||,|||,|||,|||,|||,|||,|||,|||,|||
34.107.57.97,34.107.57.97,00000000000000000000000000000000000000000000000000000000000000,|||,|||,|||,|||,|||,|||,|||,|||,|||,|||
24.192.200.187,24.192.200.187,00000000000000000000000000000000000000000000000000000000000000,|||,|||,|||,|||,|||,|||,|||,|||,|||,|||
31.168.246.97,31.168.246.97,00000000000000000000000000000000000000000000000000000000000000,|||,|||,|||,|||,|||,|||,|||,|||,|||,|||
47.94.14.83,47.94.14.83,3fd3fd0003fd3fd21c42d42d000000307ee0eb468e9fdb5cfcd698a80a67ef,cca8|0303|h2|ff01-0000-0001-000b-0023-0010-0017,cca8|0303|h2|ff01-0000-0001-000b-0023-0010-0017,|||,cca8|0303||ff01-0000-0001-000b-0023-0017,cca8|0303||ff01-0000-0001-000b-0023-0017,c013|0302|h2|ff01-0000-0001-000b-0023-0010-0017,1302|0303||002b-0033,1302|0303||002b-0033,|||,|||
27.223.78.164,27.223.78.164,00000000000000000000000000000000000000000000000000000000000000,|||,|||,|||,|||,|||,|||,|||,|||,|||,|||
62.210.53.33,62.210.53.33,00000000000000000000000000000000000000000000000000000000000000,|||,|||,|||,|||,|||,|||,|||,|||,|||,|||
34.139.26.180,34.139.26.180,00000000000000000000000000000000000000000000000000000000000000,|||,|||,|||,|||,|||,|||,|||,|||,|||,|||
24.68.40.249,24.68.40.249,00000000000000000000000000000000000000000000000000000000000000,|||,|||,|||,|||,|||,|||,|||,|||,|||,|||
31.163.143.70,31.163.143.70,00000000000000000000000000000000000000000000000000000000000000,|||,|||,|||,|||,|||,|||,|||,|||,|||,|||
62.233.50.171,62.233.50.171,00000000000000000000000000000000000000000000000000000000000000,|||,|||,|||,|||,|||,|||,|||,|||,|||,|||
31.214.79.182,31.214.79.182,00000000000000000000000000000000000000000000000000000000000000,|||,|||,|||,|||,|||,|||,|||,|||,|||,|||
34.127.104.182,34.127.104.182,00000000000000000000000000000000000000000000000000000000000000,|||,|||,|||,|||,|||,|||,|||,|||,|||,|||
34.105.113.109,34.105.113.109,00000000000000000000000000000000000000000000000000000000000000,|||,|||,|||,|||,|||,|||,|||,|||,|||,|||
34.105.121.207,34.105.121.207,00000000000000000000000000000000000000000000000000000000000000,|||,|||,|||,|||,|||,|||,|||,|||,|||,|||
34.107.103.41,34.107.103.41,00000000000000000000000000000000000000000000000000000000000000,|||,|||,|||,|||,|||,|||,|||,|||,|||,|||
27.185.17.40,27.185.17.40,00000000000000000000000000000000000000000000000000000000000000,|||,|||,|||,|||,|||,|||,|||,|||,|||,|||
27.72.46.130,27.72.46.130,00000000000000000000000000000000000000000000000000000000000000,|||,|||,|||,|||,|||,|||,|||,|||,|||,|||
31.25.141.10,31.25.141.10,00000000000000000000000000000000000000000000000000000000000000,|||,|||,|||,|||,|||,|||,|||,|||,|||,|||
24.212.43.207,24.212.43.207,00000000000000000000000000000000000000000000000000000000000000,|||,|||,|||,|||,|||,|||,|||,|||,|||,|||
34.141.207.7,34.141.207.7,00000000000000000000000000000000000000000000000000000000000000,|||,|||,|||,|||,|||,|||,|||,|||,|||,|||
27.223.78.166,27.223.78.166,00000000000000000000000000000000000000000000000000000000000000,|||,|||,|||,|||,|||,|||,|||,|||,|||,|||
60.172.1.136,60.172.1.136,00000000000000000000000000000000000000000000000000000000000000,|||,|||,|||,|||,|||,|||,|||,|||,|||,|||
27.46.53.141,27.46.53.141,00000000000000000000000000000000000000000000000000000000000000,|||,|||,|||,|||,|||,|||,|||,|||,|||,|||
58.238.75.24,58.238.75.24,00000000000000000000000000000000000000000000000000000000000000,|||,|||,|||,|||,|||,|||,|||,|||,|||,|||
34.124.155.111,34.124.155.111,00000000000000000000000000000000000000000000000000000000000000,|||,|||,|||,|||,|||,|||,|||,|||,|||,|||
34.116.81.87,34.116.81.87,00000000000000000000000000000000000000000000000000000000000000,|||,|||,|||,|||,|||,|||,|||,|||,|||,|||
27.222.107.135,27.222.107.135,00000000000000000000000000000000000000000000000000000000000000,|||,|||,|||,|||,|||,|||,|||,|||,|||,|||
34.141.59.64,34.141.59.64,00000000000000000000000000000000000000000000000000000000000000,|||,|||,|||,|||,|||,|||,|||,|||,|||,|||
27.223.7.70,27.223.7.70,00000000000000000000000000000000000000000000000000000000000000,|||,|||,|||,|||,|||,|||,|||,|||,|||,|||
31.210.20.202,31.210.20.202,00000000000000000000000000000000000000000000000000000000000000,|||,|||,|||,|||,|||,|||,|||,|||,|||,|||
27.72.158.112,27.72.158.112,00000000000000000000000000000000000000000000000000000000000000,|||,|||,|||,|||,|||,|||,|||,|||,|||,|||
31.143.241.40,31.143.241.40,00000000000000000000000000000000000000000000000000000000000000,|||,|||,|||,|||,|||,|||,|||,|||,|||,|||
31.145.191.150,31.145.191.150,00000000000000000000000000000000000000000000000000000000000000,|||,|||,|||,|||,|||,|||,|||,|||,|||,|||
47.95.220.103,47.95.220.103,29d29d00029d29d22c29d29d29d29dc2ddcfd203d071c45b4b0ffe3d7b4b89,c02f|0303|http/1.1|ff01-0000-0001-000b-0023-0010-0017,c02f|0303|http/1.1|ff01-0000-0001-000b-0023-0010-0017,|||,c02f|0303||ff01-0000-0001-000b-0023-0017,c02f|0303||ff01-0000-0001-000b-0023-0017,c014|0302|http/1.1|ff01-0000-0001-000b-0023-0010-0017,c02f|0303|http/1.1|ff01-0000-0001-000b-0023-0010-0017,c02f|0303|http/1.1|ff01-0000-0001-000b-0023-0010-0017,c02f|0303|http/1.1|ff01-0000-0001-000b-0023-0010-0017,c02f|0303|http/1.1|ff01-0000-0001-000b-0023-0010-0017
31.27.247.7,31.27.247.7,00000000000000000000000000000000000000000000000000000000000000,|||,|||,|||,|||,|||,|||,|||,|||,|||,|||
27.45.38.61,27.45.38.61,00000000000000000000000000000000000000000000000000000000000000,|||,|||,|||,|||,|||,|||,|||,|||,|||,|||
34.107.37.251,34.107.37.251,00000000000000000000000000000000000000000000000000000000000000,|||,|||,|||,|||,|||,|||,|||,|||,|||,|||
52.77.238.114,52.77.238.114,07d19d12d21d21d07c42d43d0000009424803a662b126a748cf4f90707a33c,0033|0303|http/1.1|ff01-0001-0023-0010-0017,00c0|0303|http/1.1|ff01-0001-0023-0010-0017,009a|0303|http/1.1|ff01-0001-0023-0010-0017,c013|0303|http/1.1|ff01-0001-000b-0023-0010-0017,c013|0303|http/1.1|ff01-0001-000b-0023-0010-0017,0033|0302|http/1.1|ff01-0001-0023-0010-0017,1302|0303||002b-0033,1303|0303||002b-0033,|||,|||
1.116.46.190,1.116.46.190,00000000000000000000000000000000000000000000000000000000000000,|||,|||,|||,|||,|||,|||,|||,|||,|||,|||
34.107.109.205,34.107.109.205,00000000000000000000000000000000000000000000000000000000000000,|||,|||,|||,|||,|||,|||,|||,|||,|||,|||
27.157.46.243,27.157.46.243,00000000000000000000000000000000000000000000000000000000000000,|||,|||,|||,|||,|||,|||,|||,|||,|||,|||
34.124.255.186,34.124.255.186,00000000000000000000000000000000000000000000000000000000000000,|||,|||,|||,|||,|||,|||,|||,|||,|||,|||
34.125.221.98,34.125.221.98,00000000000000000000000000000000000000000000000000000000000000,|||,|||,|||,|||,|||,|||,|||,|||,|||,|||
27.151.68.7,27.151.68.7,00000000000000000000000000000000000000000000000000000000000000,|||,|||,|||,|||,|||,|||,|||,|||,|||,|||
34.105.184.222,34.105.184.222,00000000000000000000000000000000000000000000000000000000000000,|||,|||,|||,|||,|||,|||,|||,|||,|||,|||
34.126.160.48,34.126.160.48,00000000000000000000000000000000000000000000000000000000000000,|||,|||,|||,|||,|||,|||,|||,|||,|||,|||
34.124.195.211,34.124.195.211,00000000000000000000000000000000000000000000000000000000000000,|||,|||,|||,|||,|||,|||,|||,|||,|||,|||
34.124.183.36,34.124.183.36,00000000000000000000000000000000000000000000000000000000000000,|||,|||,|||,|||,|||,|||,|||,|||,|||,|||
34.124.133.154,34.124.133.154,00000000000000000000000000000000000000000000000000000000000000,|||,|||,|||,|||,|||,|||,|||,|||,|||,|||
60.205.169.31,60.205.169.31,00000000000000000000000000000000000000000000000000000000000000,|||,|||,|||,|||,|||,|||,|||,|||,|||,|||
31.163.183.231,31.163.183.231,00000000000000000000000000000000000000000000000000000000000000,|||,|||,|||,|||,|||,|||,|||,|||,|||,|||
31.210.20.207,31.210.20.207,00000000000000000000000000000000000000000000000000000000000000,|||,|||,|||,|||,|||,|||,|||,|||,|||,|||
34.136.183.188,34.136.183.188,00000000000000000000000000000000000000000000000000000000000000,|||,|||,|||,|||,|||,|||,|||,|||,|||,|||
34.146.42.51,34.146.42.51,00000000000000000000000000000000000000000000000000000000000000,|||,|||,|||,|||,|||,|||,|||,|||,|||,|||
59.3.30.251,59.3.30.251,00000000000000000000000000000000000000000000000000000000000000,|||,|||,|||,|||,|||,|||,|||,|||,|||,|||
34.126.159.237,34.126.159.237,00000000000000000000000000000000000000000000000000000000000000,|||,|||,|||,|||,|||,|||,|||,|||,|||,|||
34.142.94.49,34.142.94.49,00000000000000000000000000000000000000000000000000000000000000,|||,|||,|||,|||,|||,|||,|||,|||,|||,|||
31.45.66.232,31.45.66.232,00000000000000000000000000000000000000000000000000000000000000,|||,|||,|||,|||,|||,|||,|||,|||,|||,|||
62.171.141.20,62.171.141.20,15d3fd16d21d21d00042d43d000000fe02290512647416dcf0a400ccbc0b6b,009e|0303|http/1.1|ff01-0000-0001-0010-0017,cca8|0303|http/1.1|ff01-0000-0001-000b-0010-0017,009f|0303|http/1.1|ff01-0000-0001-0010-0017,c013|0303||ff01-0000-0001-000b-0017,c013|0303||ff01-0000-0001-000b-0017,|||,1302|0303||002b-0033,1303|0303||002b-0033,|||,|||
34.122.228.150,34.122.228.150,00000000000000000000000000000000000000000000000000000000000000,|||,|||,|||,|||,|||,|||,|||,|||,|||,|||
34.107.68.192,34.107.68.192,00000000000000000000000000000000000000000000000000000000000000,|||,|||,|||,|||,|||,|||,|||,|||,|||,|||
62.233.50.55,62.233.50.55,00000000000000000000000000000000000000000000000000000000000000,|||,|||,|||,|||,|||,|||,|||,|||,|||,|||
34.139.67.20,34.139.67.20,00000000000000000000000000000000000000000000000000000000000000,|||,|||,|||,|||,|||,|||,|||,|||,|||,|||
31.41.63.30,31.41.63.30,00000000000000000000000000000000000000000000000000000000000000,|||,|||,|||,|||,|||,|||,|||,|||,|||,|||
49.232.210.6,49.232.210.6,2ad2ad0002ad2ad22c2ad2ad2ad2adcb923bdf24d76ffa93e37532e1a9239b,c030|0303|h2|ff01-0000-0001-000b-0023-0010-0017,c030|0303|h2|ff01-0000-0001-000b-0023-0010-0017,|||,c030|0303||ff01-0000-0001-000b-0023-0017,c030|0303||ff01-0000-0001-000b-0023-0017,c014|0302|h2|ff01-0000-0001-000b-0023-0010-0017,c030|0303|h2|ff01-0000-0001-000b-0023-0010-0017,c030|0303|h2|ff01-0000-0001-000b-0023-0010-0017,c030|0303|h2|ff01-0000-0001-000b-0023-0010-0017,c030|0303|h2|ff01-0000-0001-000b-0023-0010-0017
34.139.223.26,34.139.223.26,00000000000000000000000000000000000000000000000000000000000000,|||,|||,|||,|||,|||,|||,|||,|||,|||,|||
58.229.178.141,58.229.178.141,00000000000000000000000000000000000000000000000000000000000000,|||,|||,|||,|||,|||,|||,|||,|||,|||,|||
34.148.100.123,34.148.100.123,00000000000000000000000000000000000000000000000000000000000000,|||,|||,|||,|||,|||,|||,|||,|||,|||,|||
34.72.172.184,34.72.172.184,00000000000000000000000000000000000000000000000000000000000000,|||,|||,|||,|||,|||,|||,|||,|||,|||,|||
58.229.184.179,58.229.184.179,00000000000000000000000000000000000000000000000000000000000000,|||,|||,|||,|||,|||,|||,|||,|||,|||,|||
59.151.220.67,59.151.220.67,00000000000000000000000000000000000000000000000000000000000000,|||,|||,|||,|||,|||,|||,|||,|||,|||,|||
34.141.75.20,34.141.75.20,00000000000000000000000000000000000000000000000000000000000000,|||,|||,|||,|||,|||,|||,|||,|||,|||,|||
34.151.211.115,34.151.211.115,00000000000000000000000000000000000000000000000000000000000000,|||,|||,|||,|||,|||,|||,|||,|||,|||,|||
34.159.40.5,34.159.40.5,00000000000000000000000000000000000000000000000000000000000000,|||,|||,|||,|||,|||,|||,|||,|||,|||,|||
34.64.101.177,34.64.101.177,00000000000000000000000000000000000000000000000000000000000000,|||,|||,|||,|||,|||,|||,|||,|||,|||,|||
34.152.4.89,34.152.4.89,00000000000000000000000000000000000000000000000000000000000000,|||,|||,|||,|||,|||,|||,|||,|||,|||,|||
59.126.51.47,59.126.51.47,00000000000000000000000000000000000000000000000000000000000000,|||,|||,|||,|||,|||,|||,|||,|||,|||,|||
47.95.117.54,47.95.117.54,29d29d20d29d29d22c29d29d29d29d8e917db1de9d33002d70770504a55ef7,c02f|0303|http/1.1|0000-ff01-000b-0023-0010,c02f|0303|http/1.1|0000-ff01-000b-0023-0010,c012|0303|http/1.1|0000-ff01-000b-0023-0010,c02f|0303||0000-ff01-000b-0023,c02f|0303||0000-ff01-000b-0023,c014|0302|http/1.1|0000-ff01-000b-0023-0010,c02f|0303|http/1.1|0000-ff01-000b-0023-0010,c02f|0303|http/1.1|0000-ff01-000b-0023-0010,c02f|0303|http/1.1|0000-ff01-000b-0023-0010,c02f|0303|http/1.1|0000-ff01-000b-0023-0010
31.163.165.20,31.163.165.20,00000000000000000000000000000000000000000000000000000000000000,|||,|||,|||,|||,|||,|||,|||,|||,|||,|||
34.141.109.45,34.141.109.45,00000000000000000000000000000000000000000000000000000000000000,|||,|||,|||,|||,|||,|||,|||,|||,|||,|||
49.232.84.7,49.232.84.7,00000000000000000000000000000000000000000000000000000000000000,|||,|||,|||,|||,|||,|||,|||,|||,|||,|||
34.124.152.219,34.124.152.219,00000000000000000000000000000000000000000000000000000000000000,|||,|||,|||,|||,|||,|||,|||,|||,|||,|||
34.141.127.130,34.141.127.130,00000000000000000000000000000000000000000000000000000000000000,|||,|||,|||,|||,|||,|||,|||,|||,|||,|||
34.105.201.159,34.105.201.159,00000000000000000000000000000000000000000000000000000000000000,|||,|||,|||,|||,|||,|||,|||,|||,|||,|||
61.136.101.132,61.136.101.132,00000000000000000000000000000000000000000000000000000000000000,|||,|||,|||,|||,|||,|||,|||,|||,|||,|||
34.141.36.228,34.141.36.228,00000000000000000000000000000000000000000000000000000000000000,|||,|||,|||,|||,|||,|||,|||,|||,|||,|||
34.134.198.220,34.134.198.220,00000000000000000000000000000000000000000000000000000000000000,|||,|||,|||,|||,|||,|||,|||,|||,|||,|||
34.141.56.140,34.141.56.140,00000000000000000000000000000000000000000000000000000000000000,|||,|||,|||,|||,|||,|||,|||,|||,|||,|||
34.107.46.101,34.107.46.101,00000000000000000000000000000000000000000000000000000000000000,|||,|||,|||,|||,|||,|||,|||,|||,|||,|||
31.176.129.180,31.176.129.180,00000000000000000000000000000000000000000000000000000000000000,|||,|||,|||,|||,|||,|||,|||,|||,|||,|||
34.139.135.18,34.139.135.18,00000000000000000000000000000000000000000000000000000000000000,|||,|||,|||,|||,|||,|||,|||,|||,|||,|||
34.126.146.232,34.126.146.232,00000000000000000000000000000000000000000000000000000000000000,|||,|||,|||,|||,|||,|||,|||,|||,|||,|||
34.146.114.24,34.146.114.24,00000000000000000000000000000000000000000000000000000000000000,|||,|||,|||,|||,|||,|||,|||,|||,|||,|||
62.233.50.177,62.233.50.177,00000000000000000000000000000000000000000000000000000000000000,|||,|||,|||,|||,|||,|||,|||,|||,|||,|||
31.40.109.28,31.40.109.28,00000000000000000000000000000000000000000000000000000000000000,|||,|||,|||,|||,|||,|||,|||,|||,|||,|||
34.105.222.121,34.105.222.121,00000000000000000000000000000000000000000000000000000000000000,|||,|||,|||,|||,|||,|||,|||,|||,|||,|||
34.123.170.143,34.123.170.143,00000000000000000000000000000000000000000000000000000000000000,|||,|||,|||,|||,|||,|||,|||,|||,|||,|||
34.124.254.230,34.124.254.230,00000000000000000000000000000000000000000000000000000000000000,|||,|||,|||,|||,|||,|||,|||,|||,|||,|||
34.116.111.48,34.116.111.48,00000000000000000000000000000000000000000000000000000000000000,|||,|||,|||,|||,|||,|||,|||,|||,|||,|||
34.140.243.235,34.140.243.235,00000000000000000000000000000000000000000000000000000000000000,|||,|||,|||,|||,|||,|||,|||,|||,|||,|||
34.159.123.80,34.159.123.80,00000000000000000000000000000000000000000000000000000000000000,|||,|||,|||,|||,|||,|||,|||,|||,|||,|||
34.123.31.41,34.123.31.41,00000000000000000000000000000000000000000000000000000000000000,|||,|||,|||,|||,|||,|||,|||,|||,|||,|||
34.105.53.157,34.105.53.157,00000000000000000000000000000000000000000000000000000000000000,|||,|||,|||,|||,|||,|||,|||,|||,|||,|||
34.141.112.149,34.141.112.149,00000000000000000000000000000000000000000000000000000000000000,|||,|||,|||,|||,|||,|||,|||,|||,|||,|||
34.107.33.140,34.107.33.140,00000000000000000000000000000000000000000000000000000000000000,|||,|||,|||,|||,|||,|||,|||,|||,|||,|||
34.141.151.139,34.141.151.139,00000000000000000000000000000000000000000000000000000000000000,|||,|||,|||,|||,|||,|||,|||,|||,|||,|||
34.107.71.232,34.107.71.232,00000000000000000000000000000000000000000000000000000000000000,|||,|||,|||,|||,|||,|||,|||,|||,|||,|||
34.107.117.176,34.107.117.176,00000000000000000000000000000000000000000000000000000000000000,|||,|||,|||,|||,|||,|||,|||,|||,|||,|||
47.96.110.108,47.96.110.108,00000000000000000000000000000000000000000000000000000000000000,|||,|||,|||,|||,|||,|||,|||,|||,|||,|||
34.124.155.55,34.124.155.55,00000000000000000000000000000000000000000000000000000000000000,|||,|||,|||,|||,|||,|||,|||,|||,|||,|||
34.148.183.184,34.148.183.184,00000000000000000000000000000000000000000000000000000000000000,|||,|||,|||,|||,|||,|||,|||,|||,|||,|||
34.141.232.252,34.141.232.252,00000000000000000000000000000000000000000000000000000000000000,|||,|||,|||,|||,|||,|||,|||,|||,|||,|||
34.124.195.207,34.124.195.207,00000000000000000000000000000000000000000000000000000000000000,|||,|||,|||,|||,|||,|||,|||,|||,|||,|||
34.152.30.89,34.152.30.89,00000000000000000000000000000000000000000000000000000000000000,|||,|||,|||,|||,|||,|||,|||,|||,|||,|||
31.208.212.217,31.208.212.217,00000000000000000000000000000000000000000000000000000000000000,|||,|||,|||,|||,|||,|||,|||,|||,|||,|||
34.150.128.16,34.150.128.16,00000000000000000000000000000000000000000000000000000000000000,|||,|||,|||,|||,|||,|||,|||,|||,|||,|||
34.126.163.33,34.126.163.33,00000000000000000000000000000000000000000000000000000000000000,|||,|||,|||,|||,|||,|||,|||,|||,|||,|||
34.140.81.220,34.140.81.220,00000000000000000000000000000000000000000000000000000000000000,|||,|||,|||,|||,|||,|||,|||,|||,|||,|||
34.151.95.52,34.151.95.52,00000000000000000000000000000000000000000000000000000000000000,|||,|||,|||,|||,|||,|||,|||,|||,|||,|||
34.136.17.5,34.136.17.5,00000000000000000000000000000000000000000000000000000000000000,|||,|||,|||,|||,|||,|||,|||,|||,|||,|||
34.70.105.52,34.70.105.52,00000000000000000000000000000000000000000000000000000000000000,|||,|||,|||,|||,|||,|||,|||,|||,|||,|||
60.222.235.130,60.222.235.130,00000000000000000000000000000000000000000000000000000000000000,|||,|||,|||,|||,|||,|||,|||,|||,|||,|||
34.151.70.13,34.151.70.13,00000000000000000000000000000000000000000000000000000000000000,|||,|||,|||,|||,|||,|||,|||,|||,|||,|||
31.46.208.146,31.46.208.146,00000000000000000000000000000000000000000000000000000000000000,|||,|||,|||,|||,|||,|||,|||,|||,|||,|||
34.141.60.92,34.141.60.92,00000000000000000000000000000000000000000000000000000000000000,|||,|||,|||,|||,|||,|||,|||,|||,|||,|||
34.141.72.49,34.141.72.49,00000000000000000000000000000000000000000000000000000000000000,|||,|||,|||,|||,|||,|||,|||,|||,|||,|||
34.150.35.46,34.150.35.46,00000000000000000000000000000000000000000000000000000000000000,|||,|||,|||,|||,|||,|||,|||,|||,|||,|||
47.103.216.179,47.103.216.179,00000000000000000000000000000000000000000000000000000000000000,|||,|||,|||,|||,|||,|||,|||,|||,|||,|||
31.163.165.212,31.163.165.212,00000000000000000000000000000000000000000000000000000000000000,|||,|||,|||,|||,|||,|||,|||,|||,|||,|||
34.141.36.115,34.141.36.115,00000000000000000000000000000000000000000000000000000000000000,|||,|||,|||,|||,|||,|||,|||,|||,|||,|||
34.69.5.176,34.69.5.176,00000000000000000000000000000000000000000000000000000000000000,|||,|||,|||,|||,|||,|||,|||,|||,|||,|||
34.142.77.103,34.142.77.103,00000000000000000000000000000000000000000000000000000000000000,|||,|||,|||,|||,|||,|||,|||,|||,|||,|||
34.141.25.177,34.141.25.177,00000000000000000000000000000000000000000000000000000000000000,|||,|||,|||,|||,|||,|||,|||,|||,|||,|||
34.126.133.248,34.126.133.248,00000000000000000000000000000000000000000000000000000000000000,|||,|||,|||,|||,|||,|||,|||,|||,|||,|||
34.141.101.135,34.141.101.135,00000000000000000000000000000000000000000000000000000000000000,|||,|||,|||,|||,|||,|||,|||,|||,|||,|||
34.107.13.220,34.107.13.220,00000000000000000000000000000000000000000000000000000000000000,|||,|||,|||,|||,|||,|||,|||,|||,|||,|||
34.126.161.181,34.126.161.181,00000000000000000000000000000000000000000000000000000000000000,|||,|||,|||,|||,|||,|||,|||,|||,|||,|||
31.134.197.141,31.134.197.141,00000000000000000000000000000000000000000000000000000000000000,|||,|||,|||,|||,|||,|||,|||,|||,|||,|||
64.227.68.209,64.227.68.209,00000000000000000000000000000000000000000000000000000000000000,|||,|||,|||,|||,|||,|||,|||,|||,|||,|||
34.151.117.173,34.151.117.173,00000000000000000000000000000000000000000000000000000000000000,|||,|||,|||,|||,|||,|||,|||,|||,|||,|||
34.146.30.32,34.146.30.32,00000000000000000000000000000000000000000000000000000000000000,|||,|||,|||,|||,|||,|||,|||,|||,|||,|||
34.145.116.148,34.145.116.148,00000000000000000000000000000000000000000000000000000000000000,|||,|||,|||,|||,|||,|||,|||,|||,|||,|||
47.243.181.140,47.243.181.140,00000000000000000000000000000000000000000000000000000000000000,|||,|||,|||,|||,|||,|||,|||,|||,|||,|||
34.145.198.178,34.145.198.178,00000000000000000000000000000000000000000000000000000000000000,|||,|||,|||,|||,|||,|||,|||,|||,|||,|||
62.219.126.48,62.219.126.48,00000000000000000000000000000000000000000000000000000000000000,|||,|||,|||,|||,|||,|||,|||,|||,|||,|||
34.105.43.251,34.105.43.251,00000000000000000000000000000000000000000000000000000000000000,|||,|||,|||,|||,|||,|||,|||,|||,|||,|||
59.127.36.78,59.127.36.78,00000000000000000000000000000000000000000000000000000000000000,|||,|||,|||,|||,|||,|||,|||,|||,|||,|||
64.225.144.80,64.225.144.80,00000000000000000000000000000000000000000000000000000000000000,|||,|||,|||,|||,|||,|||,|||,|||,|||,|||
59.151.222.189,59.151.222.189,00000000000000000000000000000000000000000000000000000000000000,|||,|||,|||,|||,|||,|||,|||,|||,|||,|||
59.125.41.124,59.125.41.124,00000000000000000000000000000000000000000000000000000000000000,|||,|||,|||,|||,|||,|||,|||,|||,|||,|||
47.97.49.154,47.97.49.154,2ad2ad0002ad2ad22c2ad2ad2ad2ad703dc1bf20eb9604decefea997eabff7,c030|0303|http/1.1|ff01-0000-0001-000b-0023-0010-0017,c030|0303|http/1.1|ff01-0000-0001-000b-0023-0010-0017,|||,c030|0303|http/1.0|ff01-0000-0001-000b-0023-0010-0017,c030|0303|http/1.0|ff01-0000-0001-000b-0023-0010-0017,c014|0302|http/1.1|ff01-0000-0001-000b-0023-0010-0017,c030|0303|http/1.1|ff01-0000-0001-000b-0023-0010-0017,c030|0303|http/1.1|ff01-0000-0001-000b-0023-0010-0017,c030|0303|http/1.1|ff01-0000-0001-000b-0023-0010-0017,c030|0303|http/1.1|ff01-0000-0001-000b-0023-0010-0017
63.32.230.220,63.32.230.220,00000000000000000000000000000000000000000000000000000000000000,|||,|||,|||,|||,|||,|||,|||,|||,|||,|||
59.1.178.64,59.1.178.64,00000000000000000000000000000000000000000000000000000000000000,|||,|||,|||,|||,|||,|||,|||,|||,|||,|||
49.234.210.138,49.234.210.138,2ad2ad0002ad2ad22c2ad2ad2ad2ad881e59db99b9f67f908be168829ecef9,c030|0303|http/1.1|ff01-000b-0023-0010,c030|0303|http/1.1|ff01-000b-0023-0010,|||,c030|0303||ff01-000b-0023,c030|0303||ff01-000b-0023,c014|0302|http/1.1|ff01-000b-0023-0010,c030|0303|http/1.1|ff01-000b-0023-0010,c030|0303|http/1.1|ff01-000b-0023-0010,c030|0303|http/1.1|ff01-000b-0023-0010,c030|0303|http/1.1|ff01-000b-0023-0010
34.127.66.61,34.127.66.61,00000000000000000000000000000000000000000000000000000000000000,|||,|||,|||,|||,|||,|||,|||,|||,|||,|||
34.105.229.137,34.105.229.137,00000000000000000000000000000000000000000000000000000000000000,|||,|||,|||,|||,|||,|||,|||,|||,|||,|||
54.232.71.45,54.232.71.45,2ad2ad0002ad2ad22c2ad2ad2ad2adce7a321e4956e8298ba917e9f2c22849,c030|0303|http/1.1|ff01-0001-000b-0023-0010-0017,c030|0303|http/1.1|ff01-0001-000b-0023-0010-0017,|||,c030|0303||ff01-0001-000b-0023-0017,c030|0303||ff01-0001-000b-0023-0017,c014|0302|http/1.1|ff01-0001-000b-0023-0010-0017,c030|0303|http/1.1|ff01-0001-000b-0023-0010-0017,c030|0303|http/1.1|ff01-0001-000b-0023-0010-0017,c030|0303|http/1.1|ff01-0001-000b-0023-0010-0017,c030|0303|http/1.1|ff01-0001-000b-0023-0010-0017
34.126.188.171,34.126.188.171,00000000000000000000000000000000000000000000000000000000000000,|||,|||,|||,|||,|||,|||,|||,|||,|||,|||
34.136.88.172,34.136.88.172,00000000000000000000000000000000000000000000000000000000000000,|||,|||,|||,|||,|||,|||,|||,|||,|||,|||
34.141.234.219,34.141.234.219,00000000000000000000000000000000000000000000000000000000000000,|||,|||,|||,|||,|||,|||,|||,|||,|||,|||
34.151.69.165,34.151.69.165,00000000000000000000000000000000000000000000000000000000000000,|||,|||,|||,|||,|||,|||,|||,|||,|||,|||
34.159.159.204,34.159.159.204,00000000000000000000000000000000000000000000000000000000000000,|||,|||,|||,|||,|||,|||,|||,|||,|||,|||
34.150.187.160,34.150.187.160,00000000000000000000000000000000000000000000000000000000000000,|||,|||,|||,|||,|||,|||,|||,|||,|||,|||
34.145.144.233,34.145.144.233,00000000000000000000000000000000000000000000000000000000000000,|||,|||,|||,|||,|||,|||,|||,|||,|||,|||
34.146.45.4,34.146.45.4,00000000000000000000000000000000000000000000000000000000000000,|||,|||,|||,|||,|||,|||,|||,|||,|||,|||
34.141.56.216,34.141.56.216,00000000000000000000000000000000000000000000000000000000000000,|||,|||,|||,|||,|||,|||,|||,|||,|||,|||
34.151.72.217,34.151.72.217,00000000000000000000000000000000000000000000000000000000000000,|||,|||,|||,|||,|||,|||,|||,|||,|||,|||
34.141.18.69,34.141.18.69,00000000000000000000000000000000000000000000000000000000000000,|||,|||,|||,|||,|||,|||,|||,|||,|||,|||
42.192.87.108,42.192.87.108,29d29d20d29d29d22c29d29d29d29df51c60823f963b0fe11deab8efc70b4b,c02f|0303|http/1.1|ff01-000b-0023-0010,c02f|0303|http/1.1|ff01-000b-0023-0010,c012|0303|http/1.1|ff01-000b-0023-0010,c02f|0303||ff01-000b-0023,c02f|0303||ff01-000b-0023,c014|0302|http/1.1|ff01-000b-0023-0010,c02f|0303|http/1.1|ff01-000b-0023-0010,c02f|0303|http/1.1|ff01-000b-0023-0010,c02f|0303|http/1.1|ff01-000b-0023-0010,c02f|0303|http/1.1|ff01-000b-0023-0010
34.138.20.145,34.138.20.145,00000000000000000000000000000000000000000000000000000000000000,|||,|||,|||,|||,|||,|||,|||,|||,|||,|||
34.124.173.71,34.124.173.71,00000000000000000000000000000000000000000000000000000000000000,|||,|||,|||,|||,|||,|||,|||,|||,|||,|||
59.126.116.17,59.126.116.17,00000000000000000000000000000000000000000000000000000000000000,|||,|||,|||,|||,|||,|||,|||,|||,|||,|||
59.127.198.128,59.127.198.128,00000000000000000000000000000000000000000000000000000000000000,|||,|||,|||,|||,|||,|||,|||,|||,|||,|||
59.7.240.168,59.7.240.168,00000000000000000000000000000000000000000000000000000000000000,|||,|||,|||,|||,|||,|||,|||,|||,|||,|||
47.95.3.95,47.95.3.95,2ad2ad0002ad2ad22c2ad2ad2ad2ad2a916fbd2973c6ae37f24641fbcfd1d1,c030|0303|h2|0000-ff01-000b-0023-0010,c030|0303|h2|0000-ff01-000b-0023-0010,|||,c030|0303||0000-ff01-000b-0023,c030|0303||0000-ff01-000b-0023,c014|0302|h2|0000-ff01-000b-0023-0010,c030|0303|h2|0000-ff01-000b-0023-0010,c030|0303|h2|0000-ff01-000b-0023-0010,c030|0303|h2|0000-ff01-000b-0023-0010,c030|0303|h2|0000-ff01-000b-0023-0010
59.127.73.150,59.127.73.150,00000000000000000000000000000000000000000000000000000000000000,|||,|||,|||,|||,|||,|||,|||,|||,|||,|||
62.233.50.173,62.233.50.173,00000000000000000000000000000000000000000000000000000000000000,|||,|||,|||,|||,|||,|||,|||,|||,|||,|||
61.167.36.10,61.167.36.10,00000000000000000000000000000000000000000000000000000000000000,|||,|||,|||,|||,|||,|||,|||,|||,|||,|||
34.141.179.246,34.141.179.246,00000000000000000000000000000000000000000000000000000000000000,|||,|||,|||,|||,|||,|||,|||,|||,|||,|||
59.125.131.111,59.125.131.111,00000000000000000000000000000000000000000000000000000000000000,|||,|||,|||,|||,|||,|||,|||,|||,|||,|||
60.198.48.12,60.198.48.12,00000000000000000000000000000000000000000000000000000000000000,|||,|||,|||,|||,|||,|||,|||,|||,|||,|||
61.163.192.28,61.163.192.28,00000000000000000000000000000000000000000000000000000000000000,|||,|||,|||,|||,|||,|||,|||,|||,|||,|||
24.105.180.86,24.105.180.86,05d02d20d21d20d05c05d02d05d20da01e52cd5e3f9306da4ac348a0fe7af8,0016|0303||0000-ff01,0005|0303||0000-ff01,c012|0303||0000-ff01-000b,c013|0303||0000-ff01-000b,c012|0303||0000-ff01-000b,0016|0302||0000-ff01,0016|0303||0000-ff01,0005|0303||0000-ff01,0016|0303||0000-ff01,c012|0303||0000-ff01-000b
47.97.96.100,47.97.96.100,29d29d20d29d29d22c29d29d29d29df51c60823f963b0fe11deab8efc70b4b,c02f|0303|http/1.1|ff01-000b-0023-0010,c02f|0303|http/1.1|ff01-000b-0023-0010,c012|0303|http/1.1|ff01-000b-0023-0010,c02f|0303||ff01-000b-0023,c02f|0303||ff01-000b-0023,c014|0302|http/1.1|ff01-000b-0023-0010,c02f|0303|http/1.1|ff01-000b-0023-0010,c02f|0303|http/1.1|ff01-000b-0023-0010,c02f|0303|http/1.1|ff01-000b-0023-0010,c02f|0303|http/1.1|ff01-000b-0023-0010
49.232.204.239,49.232.204.239,00000000000000000000000000000000000000000000000000000000000000,|||,|||,|||,|||,|||,|||,|||,|||,|||,|||
61.105.246.65,61.105.246.65,00000000000000000000000000000000000000000000000000000000000000,|||,|||,|||,|||,|||,|||,|||,|||,|||,|||
64.225.63.100,64.225.63.100,00000000000000000000000000000000000000000000000000000000000000,|||,|||,|||,|||,|||,|||,|||,|||,|||,|||
34.142.105.6,34.142.105.6,00000000000000000000000000000000000000000000000000000000000000,|||,|||,|||,|||,|||,|||,|||,|||,|||,|||
60.250.125.224,60.250.125.224,00000000000000000000000000000000000000000000000000000000000000,|||,|||,|||,|||,|||,|||,|||,|||,|||,|||
49.233.22.60,49.233.22.60,21d19d00021d21d00021d19d21d21da73af4836a351f6535c7e9129456cf24,c013|0303|http/1.1|ff01-0000-0001-000b-0023-0010-0017,00c0|0303|http/1.1|ff01-0000-0001-0023-0010-0017,|||,c013|0303||ff01-0000-0001-000b-0023-0017,c013|0303||ff01-0000-0001-000b-0023-0017,|||,c013|0303|http/1.1|ff01-0000-0001-000b-0023-0010-0017,00c0|0303|http/1.1|ff01-0000-0001-0023-0010-0017,c013|0303|http/1.1|ff01-0000-0001-000b-0023-0010-0017,c013|0303|http/1.1|ff01-0000-0001-000b-0023-0010-0017
60.249.117.5,60.249.117.5,00000000000000000000000000000000000000000000000000000000000000,|||,|||,|||,|||,|||,|||,|||,|||,|||,|||
62.173.154.11,62.173.154.11,05d10d20d21d20d05c05d10d05d20d74fcf6501ae7a92319e575bfafd2a827,0016|0303||ff01-0023,0084|0303||ff01-0023,c012|0303||ff01-000b-0023,c013|0303||ff01-000b-0023,c012|0303||ff01-000b-0023,0016|0302||ff01-0023,0016|0303||ff01-0023,0084|0303||ff01-0023,0016|0303||ff01-0023,c012|0303||ff01-000b-0023
47.114.2.117,47.114.2.117,00000000000000000000000000000000000000000000000000000000000000,|||,|||,|||,|||,|||,|||,|||,|||,|||,|||
31.181.148.77,31.181.148.77,00000000000000000000000000000000000000000000000000000000000000,|||,|||,|||,|||,|||,|||,|||,|||,|||,|||
34.159.201.212,34.159.201.212,00000000000000000000000000000000000000000000000000000000000000,|||,|||,|||,|||,|||,|||,|||,|||,|||,|||
59.13.31.130,59.13.31.130,00000000000000000000000000000000000000000000000000000000000000,|||,|||,|||,|||,|||,|||,|||,|||,|||,|||
34.146.133.80,34.146.133.80,00000000000000000000000000000000000000000000000000000000000000,|||,|||,|||,|||,|||,|||,|||,|||,|||,|||
61.183.9.39,61.183.9.39,00000000000000000000000000000000000000000000000000000000000000,|||,|||,|||,|||,|||,|||,|||,|||,|||,|||
34.141.27.97,34.141.27.97,00000000000000000000000000000000000000000000000000000000000000,|||,|||,|||,|||,|||,|||,|||,|||,|||,|||
34.150.144.20,34.150.144.20,00000000000000000000000000000000000000000000000000000000000000,|||,|||,|||,|||,|||,|||,|||,|||,|||,|||
61.49.49.22,61.49.49.22,00000000000000000000000000000000000000000000000000000000000000,|||,|||,|||,|||,|||,|||,|||,|||,|||,|||
52.131.248.151,52.131.248.151,00000000000000000000000000000000000000000000000000000000000000,|||,|||,|||,|||,|||,|||,|||,|||,|||,|||
34.136.91.208,34.136.91.208,00000000000000000000000000000000000000000000000000000000000000,|||,|||,|||,|||,|||,|||,|||,|||,|||,|||
34.141.83.253,34.141.83.253,00000000000000000000000000000000000000000000000000000000000000,|||,|||,|||,|||,|||,|||,|||,|||,|||,|||
62.140.250.122,62.140.250.122,0ad0ad0000ad0ad06c0ad0ad0ad0ad898ed0748554b5d9925df15eb7186a8a,003c|0303||0023-ff01,003c|0303||0023-ff01,|||,003c|0303||0023-ff01,003c|0303||0023-ff01,002f|0302||0023-ff01,003c|0303||0023-ff01,003c|0303||0023-ff01,003c|0303||0023-ff01,003c|0303||0023-ff01
34.141.109.39,34.141.109.39,00000000000000000000000000000000000000000000000000000000000000,|||,|||,|||,|||,|||,|||,|||,|||,|||,|||
34.107.119.158,34.107.119.158,00000000000000000000000000000000000000000000000000000000000000,|||,|||,|||,|||,|||,|||,|||,|||,|||,|||
34.147.109.49,34.147.109.49,00000000000000000000000000000000000000000000000000000000000000,|||,|||,|||,|||,|||,|||,|||,|||,|||,|||
34.146.209.13,34.146.209.13,00000000000000000000000000000000000000000000000000000000000000,|||,|||,|||,|||,|||,|||,|||,|||,|||,|||
34.140.165.37,34.140.165.37,00000000000000000000000000000000000000000000000000000000000000,|||,|||,|||,|||,|||,|||,|||,|||,|||,|||
34.150.219.179,34.150.219.179,00000000000000000000000000000000000000000000000000000000000000,|||,|||,|||,|||,|||,|||,|||,|||,|||,|||
31.176.143.173,31.176.143.173,00000000000000000000000000000000000000000000000000000000000000,|||,|||,|||,|||,|||,|||,|||,|||,|||,|||
34.146.227.145,34.146.227.145,00000000000000000000000000000000000000000000000000000000000000,|||,|||,|||,|||,|||,|||,|||,|||,|||,|||
34.146.191.249,34.146.191.249,00000000000000000000000000000000000000000000000000000000000000,|||,|||,|||,|||,|||,|||,|||,|||,|||,|||
34.145.12.12,34.145.12.12,00000000000000000000000000000000000000000000000000000000000000,|||,|||,|||,|||,|||,|||,|||,|||,|||,|||
52.130.155.152,52.130.155.152,00000000000000000000000000000000000000000000000000000000000000,|||,|||,|||,|||,|||,|||,|||,|||,|||,|||
34.77.196.114,34.77.196.114,00000000000000000000000000000000000000000000000000000000000000,|||,|||,|||,|||,|||,|||,|||,|||,|||,|||
61.7.214.154,61.7.214.154,00000000000000000000000000000000000000000000000000000000000000,|||,|||,|||,|||,|||,|||,|||,|||,|||,|||
34.141.67.62,34.141.67.62,00000000000000000000000000000000000000000000000000000000000000,|||,|||,|||,|||,|||,|||,|||,|||,|||,|||
34.141.109.37,34.141.109.37,00000000000000000000000000000000000000000000000000000000000000,|||,|||,|||,|||,|||,|||,|||,|||,|||,|||
34.141.101.201,34.141.101.201,00000000000000000000000000000000000000000000000000000000000000,|||,|||,|||,|||,|||,|||,|||,|||,|||,|||
34.142.119.90,34.142.119.90,00000000000000000000000000000000000000000000000000000000000000,|||,|||,|||,|||,|||,|||,|||,|||,|||,|||
34.81.200.141,34.81.200.141,00000000000000000000000000000000000000000000000000000000000000,|||,|||,|||,|||,|||,|||,|||,|||,|||,|||
34.159.70.84,34.159.70.84,00000000000000000000000000000000000000000000000000000000000000,|||,|||,|||,|||,|||,|||,|||,|||,|||,|||
47.114.164.68,47.114.164.68,00000000000000000000000000000000000000000000000000000000000000,|||,|||,|||,|||,|||,|||,|||,|||,|||,|||
34.79.171.248,34.79.171.248,00000000000000000000000000000000000000000000000000000000000000,|||,|||,|||,|||,|||,|||,|||,|||,|||,|||
58.87.103.18,58.87.103.18,21d10d00021d21d21c21d10d21d21d696c1bb221f80034f540b6754152d3b8,c013|0303|http/1.1|ff01-000b-0023-0010,0084|0303|http/1.1|ff01-0023-0010,|||,c013|0303||ff01-000b-0023,c013|0303||ff01-000b-0023,c013|0302|http/1.1|ff01-000b-0023-0010,c013|0303|http/1.1|ff01-000b-0023-0010,0084|0303|http/1.1|ff01-0023-0010,c013|0303|http/1.1|ff01-000b-0023-0010,c013|0303|http/1.1|ff01-000b-0023-0010
34.146.23.190,34.146.23.190,00000000000000000000000000000000000000000000000000000000000000,|||,|||,|||,|||,|||,|||,|||,|||,|||,|||
49.143.32.6,49.143.32.6,13d13d00013d13d08c13d13d13d13d9674c6b4e623ae36cc2d998e99e2262e,009c|0303||ff01-0023,009c|0303||ff01-0023,|||,009c|0303||ff01-0023,009c|0303||ff01-0023,0035|0302||ff01-0023,009c|0303||ff01-0023,009c|0303||ff01-0023,009c|0303||ff01-0023,009c|0303||ff01-0023
34.84.197.27,34.84.197.27,00000000000000000000000000000000000000000000000000000000000000,|||,|||,|||,|||,|||,|||,|||,|||,|||,|||
34.159.95.90,34.159.95.90,00000000000000000000000000000000000000000000000000000000000000,|||,|||,|||,|||,|||,|||,|||,|||,|||,|||
34.151.210.73,34.151.210.73,00000000000000000000000000000000000000000000000000000000000000,|||,|||,|||,|||,|||,|||,|||,|||,|||,|||
60.205.208.246,60.205.208.246,00000000000000000000000000000000000000000000000000000000000000,|||,|||,|||,|||,|||,|||,|||,|||,|||,|||
34.146.152.119,34.146.152.119,00000000000000000000000000000000000000000000000000000000000000,|||,|||,|||,|||,|||,|||,|||,|||,|||,|||
34.75.246.32,34.75.246.32,00000000000000000000000000000000000000000000000000000000000000,|||,|||,|||,|||,|||,|||,|||,|||,|||,|||
34.152.15.195,34.152.15.195,00000000000000000000000000000000000000000000000000000000000000,|||,|||,|||,|||,|||,|||,|||,|||,|||,|||
34.146.54.245,34.146.54.245,00000000000000000000000000000000000000000000000000000000000000,|||,|||,|||,|||,|||,|||,|||,|||,|||,|||
34.72.214.143,34.72.214.143,00000000000000000000000000000000000000000000000000000000000000,|||,|||,|||,|||,|||,|||,|||,|||,|||,|||
34.145.60.25,34.145.60.25,00000000000000000000000000000000000000000000000000000000000000,|||,|||,|||,|||,|||,|||,|||,|||,|||,|||
31.186.84.99,31.186.84.99,00000000000000000000000000000000000000000000000000000000000000,|||,|||,|||,|||,|||,|||,|||,|||,|||,|||
49.7.127.129,49.7.127.129,2ad2ad0002ad2ad22c2ad2ad2ad2ad881e59db99b9f67f908be168829ecef9,c030|0303|http/1.1|ff01-000b-0023-0010,c030|0303|http/1.1|ff01-000b-0023-0010,|||,c030|0303||ff01-000b-0023,c030|0303||ff01-000b-0023,c014|0302|http/1.1|ff01-000b-0023-0010,c030|0303|http/1.1|ff01-000b-0023-0010,c030|0303|http/1.1|ff01-000b-0023-0010,c030|0303|http/1.1|ff01-000b-0023-0010,c030|0303|http/1.1|ff01-000b-0023-0010
31.7.65.77,31.7.65.77,00000000000000000000000000000000000000000000000000000000000000,|||,|||,|||,|||,|||,|||,|||,|||,|||,|||
34.145.135.221,34.145.135.221,00000000000000000000000000000000000000000000000000000000000000,|||,|||,|||,|||,|||,|||,|||,|||,|||,|||
34.146.226.12,34.146.226.12,00000000000000000000000000000000000000000000000000000000000000,|||,|||,|||,|||,|||,|||,|||,|||,|||,|||
34.89.134.21,34.89.134.21,00000000000000000000000000000000000000000000000000000000000000,|||,|||,|||,|||,|||,|||,|||,|||,|||,|||
34.78.145.107,34.78.145.107,00000000000000000000000000000000000000000000000000000000000000,|||,|||,|||,|||,|||,|||,|||,|||,|||,|||
60.250.139.180,60.250.139.180,00000000000000000000000000000000000000000000000000000000000000,|||,|||,|||,|||,|||,|||,|||,|||,|||,|||
58.102.199.119,58.102.199.119,00000000000000000000000000000000000000000000000000000000000000,|||,|||,|||,|||,|||,|||,|||,|||,|||,|||
34.141.38.7,34.141.38.7,00000000000000000000000000000000000000000000000000000000000000,|||,|||,|||,|||,|||,|||,|||,|||,|||,|||
34.135.3.178,34.135.3.178,00000000000000000000000000000000000000000000000000000000000000,|||,|||,|||,|||,|||,|||,|||,|||,|||,|||
34.127.86.164,34.127.86.164,00000000000000000000000000000000000000000000000000000000000000,|||,|||,|||,|||,|||,|||,|||,|||,|||,|||
34.79.212.99,34.79.212.99,00000000000000000000000000000000000000000000000000000000000000,|||,|||,|||,|||,|||,|||,|||,|||,|||,|||
34.151.221.101,34.151.221.101,00000000000000000000000000000000000000000000000000000000000000,|||,|||,|||,|||,|||,|||,|||,|||,|||,|||
34.141.95.220,34.141.95.220,00000000000000000000000000000000000000000000000000000000000000,|||,|||,|||,|||,|||,|||,|||,|||,|||,|||
59.151.238.246,59.151.238.246,00000000000000000000000000000000000000000000000000000000000000,|||,|||,|||,|||,|||,|||,|||,|||,|||,|||
34.66.150.153,34.66.150.153,00000000000000000000000000000000000000000000000000000000000000,|||,|||,|||,|||,|||,|||,|||,|||,|||,|||
34.151.101.189,34.151.101.189,00000000000000000000000000000000000000000000000000000000000000,|||,|||,|||,|||,|||,|||,|||,|||,|||,|||
34.89.211.77,34.89.211.77,00000000000000000000000000000000000000000000000000000000000000,|||,|||,|||,|||,|||,|||,|||,|||,|||,|||
62.46.97.245,62.46.97.245,29d29d15d29d29d21c29d29d29d29dc80334825071f8ff93376ac14c5a331f,c02f|0303||ff01-000b-0023,c02f|0303||ff01-000b-0023,009e|0303||ff01-0023,c02f|0303||ff01-000b-0023,c02f|0303||ff01-000b-0023,c013|0302||ff01-000b-0023,c02f|0303||ff01-000b-0023,c02f|0303||ff01-000b-0023,c02f|0303||ff01-000b-0023,c02f|0303||ff01-000b-0023
34.89.186.180,34.89.186.180,00000000000000000000000000000000000000000000000000000000000000,|||,|||,|||,|||,|||,|||,|||,|||,|||,|||
34.82.49.6,34.82.49.6,00000000000000000000000000000000000000000000000000000000000000,|||,|||,|||,|||,|||,|||,|||,|||,|||,|||
34.87.104.199,34.87.104.199,00000000000000000000000000000000000000000000000000000000000000,|||,|||,|||,|||,|||,|||,|||,|||,|||,|||
39.106.190.44,39.106.190.44,29d29d00029d29d00042d42d000000591965a32830c32b3ad57d4bfd247359,c02f|0303|http/1.1|ff01-0001-000b-0023-0010-0017,c02f|0303|http/1.1|ff01-0001-000b-0023-0010-0017,|||,c02f|0303||ff01-0001-000b-0023-0017,c02f|0303||ff01-0001-000b-0023-0017,|||,1302|0303||002b-0033,1302|0303||002b-0033,|||,|||
34.73.169.166,34.73.169.166,00000000000000000000000000000000000000000000000000000000000000,|||,|||,|||,|||,|||,|||,|||,|||,|||,|||
34.151.203.123,34.151.203.123,00000000000000000000000000000000000000000000000000000000000000,|||,|||,|||,|||,|||,|||,|||,|||,|||,|||
34.146.236.109,34.146.236.109,00000000000000000000000000000000000000000000000000000000000000,|||,|||,|||,|||,|||,|||,|||,|||,|||,|||
34.84.157.248,34.84.157.248,00000000000000000000000000000000000000000000000000000000000000,|||,|||,|||,|||,|||,|||,|||,|||,|||,|||
34.122.2.230,34.122.2.230,00000000000000000000000000000000000000000000000000000000000000,|||,|||,|||,|||,|||,|||,|||,|||,|||,|||
34.71.14.178,34.71.14.178,00000000000000000000000000000000000000000000000000000000000000,|||,|||,|||,|||,|||,|||,|||,|||,|||,|||
34.77.208.212,34.77.208.212,00000000000000000000000000000000000000000000000000000000000000,|||,|||,|||,|||,|||,|||,|||,|||,|||,|||
47.98.135.137,47.98.135.137,00000000000000000000000000000000000000000000000000000000000000,|||,|||,|||,|||,|||,|||,|||,|||,|||,|||
49.233.184.235,49.233.184.235,3fd3fd0003fd3fd21c42d42d000000307ee0eb468e9fdb5cfcd698a80a67ef,cca8|0303|h2|ff01-0000-0001-000b-0023-0010-0017,cca8|0303|h2|ff01-0000-0001-000b-0023-0010-0017,|||,cca8|0303||ff01-0000-0001-000b-0023-0017,cca8|0303||ff01-0000-0001-000b-0023-0017,c013|0302|h2|ff01-0000-0001-000b-0023-0010-0017,1302|0303||002b-0033,1302|0303||002b-0033,|||,|||
34.75.46.49,34.75.46.49,00000000000000000000000000000000000000000000000000000000000000,|||,|||,|||,|||,|||,|||,|||,|||,|||,|||
64.227.101.199,64.227.101.199,00000000000000000000000000000000000000000000000000000000000000,|||,|||,|||,|||,|||,|||,|||,|||,|||,|||
34.159.164.90,34.159.164.90,00000000000000000000000000000000000000000000000000000000000000,|||,|||,|||,|||,|||,|||,|||,|||,|||,|||
34.82.43.96,34.82.43.96,00000000000000000000000000000000000000000000000000000000000000,|||,|||,|||,|||,|||,|||,|||,|||,|||,|||
60.10.37.52,60.10.37.52,00000000000000000000000000000000000000000000000000000000000000,|||,|||,|||,|||,|||,|||,|||,|||,|||,|||
64.62.197.113,64.62.197.113,00000000000000000000000000000000000000000000000000000000000000,|||,|||,|||,|||,|||,|||,|||,|||,|||,|||
64.62.197.115,64.62.197.115,00000000000000000000000000000000000000000000000000000000000000,|||,|||,|||,|||,|||,|||,|||,|||,|||,|||
59.16.166.188,59.16.166.188,00000000000000000000000000000000000000000000000000000000000000,|||,|||,|||,|||,|||,|||,|||,|||,|||,|||
34.147.117.91,34.147.117.91,00000000000000000000000000000000000000000000000000000000000000,|||,|||,|||,|||,|||,|||,|||,|||,|||,|||
64.62.197.140,64.62.197.140,00000000000000000000000000000000000000000000000000000000000000,|||,|||,|||,|||,|||,|||,|||,|||,|||,|||
34.81.190.147,34.81.190.147,00000000000000000000000000000000000000000000000000000000000000,|||,|||,|||,|||,|||,|||,|||,|||,|||,|||
64.62.197.111,64.62.197.111,00000000000000000000000000000000000000000000000000000000000000,|||,|||,|||,|||,|||,|||,|||,|||,|||,|||
64.62.197.101,64.62.197.101,00000000000000000000000000000000000000000000000000000000000000,|||,|||,|||,|||,|||,|||,|||,|||,|||,|||
64.62.197.112,64.62.197.112,00000000000000000000000000000000000000000000000000000000000000,|||,|||,|||,|||,|||,|||,|||,|||,|||,|||
34.89.184.123,34.89.184.123,00000000000000000000000000000000000000000000000000000000000000,|||,|||,|||,|||,|||,|||,|||,|||,|||,|||
64.62.197.104,64.62.197.104,00000000000000000000000000000000000000000000000000000000000000,|||,|||,|||,|||,|||,|||,|||,|||,|||,|||
34.82.72.37,34.82.72.37,00000000000000000000000000000000000000000000000000000000000000,|||,|||,|||,|||,|||,|||,|||,|||,|||,|||
34.142.71.177,34.142.71.177,00000000000000000000000000000000000000000000000000000000000000,|||,|||,|||,|||,|||,|||,|||,|||,|||,|||
64.62.197.131,64.62.197.131,00000000000000000000000000000000000000000000000000000000000000,|||,|||,|||,|||,|||,|||,|||,|||,|||,|||
64.62.197.103,64.62.197.103,00000000000000000000000000000000000000000000000000000000000000,|||,|||,|||,|||,|||,|||,|||,|||,|||,|||
64.62.197.110,64.62.197.110,00000000000000000000000000000000000000000000000000000000000000,|||,|||,|||,|||,|||,|||,|||,|||,|||,|||
64.62.197.102,64.62.197.102,00000000000000000000000000000000000000000000000000000000000000,|||,|||,|||,|||,|||,|||,|||,|||,|||,|||
64.62.197.143,64.62.197.143,00000000000000000000000000000000000000000000000000000000000000,|||,|||,|||,|||,|||,|||,|||,|||,|||,|||
34.77.213.141,34.77.213.141,00000000000000000000000000000000000000000000000000000000000000,|||,|||,|||,|||,|||,|||,|||,|||,|||,|||
64.62.197.13,64.62.197.13,00000000000000000000000000000000000000000000000000000000000000,|||,|||,|||,|||,|||,|||,|||,|||,|||,|||
61.189.56.226,61.189.56.226,00000000000000000000000000000000000000000000000000000000000000,|||,|||,|||,|||,|||,|||,|||,|||,|||,|||
64.62.197.11,64.62.197.11,00000000000000000000000000000000000000000000000000000000000000,|||,|||,|||,|||,|||,|||,|||,|||,|||,|||
64.62.197.126,64.62.197.126,00000000000000000000000000000000000000000000000000000000000000,|||,|||,|||,|||,|||,|||,|||,|||,|||,|||
64.62.197.116,64.62.197.116,00000000000000000000000000000000000000000000000000000000000000,|||,|||,|||,|||,|||,|||,|||,|||,|||,|||
64.62.197.127,64.62.197.127,00000000000000000000000000000000000000000000000000000000000000,|||,|||,|||,|||,|||,|||,|||,|||,|||,|||
34.151.84.199,34.151.84.199,00000000000000000000000000000000000000000000000000000000000000,|||,|||,|||,|||,|||,|||,|||,|||,|||,|||
34.89.171.137,34.89.171.137,00000000000000000000000000000000000000000000000000000000000000,|||,|||,|||,|||,|||,|||,|||,|||,|||,|||
64.62.197.12,64.62.197.12,00000000000000000000000000000000000000000000000000000000000000,|||,|||,|||,|||,|||,|||,|||,|||,|||,|||
34.85.206.73,34.85.206.73,00000000000000000000000000000000000000000000000000000000000000,|||,|||,|||,|||,|||,|||,|||,|||,|||,|||
64.62.197.120,64.62.197.120,00000000000000000000000000000000000000000000000000000000000000,|||,|||,|||,|||,|||,|||,|||,|||,|||,|||
34.84.40.190,34.84.40.190,00000000000000000000000000000000000000000000000000000000000000,|||,|||,|||,|||,|||,|||,|||,|||,|||,|||
34.151.208.209,34.151.208.209,00000000000000000000000000000000000000000000000000000000000000,|||,|||,|||,|||,|||,|||,|||,|||,|||,|||
34.89.146.225,34.89.146.225,00000000000000000000000000000000000000000000000000000000000000,|||,|||,|||,|||,|||,|||,|||,|||,|||,|||
34.87.145.114,34.87.145.114,00000000000000000000000000000000000000000000000000000000000000,|||,|||,|||,|||,|||,|||,|||,|||,|||,|||
34.87.153.171,34.87.153.171,00000000000000000000000000000000000000000000000000000000000000,|||,|||,|||,|||,|||,|||,|||,|||,|||,|||
34.147.110.252,34.147.110.252,00000000000000000000000000000000000000000000000000000000000000,|||,|||,|||,|||,|||,|||,|||,|||,|||,|||
34.77.54.55,34.77.54.55,00000000000000000000000000000000000000000000000000000000000000,|||,|||,|||,|||,|||,|||,|||,|||,|||,|||
34.87.246.1,34.87.246.1,00000000000000000000000000000000000000000000000000000000000000,|||,|||,|||,|||,|||,|||,|||,|||,|||,|||
34.93.209.199,34.93.209.199,00000000000000000000000000000000000000000000000000000000000000,|||,|||,|||,|||,|||,|||,|||,|||,|||,|||
34.93.167.196,34.93.167.196,00000000000000000000000000000000000000000000000000000000000000,|||,|||,|||,|||,|||,|||,|||,|||,|||,|||
34.85.58.3,34.85.58.3,00000000000000000000000000000000000000000000000000000000000000,|||,|||,|||,|||,|||,|||,|||,|||,|||,|||
34.89.174.67,34.89.174.67,00000000000000000000000000000000000000000000000000000000000000,|||,|||,|||,|||,|||,|||,|||,|||,|||,|||
34.87.213.240,34.87.213.240,00000000000000000000000000000000000000000000000000000000000000,|||,|||,|||,|||,|||,|||,|||,|||,|||,|||
34.90.236.186,34.90.236.186,00000000000000000000000000000000000000000000000000000000000000,|||,|||,|||,|||,|||,|||,|||,|||,|||,|||
34.85.244.35,34.85.244.35,00000000000000000000000000000000000000000000000000000000000000,|||,|||,|||,|||,|||,|||,|||,|||,|||,|||
34.159.193.41,34.159.193.41,00000000000000000000000000000000000000000000000000000000000000,|||,|||,|||,|||,|||,|||,|||,|||,|||,|||
34.146.119.245,34.146.119.245,00000000000000000000000000000000000000000000000000000000000000,|||,|||,|||,|||,|||,|||,|||,|||,|||,|||
34.95.60.91,34.95.60.91,00000000000000000000000000000000000000000000000000000000000000,|||,|||,|||,|||,|||,|||,|||,|||,|||,|||
34.141.47.237,34.141.47.237,00000000000000000000000000000000000000000000000000000000000000,|||,|||,|||,|||,|||,|||,|||,|||,|||,|||
34.146.235.130,34.146.235.130,00000000000000000000000000000000000000000000000000000000000000,|||,|||,|||,|||,|||,|||,|||,|||,|||,|||
34.152.14.192,34.152.14.192,00000000000000000000000000000000000000000000000000000000000000,|||,|||,|||,|||,|||,|||,|||,|||,|||,|||
34.81.48.189,34.81.48.189,00000000000000000000000000000000000000000000000000000000000000,|||,|||,|||,|||,|||,|||,|||,|||,|||,|||
54.233.104.158,54.233.104.158,00000000000000000000000000000000000000000000000000000000000000,|||,|||,|||,|||,|||,|||,|||,|||,|||,|||
60.2.242.146,60.2.242.146,00000000000000000000000000000000000000000000000000000000000000,|||,|||,|||,|||,|||,|||,|||,|||,|||,|||
49.232.155.21,49.232.155.21,07d3fd1ad21d21d07c42d43d0000008435c4f14f7a2c9375dab1adaee145f3,0033|0303||ff01-0000-0001-0023-0017,cca8|0303||ff01-0000-0001-000b-0023-0017,00c4|0303||ff01-0000-0001-0023-0017,c013|0303||ff01-0000-0001-000b-0023-0017,c013|0303||ff01-0000-0001-000b-0023-0017,0033|0302||ff01-0000-0001-0023-0017,1302|0303||002b-0033,1303|0303||002b-0033,|||,|||
58.61.30.25,58.61.30.25,04b02b00004b04b04b04b02b04b04b2bb1101b28b790bf5d9d4dcad463fdc2,000a|0301||ff01,0005|0301||ff01,|||,000a|0301||ff01,000a|0301||ff01,000a|0301||ff01,000a|0301||ff01,0005|0301||ff01,000a|0301||ff01,000a|0301||ff01
34.152.49.203,34.152.49.203,00000000000000000000000000000000000000000000000000000000000000,|||,|||,|||,|||,|||,|||,|||,|||,|||,|||
34.81.72.139,34.81.72.139,00000000000000000000000000000000000000000000000000000000000000,|||,|||,|||,|||,|||,|||,|||,|||,|||,|||
36.112.133.125,36.112.133.125,00000000000000000000000000000000000000000000000000000000000000,|||,|||,|||,|||,|||,|||,|||,|||,|||,|||
60.28.24.170,60.28.24.170,07b02b09b04b04b07b07b02b07b04ba441f40918707087561e2af18cf76f0e,0033|0301||ff01-0023,0005|0301||ff01-0023,0039|0301||ff01-0023,000a|0301||ff01-0023,000a|0301||ff01-0023,0033|0301||ff01-0023,0033|0301||ff01-0023,0005|0301||ff01-0023,0033|0301||ff01-0023,000a|0301||ff01-0023
64.62.197.147,64.62.197.147,00000000000000000000000000000000000000000000000000000000000000,|||,|||,|||,|||,|||,|||,|||,|||,|||,|||
34.67.116.79,34.67.116.79,00000000000000000000000000000000000000000000000000000000000000,|||,|||,|||,|||,|||,|||,|||,|||,|||,|||
34.87.137.103,34.87.137.103,00000000000000000000000000000000000000000000000000000000000000,|||,|||,|||,|||,|||,|||,|||,|||,|||,|||
64.227.106.112,64.227.106.112,00000000000000000000000000000000000000000000000000000000000000,|||,|||,|||,|||,|||,|||,|||,|||,|||,|||
64.62.197.105,64.62.197.105,00000000000000000000000000000000000000000000000000000000000000,|||,|||,|||,|||,|||,|||,|||,|||,|||,|||
34.70.75.136,34.70.75.136,00000000000000000000000000000000000000000000000000000000000000,|||,|||,|||,|||,|||,|||,|||,|||,|||,|||
35.187.224.72,35.187.224.72,00000000000000000000000000000000000000000000000000000000000000,|||,|||,|||,|||,|||,|||,|||,|||,|||,|||
34.95.36.158,34.95.36.158,00000000000000000000000000000000000000000000000000000000000000,|||,|||,|||,|||,|||,|||,|||,|||,|||,|||
64.227.90.185,64.227.90.185,00000000000000000000000000000000000000000000000000000000000000,|||,|||,|||,|||,|||,|||,|||,|||,|||,|||
35.186.179.80,35.186.179.80,00000000000000000000000000000000000000000000000000000000000000,|||,|||,|||,|||,|||,|||,|||,|||,|||,|||
34.89.176.67,34.89.176.67,00000000000000000000000000000000000000000000000000000000000000,|||,|||,|||,|||,|||,|||,|||,|||,|||,|||
64.227.97.195,64.227.97.195,00000000000000000000000000000000000000000000000000000000000000,|||,|||,|||,|||,|||,|||,|||,|||,|||,|||
34.80.92.104,34.80.92.104,00000000000000000000000000000000000000000000000000000000000000,|||,|||,|||,|||,|||,|||,|||,|||,|||,|||
34.83.3.231,34.83.3.231,00000000000000000000000000000000000000000000000000000000000000,|||,|||,|||,|||,|||,|||,|||,|||,|||,|||
34.86.154.158,34.86.154.158,00000000000000000000000000000000000000000000000000000000000000,|||,|||,|||,|||,|||,|||,|||,|||,|||,|||
34.84.157.246,34.84.157.246,00000000000000000000000000000000000000000000000000000000000000,|||,|||,|||,|||,|||,|||,|||,|||,|||,|||
34.82.149.16,34.82.149.16,00000000000000000000000000000000000000000000000000000000000000,|||,|||,|||,|||,|||,|||,|||,|||,|||,|||
34.95.2.215,34.95.2.215,00000000000000000000000000000000000000000000000000000000000000,|||,|||,|||,|||,|||,|||,|||,|||,|||,|||
34.90.106.146,34.90.106.146,00000000000000000000000000000000000000000000000000000000000000,|||,|||,|||,|||,|||,|||,|||,|||,|||,|||
34.86.46.85,34.86.46.85,00000000000000000000000000000000000000000000000000000000000000,|||,|||,|||,|||,|||,|||,|||,|||,|||,|||
34.89.5.200,34.89.5.200,00000000000000000000000000000000000000000000000000000000000000,|||,|||,|||,|||,|||,|||,|||,|||,|||,|||
34.79.52.213,34.79.52.213,00000000000000000000000000000000000000000000000000000000000000,|||,|||,|||,|||,|||,|||,|||,|||,|||,|||
34.95.165.69,34.95.165.69,00000000000000000000000000000000000000000000000000000000000000,|||,|||,|||,|||,|||,|||,|||,|||,|||,|||
34.95.46.251,34.95.46.251,00000000000000000000000000000000000000000000000000000000000000,|||,|||,|||,|||,|||,|||,|||,|||,|||,|||
34.95.144.113,34.95.144.113,00000000000000000000000000000000000000000000000000000000000000,|||,|||,|||,|||,|||,|||,|||,|||,|||,|||
34.87.80.216,34.87.80.216,00000000000000000000000000000000000000000000000000000000000000,|||,|||,|||,|||,|||,|||,|||,|||,|||,|||
61.98.38.229,61.98.38.229,00000000000000000000000000000000000000000000000000000000000000,|||,|||,|||,|||,|||,|||,|||,|||,|||,|||
64.62.197.121,64.62.197.121,00000000000000000000000000000000000000000000000000000000000000,|||,|||,|||,|||,|||,|||,|||,|||,|||,|||
34.89.207.209,34.89.207.209,00000000000000000000000000000000000000000000000000000000000000,|||,|||,|||,|||,|||,|||,|||,|||,|||,|||
34.85.41.42,34.85.41.42,00000000000000000000000000000000000000000000000000000000000000,|||,|||,|||,|||,|||,|||,|||,|||,|||,|||
35.190.239.211,35.190.239.211,00000000000000000000000000000000000000000000000000000000000000,|||,|||,|||,|||,|||,|||,|||,|||,|||,|||
34.77.78.201,34.77.78.201,00000000000000000000000000000000000000000000000000000000000000,|||,|||,|||,|||,|||,|||,|||,|||,|||,|||
47.52.151.210,47.52.151.210,00000000000000000000000000000000000000000000000000000000000000,|||,|||,|||,|||,|||,|||,|||,|||,|||,|||
64.62.197.100,64.62.197.100,00000000000000000000000000000000000000000000000000000000000000,|||,|||,|||,|||,|||,|||,|||,|||,|||,|||
59.127.180.252,59.127.180.252,00000000000000000000000000000000000000000000000000000000000000,|||,|||,|||,|||,|||,|||,|||,|||,|||,|||
34.89.90.130,34.89.90.130,00000000000000000000000000000000000000000000000000000000000000,|||,|||,|||,|||,|||,|||,|||,|||,|||,|||
35.189.1.255,35.189.1.255,00000000000000000000000000000000000000000000000000000000000000,|||,|||,|||,|||,|||,|||,|||,|||,|||,|||
64.62.197.123,64.62.197.123,00000000000000000000000000000000000000000000000000000000000000,|||,|||,|||,|||,|||,|||,|||,|||,|||,|||
34.83.141.153,34.83.141.153,00000000000000000000000000000000000000000000000000000000000000,|||,|||,|||,|||,|||,|||,|||,|||,|||,|||
34.89.236.36,34.89.236.36,00000000000000000000000000000000000000000000000000000000000000,|||,|||,|||,|||,|||,|||,|||,|||,|||,|||
34.89.214.240,34.89.214.240,00000000000000000000000000000000000000000000000000000000000000,|||,|||,|||,|||,|||,|||,|||,|||,|||,|||
34.89.157.227,34.89.157.227,00000000000000000000000000000000000000000000000000000000000000,|||,|||,|||,|||,|||,|||,|||,|||,|||,|||
34.82.182.201,34.82.182.201,00000000000000000000000000000000000000000000000000000000000000,|||,|||,|||,|||,|||,|||,|||,|||,|||,|||
61.192.4.184,61.192.4.184,00000000000000000000000000000000000000000000000000000000000000,|||,|||,|||,|||,|||,|||,|||,|||,|||,|||
34.79.249.63,34.79.249.63,00000000000000000000000000000000000000000000000000000000000000,|||,|||,|||,|||,|||,|||,|||,|||,|||,|||
34.159.187.245,34.159.187.245,00000000000000000000000000000000000000000000000000000000000000,|||,|||,|||,|||,|||,|||,|||,|||,|||,|||
60.217.64.173,60.217.64.173,2ad2ad16d2ad2ad22c2ad2ad2ad2ad47321614530b94a96fa03d06e666d6d6,c030|0303|http/1.1|ff01-000b-0023-0010,c030|0303|http/1.1|ff01-000b-0023-0010,009f|0303|http/1.1|ff01-0023-0010,c030|0303||ff01-000b-0023,c030|0303||ff01-000b-0023,c014|0302|http/1.1|ff01-000b-0023-0010,c030|0303|http/1.1|ff01-000b-0023-0010,c030|0303|http/1.1|ff01-000b-0023-0010,c030|0303|http/1.1|ff01-000b-0023-0010,c030|0303|http/1.1|ff01-000b-0023-0010
34.74.16.166,34.74.16.166,00000000000000000000000000000000000000000000000000000000000000,|||,|||,|||,|||,|||,|||,|||,|||,|||,|||
64.62.197.122,64.62.197.122,00000000000000000000000000000000000000000000000000000000000000,|||,|||,|||,|||,|||,|||,|||,|||,|||,|||
34.93.216.8,34.93.216.8,00000000000000000000000000000000000000000000000000000000000000,|||,|||,|||,|||,|||,|||,|||,|||,|||,|||
34.141.28.172,34.141.28.172,00000000000000000000000000000000000000000000000000000000000000,|||,|||,|||,|||,|||,|||,|||,|||,|||,|||
34.141.41.236,34.141.41.236,00000000000000000000000000000000000000000000000000000000000000,|||,|||,|||,|||,|||,|||,|||,|||,|||,|||
34.78.129.193,34.78.129.193,00000000000000000000000000000000000000000000000000000000000000,|||,|||,|||,|||,|||,|||,|||,|||,|||,|||
34.81.65.106,34.81.65.106,00000000000000000000000000000000000000000000000000000000000000,|||,|||,|||,|||,|||,|||,|||,|||,|||,|||
34.69.139.31,34.69.139.31,00000000000000000000000000000000000000000000000000000000000000,|||,|||,|||,|||,|||,|||,|||,|||,|||,|||
62.234.150.119,62.234.150.119,00000000000000000000000000000000000000000000000000000000000000,|||,|||,|||,|||,|||,|||,|||,|||,|||,|||
34.80.123.99,34.80.123.99,00000000000000000000000000000000000000000000000000000000000000,|||,|||,|||,|||,|||,|||,|||,|||,|||,|||
34.84.199.33,34.84.199.33,00000000000000000000000000000000000000000000000000000000000000,|||,|||,|||,|||,|||,|||,|||,|||,|||,|||
64.62.197.154,64.62.197.154,00000000000000000000000000000000000000000000000000000000000000,|||,|||,|||,|||,|||,|||,|||,|||,|||,|||
34.64.238.18,34.64.238.18,00000000000000000000000000000000000000000000000000000000000000,|||,|||,|||,|||,|||,|||,|||,|||,|||,|||
34.82.48.62,34.82.48.62,00000000000000000000000000000000000000000000000000000000000000,|||,|||,|||,|||,|||,|||,|||,|||,|||,|||
34.89.178.4,34.89.178.4,00000000000000000000000000000000000000000000000000000000000000,|||,|||,|||,|||,|||,|||,|||,|||,|||,|||
34.87.240.221,34.87.240.221,00000000000000000000000000000000000000000000000000000000000000,|||,|||,|||,|||,|||,|||,|||,|||,|||,|||
61.222.118.85,61.222.118.85,00000000000000000000000000000000000000000000000000000000000000,|||,|||,|||,|||,|||,|||,|||,|||,|||,|||
60.10.57.140,60.10.57.140,06b02b00006b06b06b06b02b06b06be3b0c44298fc1c149afbf4c8996fb924,002f|0301||,0005|0301||,|||,002f|0301||,002f|0301||,002f|0301||,002f|0301||,0005|0301||,002f|0301||,002f|0301||
59.26.69.47,59.26.69.47,00000000000000000000000000000000000000000000000000000000000000,|||,|||,|||,|||,|||,|||,|||,|||,|||,|||
61.40.159.220,61.40.159.220,00000000000000000000000000000000000000000000000000000000000000,|||,|||,|||,|||,|||,|||,|||,|||,|||,|||
34.95.161.135,34.95.161.135,00000000000000000000000000000000000000000000000000000000000000,|||,|||,|||,|||,|||,|||,|||,|||,|||,|||
34.93.37.244,34.93.37.244,00000000000000000000000000000000000000000000000000000000000000,|||,|||,|||,|||,|||,|||,|||,|||,|||,|||
58.215.142.167,58.215.142.167,0ad0ad0000ad0ad06b0ad0ad0ad0add3b67dd3674d9af9dd91c1955a35d0e9,003c|0303||0017-ff01,003c|0303||0017-ff01,|||,003c|0303||0017-ff01,003c|0303||0017-ff01,002f|0301||0017-ff01,003c|0303||0017-ff01,003c|0303||0017-ff01,003c|0303||0017-ff01,003c|0303||0017-ff01
61.99.236.167,61.99.236.167,00000000000000000000000000000000000000000000000000000000000000,|||,|||,|||,|||,|||,|||,|||,|||,|||,|||
61.136.101.165,61.136.101.165,00000000000000000000000000000000000000000000000000000000000000,|||,|||,|||,|||,|||,|||,|||,|||,|||,|||
35.185.69.126,35.185.69.126,00000000000000000000000000000000000000000000000000000000000000,|||,|||,|||,|||,|||,|||,|||,|||,|||,|||
34.93.213.34,34.93.213.34,00000000000000000000000000000000000000000000000000000000000000,|||,|||,|||,|||,|||,|||,|||,|||,|||,|||
34.95.210.241,34.95.210.241,00000000000000000000000000000000000000000000000000000000000000,|||,|||,|||,|||,|||,|||,|||,|||,|||,|||
60.217.64.137,60.217.64.137,20d10d20d21d20d20c20d10d20d20d60f8cd200bea58ca4a3f835c2f6e9a93,c012|0303||0000-ff01-000b-0023,0084|0303||0000-ff01-0023,c012|0303||0000-ff01-000b-0023,c013|0303||0000-ff01-000b-0023,c012|0303||0000-ff01-000b-0023,c012|0302||0000-ff01-000b-0023,c012|0303||0000-ff01-000b-0023,0084|0303||0000-ff01-0023,c012|0303||0000-ff01-000b-0023,c012|0303||0000-ff01-000b-0023
34.95.19.196,34.95.19.196,00000000000000000000000000000000000000000000000000000000000000,|||,|||,|||,|||,|||,|||,|||,|||,|||,|||
34.79.153.204,34.79.153.204,00000000000000000000000000000000000000000000000000000000000000,|||,|||,|||,|||,|||,|||,|||,|||,|||,|||
34.86.140.249,34.86.140.249,00000000000000000000000000000000000000000000000000000000000000,|||,|||,|||,|||,|||,|||,|||,|||,|||,|||
34.82.227.180,34.82.227.180,00000000000000000000000000000000000000000000000000000000000000,|||,|||,|||,|||,|||,|||,|||,|||,|||,|||
34.84.143.9,34.84.143.9,00000000000000000000000000000000000000000000000000000000000000,|||,|||,|||,|||,|||,|||,|||,|||,|||,|||
34.150.139.187,34.150.139.187,00000000000000000000000000000000000000000000000000000000000000,|||,|||,|||,|||,|||,|||,|||,|||,|||,|||
34.159.20.197,34.159.20.197,00000000000000000000000000000000000000000000000000000000000000,|||,|||,|||,|||,|||,|||,|||,|||,|||,|||
60.12.122.147,60.12.122.147,26d26d00026d26d22c26d26d26d26dd3b67dd3674d9af9dd91c1955a35d0e9,c028|0303||0017-ff01,c028|0303||0017-ff01,|||,c028|0303||0017-ff01,c028|0303||0017-ff01,c014|0302||0017-ff01,c028|0303||0017-ff01,c028|0303||0017-ff01,c028|0303||0017-ff01,c028|0303||0017-ff01
34.92.44.67,34.92.44.67,00000000000000000000000000000000000000000000000000000000000000,|||,|||,|||,|||,|||,|||,|||,|||,|||,|||
34.89.126.128,34.89.126.128,00000000000000000000000000000000000000000000000000000000000000,|||,|||,|||,|||,|||,|||,|||,|||,|||,|||
34.91.166.104,34.91.166.104,00000000000000000000000000000000000000000000000000000000000000,|||,|||,|||,|||,|||,|||,|||,|||,|||,|||
34.80.21.219,34.80.21.219,00000000000000000000000000000000000000000000000000000000000000,|||,|||,|||,|||,|||,|||,|||,|||,|||,|||
61.221.40.82,61.221.40.82,00000000000000000000000000000000000000000000000000000000000000,|||,|||,|||,|||,|||,|||,|||,|||,|||,|||
34.90.111.104,34.90.111.104,00000000000000000000000000000000000000000000000000000000000000,|||,|||,|||,|||,|||,|||,|||,|||,|||,|||
49.233.136.163,49.233.136.163,00000000000000000000000000000000000000000000000000000000000000,|||,|||,|||,|||,|||,|||,|||,|||,|||,|||
34.89.145.187,34.89.145.187,00000000000000000000000000000000000000000000000000000000000000,|||,|||,|||,|||,|||,|||,|||,|||,|||,|||
61.42.99.172,61.42.99.172,00000000000000000000000000000000000000000000000000000000000000,|||,|||,|||,|||,|||,|||,|||,|||,|||,|||
64.62.197.175,64.62.197.175,00000000000000000000000000000000000000000000000000000000000000,|||,|||,|||,|||,|||,|||,|||,|||,|||,|||
34.151.126.13,34.151.126.13,00000000000000000000000000000000000000000000000000000000000000,|||,|||,|||,|||,|||,|||,|||,|||,|||,|||
61.78.187.151,61.78.187.151,00000000000000000000000000000000000000000000000000000000000000,|||,|||,|||,|||,|||,|||,|||,|||,|||,|||
60.16.7.96,60.16.7.96,2ad2ad0002ad2ad0002ad2ad2ad2ade1a3c0d7ca6ad8388057924be83dfc6a,c030|0303|http/1.1|ff01-0000-0001-000b-0023-0010-0017,c030|0303|http/1.1|ff01-0000-0001-000b-0023-0010-0017,|||,c030|0303||ff01-0000-0001-000b-0023-0017,c030|0303||ff01-0000-0001-000b-0023-0017,|||,c030|0303|http/1.1|ff01-0000-0001-000b-0023-0010-0017,c030|0303|http/1.1|ff01-0000-0001-000b-0023-0010-0017,c030|0303|http/1.1|ff01-0000-0001-000b-0023-0010-0017,c030|0303|http/1.1|ff01-0000-0001-000b-0023-0010-0017
61.42.99.173,61.42.99.173,00000000000000000000000000000000000000000000000000000000000000,|||,|||,|||,|||,|||,|||,|||,|||,|||,|||
64.62.197.162,64.62.197.162,00000000000000000000000000000000000000000000000000000000000000,|||,|||,|||,|||,|||,|||,|||,|||,|||,|||
35.186.183.164,35.186.183.164,00000000000000000000000000000000000000000000000000000000000000,|||,|||,|||,|||,|||,|||,|||,|||,|||,|||
61.219.119.86,61.219.119.86,00000000000000000000000000000000000000000000000000000000000000,|||,|||,|||,|||,|||,|||,|||,|||,|||,|||
47.98.166.180,47.98.166.180,00000000000000000000000000000000000000000000000000000000000000,|||,|||,|||,|||,|||,|||,|||,|||,|||,|||
61.73.237.223,61.73.237.223,00000000000000000000000000000000000000000000000000000000000000,|||,|||,|||,|||,|||,|||,|||,|||,|||,|||
60.251.154.152,60.251.154.152,00000000000000000000000000000000000000000000000000000000000000,|||,|||,|||,|||,|||,|||,|||,|||,|||,|||
64.62.197.209,64.62.197.209,00000000000000000000000000000000000000000000000000000000000000,|||,|||,|||,|||,|||,|||,|||,|||,|||,|||
34.78.157.217,34.78.157.217,00000000000000000000000000000000000000000000000000000000000000,|||,|||,|||,|||,|||,|||,|||,|||,|||,|||
64.62.197.106,64.62.197.106,00000000000000000000000000000000000000000000000000000000000000,|||,|||,|||,|||,|||,|||,|||,|||,|||,|||
64.225.10.226,64.225.10.226,20d08b20d21d20d20c42d08b20b41d494e0df9532e75299f15ba73156cee38,c012|0303|h2|0023-ff01-0010-000b,0035|0301|h2|0023-ff01-0010-000b,c012|0303|h2|0023-ff01-0010-000b,c013|0303||0023-ff01-000b,c012|0303||0023-ff01-000b,c012|0302|h2|0023-ff01-0010-000b,1302|0303||002b-0033,0035|0301|h2|0023-ff01-0010-000b,c012|0301|h2|0023-ff01-0010-000b,1301|0303||002b-0033
64.62.197.133,64.62.197.133,00000000000000000000000000000000000000000000000000000000000000,|||,|||,|||,|||,|||,|||,|||,|||,|||,|||
64.62.197.161,64.62.197.161,00000000000000000000000000000000000000000000000000000000000000,|||,|||,|||,|||,|||,|||,|||,|||,|||,|||
64.227.188.207,64.227.188.207,00000000000000000000000000000000000000000000000000000000000000,|||,|||,|||,|||,|||,|||,|||,|||,|||,|||
64.62.197.155,64.62.197.155,00000000000000000000000000000000000000000000000000000000000000,|||,|||,|||,|||,|||,|||,|||,|||,|||,|||
64.62.197.174,64.62.197.174,00000000000000000000000000000000000000000000000000000000000000,|||,|||,|||,|||,|||,|||,|||,|||,|||,|||
64.31.35.218,64.31.35.218,00000000000000000000000000000000000000000000000000000000000000,|||,|||,|||,|||,|||,|||,|||,|||,|||,|||
64.227.179.57,64.227.179.57,00000000000000000000000000000000000000000000000000000000000000,|||,|||,|||,|||,|||,|||,|||,|||,|||,|||
35.185.208.46,35.185.208.46,00000000000000000000000000000000000000000000000000000000000000,|||,|||,|||,|||,|||,|||,|||,|||,|||,|||
34.159.24.216,34.159.24.216,00000000000000000000000000000000000000000000000000000000000000,|||,|||,|||,|||,|||,|||,|||,|||,|||,|||
35.187.57.32,35.187.57.32,00000000000000000000000000000000000000000000000000000000000000,|||,|||,|||,|||,|||,|||,|||,|||,|||,|||
34.95.14.11,34.95.14.11,00000000000000000000000000000000000000000000000000000000000000,|||,|||,|||,|||,|||,|||,|||,|||,|||,|||
60.10.41.208,60.10.41.208,00000000000000000000000000000000000000000000000000000000000000,|||,|||,|||,|||,|||,|||,|||,|||,|||,|||
34.91.74.93,34.91.74.93,00000000000000000000000000000000000000000000000000000000000000,|||,|||,|||,|||,|||,|||,|||,|||,|||,|||
34.93.122.208,34.93.122.208,00000000000000000000000000000000000000000000000000000000000000,|||,|||,|||,|||,|||,|||,|||,|||,|||,|||
34.93.11.122,34.93.11.122,00000000000000000000000000000000000000000000000000000000000000,|||,|||,|||,|||,|||,|||,|||,|||,|||,|||
64.227.189.163,64.227.189.163,00000000000000000000000000000000000000000000000000000000000000,|||,|||,|||,|||,|||,|||,|||,|||,|||,|||
34.95.241.134,34.95.241.134,00000000000000000000000000000000000000000000000000000000000000,|||,|||,|||,|||,|||,|||,|||,|||,|||,|||
34.93.189.9,34.93.189.9,00000000000000000000000000000000000000000000000000000000000000,|||,|||,|||,|||,|||,|||,|||,|||,|||,|||
64.62.197.187,64.62.197.187,00000000000000000000000000000000000000000000000000000000000000,|||,|||,|||,|||,|||,|||,|||,|||,|||,|||
64.62.197.124,64.62.197.124,00000000000000000000000000000000000000000000000000000000000000,|||,|||,|||,|||,|||,|||,|||,|||,|||,|||
34.90.212.134,34.90.212.134,00000000000000000000000000000000000000000000000000000000000000,|||,|||,|||,|||,|||,|||,|||,|||,|||,|||
64.62.197.165,64.62.197.165,00000000000000000000000000000000000000000000000000000000000000,|||,|||,|||,|||,|||,|||,|||,|||,|||,|||
59.110.32.158,59.110.32.158,00000000000000000000000000000000000000000000000000000000000000,|||,|||,|||,|||,|||,|||,|||,|||,|||,|||
34.90.70.60,34.90.70.60,00000000000000000000000000000000000000000000000000000000000000,|||,|||,|||,|||,|||,|||,|||,|||,|||,|||
64.227.179.42,64.227.179.42,00000000000000000000000000000000000000000000000000000000000000,|||,|||,|||,|||,|||,|||,|||,|||,|||,|||
59.148.19.1,59.148.19.1,05d02d12d04d04d05c05d02d05d04da441f40918707087561e2af18cf76f0e,0016|0303||ff01-0023,0005|0303||ff01-0023,009a|0303||ff01-0023,000a|0303||ff01-0023,000a|0303||ff01-0023,0016|0302||ff01-0023,0016|0303||ff01-0023,0005|0303||ff01-0023,0016|0303||ff01-0023,000a|0303||ff01-0023
64.62.197.156,64.62.197.156,00000000000000000000000000000000000000000000000000000000000000,|||,|||,|||,|||,|||,|||,|||,|||,|||,|||
64.62.197.107,64.62.197.107,00000000000000000000000000000000000000000000000000000000000000,|||,|||,|||,|||,|||,|||,|||,|||,|||,|||
41.223.136.14,41.223.136.14,07d19d1ad21d21d00042d43d00000076e5b3c488a88e5790970b78ffb8afc2,0033|0303|http/1.1|ff01-0001-0023-0010-0017,00c0|0303|http/1.1|ff01-0001-0023-0010-0017,00c4|0303|http/1.1|ff01-0001-0023-0010-0017,c013|0303|http/1.1|ff01-0001-000b-0023-0010-0017,c013|0303|http/1.1|ff01-0001-000b-0023-0010-0017,|||,1302|0303||002b-0033,1303|0303||002b-0033,|||,|||
64.62.197.150,64.62.197.150,00000000000000000000000000000000000000000000000000000000000000,|||,|||,|||,|||,|||,|||,|||,|||,|||,|||
64.62.197.142,64.62.197.142,00000000000000000000000000000000000000000000000000000000000000,|||,|||,|||,|||,|||,|||,|||,|||,|||,|||
64.62.197.149,64.62.197.149,00000000000000000000000000000000000000000000000000000000000000,|||,|||,|||,|||,|||,|||,|||,|||,|||,|||
64.62.197.160,64.62.197.160,00000000000000000000000000000000000000000000000000000000000000,|||,|||,|||,|||,|||,|||,|||,|||,|||,|||
64.62.197.199,64.62.197.199,00000000000000000000000000000000000000000000000000000000000000,|||,|||,|||,|||,|||,|||,|||,|||,|||,|||
64.62.197.223,64.62.197.223,00000000000000000000000000000000000000000000000000000000000000,|||,|||,|||,|||,|||,|||,|||,|||,|||,|||
34.90.179.150,34.90.179.150,00000000000000000000000000000000000000000000000000000000000000,|||,|||,|||,|||,|||,|||,|||,|||,|||,|||
60.29.18.10,60.29.18.10,2ad2ad0002ad2ad0002ad2ad2ad2adc1f2b0d2b2d689e78ce2f73eaa9b9280,c030|0303|http/1.1|ff01-000b-0023-0010,c030|0303|http/1.1|ff01-000b-0023-0010,|||,c030|0303||ff01-000b-0023,c030|0303||ff01-000b-0023,|||,c030|0303|http/1.1|ff01-000b-0023-0010,c030|0303|http/1.1|ff01-000b-0023-0010,c030|0303|http/1.1|ff01-000b-0023-0010,c030|0303|http/1.1|ff01-000b-0023-0010
64.62.197.197,64.62.197.197,00000000000000000000000000000000000000000000000000000000000000,|||,|||,|||,|||,|||,|||,|||,|||,|||,|||
34.95.209.156,34.95.209.156,00000000000000000000000000000000000000000000000000000000000000,|||,|||,|||,|||,|||,|||,|||,|||,|||,|||
64.62.197.182,64.62.197.182,00000000000000000000000000000000000000000000000000000000000000,|||,|||,|||,|||,|||,|||,|||,|||,|||,|||
34.89.250.44,34.89.250.44,00000000000000000000000000000000000000000000000000000000000000,|||,|||,|||,|||,|||,|||,|||,|||,|||,|||
35.187.156.2,35.187.156.2,00000000000000000000000000000000000000000000000000000000000000,|||,|||,|||,|||,|||,|||,|||,|||,|||,|||
64.62.197.163,64.62.197.163,00000000000000000000000000000000000000000000000000000000000000,|||,|||,|||,|||,|||,|||,|||,|||,|||,|||
64.62.197.172,64.62.197.172,00000000000000000000000000000000000000000000000000000000000000,|||,|||,|||,|||,|||,|||,|||,|||,|||,|||
35.203.69.96,35.203.69.96,00000000000000000000000000000000000000000000000000000000000000,|||,|||,|||,|||,|||,|||,|||,|||,|||,|||
64.62.197.119,64.62.197.119,00000000000000000000000000000000000000000000000000000000000000,|||,|||,|||,|||,|||,|||,|||,|||,|||,|||
64.62.197.193,64.62.197.193,00000000000000000000000000000000000000000000000000000000000000,|||,|||,|||,|||,|||,|||,|||,|||,|||,|||
35.190.193.27,35.190.193.27,00000000000000000000000000000000000000000000000000000000000000,|||,|||,|||,|||,|||,|||,|||,|||,|||,|||
35.187.194.54,35.187.194.54,00000000000000000000000000000000000000000000000000000000000000,|||,|||,|||,|||,|||,|||,|||,|||,|||,|||
61.19.254.40,61.19.254.40,2ad2ad16d2ad2ad22c2ad2ad2ad2adc7639a2c8ee8049d85e08031e30b69d9,c030|0303|http/1.1|ff01-000b-0023-0010,c030|0303|http/1.1|ff01-000b-0023-0010,009f|0303|http/1.1|ff01-0023-0010,c030|0303|http/1.1|ff01-000b-0023-0010,c030|0303|http/1.1|ff01-000b-0023-0010,c014|0302|http/1.1|ff01-000b-0023-0010,c030|0303|http/1.1|ff01-000b-0023-0010,c030|0303|http/1.1|ff01-000b-0023-0010,c030|0303|http/1.1|ff01-000b-0023-0010,c030|0303|http/1.1|ff01-000b-0023-0010
34.74.28.56,34.74.28.56,00000000000000000000000000000000000000000000000000000000000000,|||,|||,|||,|||,|||,|||,|||,|||,|||,|||
64.62.197.128,64.62.197.128,00000000000000000000000000000000000000000000000000000000000000,|||,|||,|||,|||,|||,|||,|||,|||,|||,|||
64.62.197.210,64.62.197.210,00000000000000000000000000000000000000000000000000000000000000,|||,|||,|||,|||,|||,|||,|||,|||,|||,|||
64.62.197.114,64.62.197.114,00000000000000000000000000000000000000000000000000000000000000,|||,|||,|||,|||,|||,|||,|||,|||,|||,|||
63.247.66.114,63.247.66.114,07d14d16d21d21d00042d43d00000076e5b3c488a88e5790970b78ffb8afc2,0033|0303|http/1.1|ff01-0001-0023-0010-0017,009d|0303|http/1.1|ff01-0001-0023-0010-0017,009f|0303|http/1.1|ff01-0001-0023-0010-0017,c013|0303|http/1.1|ff01-0001-000b-0023-0010-0017,c013|0303|http/1.1|ff01-0001-000b-0023-0010-0017,|||,1302|0303||002b-0033,1303|0303||002b-0033,|||,|||
64.62.197.184,64.62.197.184,00000000000000000000000000000000000000000000000000000000000000,|||,|||,|||,|||,|||,|||,|||,|||,|||,|||
64.62.197.148,64.62.197.148,00000000000000000000000000000000000000000000000000000000000000,|||,|||,|||,|||,|||,|||,|||,|||,|||,|||
64.62.197.181,64.62.197.181,00000000000000000000000000000000000000000000000000000000000000,|||,|||,|||,|||,|||,|||,|||,|||,|||,|||
64.62.197.201,64.62.197.201,00000000000000000000000000000000000000000000000000000000000000,|||,|||,|||,|||,|||,|||,|||,|||,|||,|||
35.188.226.93,35.188.226.93,00000000000000000000000000000000000000000000000000000000000000,|||,|||,|||,|||,|||,|||,|||,|||,|||,|||
34.89.120.57,34.89.120.57,00000000000000000000000000000000000000000000000000000000000000,|||,|||,|||,|||,|||,|||,|||,|||,|||,|||
64.62.197.212,64.62.197.212,00000000000000000000000000000000000000000000000000000000000000,|||,|||,|||,|||,|||,|||,|||,|||,|||,|||
34.90.60.29,34.90.60.29,00000000000000000000000000000000000000000000000000000000000000,|||,|||,|||,|||,|||,|||,|||,|||,|||,|||
34.89.241.142,34.89.241.142,00000000000000000000000000000000000000000000000000000000000000,|||,|||,|||,|||,|||,|||,|||,|||,|||,|||
35.198.46.250,35.198.46.250,00000000000000000000000000000000000000000000000000000000000000,|||,|||,|||,|||,|||,|||,|||,|||,|||,|||
34.90.40.2,34.90.40.2,00000000000000000000000000000000000000000000000000000000000000,|||,|||,|||,|||,|||,|||,|||,|||,|||,|||
64.62.197.159,64.62.197.159,00000000000000000000000000000000000000000000000000000000000000,|||,|||,|||,|||,|||,|||,|||,|||,|||,|||
34.91.240.178,34.91.240.178,00000000000000000000000000000000000000000000000000000000000000,|||,|||,|||,|||,|||,|||,|||,|||,|||,|||
35.198.62.195,35.198.62.195,00000000000000000000000000000000000000000000000000000000000000,|||,|||,|||,|||,|||,|||,|||,|||,|||,|||
34.93.120.196,34.93.120.196,00000000000000000000000000000000000000000000000000000000000000,|||,|||,|||,|||,|||,|||,|||,|||,|||,|||
59.22.52.190,59.22.52.190,00000000000000000000000000000000000000000000000000000000000000,|||,|||,|||,|||,|||,|||,|||,|||,|||,|||
34.95.147.182,34.95.147.182,00000000000000000000000000000000000000000000000000000000000000,|||,|||,|||,|||,|||,|||,|||,|||,|||,|||
60.10.41.154,60.10.41.154,00000000000000000000000000000000000000000000000000000000000000,|||,|||,|||,|||,|||,|||,|||,|||,|||,|||
59.110.170.68,59.110.170.68,00000000000000000000000000000000000000000000000000000000000000,|||,|||,|||,|||,|||,|||,|||,|||,|||,|||
64.227.173.143,64.227.173.143,00000000000000000000000000000000000000000000000000000000000000,|||,|||,|||,|||,|||,|||,|||,|||,|||,|||
35.198.160.249,35.198.160.249,00000000000000000000000000000000000000000000000000000000000000,|||,|||,|||,|||,|||,|||,|||,|||,|||,|||
34.93.92.241,34.93.92.241,00000000000000000000000000000000000000000000000000000000000000,|||,|||,|||,|||,|||,|||,|||,|||,|||,|||
35.187.163.19,35.187.163.19,00000000000000000000000000000000000000000000000000000000000000,|||,|||,|||,|||,|||,|||,|||,|||,|||,|||
34.91.120.202,34.91.120.202,00000000000000000000000000000000000000000000000000000000000000,|||,|||,|||,|||,|||,|||,|||,|||,|||,|||
64.227.188.229,64.227.188.229,00000000000000000000000000000000000000000000000000000000000000,|||,|||,|||,|||,|||,|||,|||,|||,|||,|||
35.185.249.29,35.185.249.29,00000000000000000000000000000000000000000000000000000000000000,|||,|||,|||,|||,|||,|||,|||,|||,|||,|||
64.62.197.221,64.62.197.221,00000000000000000000000000000000000000000000000000000000000000,|||,|||,|||,|||,|||,|||,|||,|||,|||,|||
59.110.18.24,59.110.18.24,00000000000000000000000000000000000000000000000000000000000000,|||,|||,|||,|||,|||,|||,|||,|||,|||,|||
35.198.146.163,35.198.146.163,00000000000000000000000000000000000000000000000000000000000000,|||,|||,|||,|||,|||,|||,|||,|||,|||,|||
64.227.188.195,64.227.188.195,00000000000000000000000000000000000000000000000000000000000000,|||,|||,|||,|||,|||,|||,|||,|||,|||,|||
64.62.197.198,64.62.197.198,00000000000000000000000000000000000000000000000000000000000000,|||,|||,|||,|||,|||,|||,|||,|||,|||,|||
64.227.188.241,64.227.188.241,00000000000000000000000000000000000000000000000000000000000000,|||,|||,|||,|||,|||,|||,|||,|||,|||,|||
58.220.33.166,58.220.33.166,00000000000000000000000000000000000000000000000000000000000000,|||,|||,|||,|||,|||,|||,|||,|||,|||,|||
64.62.197.129,64.62.197.129,00000000000000000000000000000000000000000000000000000000000000,|||,|||,|||,|||,|||,|||,|||,|||,|||,|||
64.62.197.213,64.62.197.213,00000000000000000000000000000000000000000000000000000000000000,|||,|||,|||,|||,|||,|||,|||,|||,|||,|||
64.62.197.20,64.62.197.20,00000000000000000000000000000000000000000000000000000000000000,|||,|||,|||,|||,|||,|||,|||,|||,|||,|||
47.111.9.246,47.111.9.246,3fd3fd0003fd3fd21c42d42d000000307ee0eb468e9fdb5cfcd698a80a67ef,cca8|0303|h2|ff01-0000-0001-000b-0023-0010-0017,cca8|0303|h2|ff01-0000-0001-000b-0023-0010-0017,|||,cca8|0303||ff01-0000-0001-000b-0023-0017,cca8|0303||ff01-0000-0001-000b-0023-0017,c013|0302|h2|ff01-0000-0001-000b-0023-0010-0017,1302|0303||002b-0033,1302|0303||002b-0033,|||,|||
64.62.197.211,64.62.197.211,00000000000000000000000000000000000000000000000000000000000000,|||,|||,|||,|||,|||,|||,|||,|||,|||,|||
64.62.197.166,64.62.197.166,00000000000000000000000000000000000000000000000000000000000000,|||,|||,|||,|||,|||,|||,|||,|||,|||,|||
64.62.197.173,64.62.197.173,00000000000000000000000000000000000000000000000000000000000000,|||,|||,|||,|||,|||,|||,|||,|||,|||,|||
35.198.12.156,35.198.12.156,00000000000000000000000000000000000000000000000000000000000000,|||,|||,|||,|||,|||,|||,|||,|||,|||,|||
64.62.197.180,64.62.197.180,00000000000000000000000000000000000000000000000000000000000000,|||,|||,|||,|||,|||,|||,|||,|||,|||,|||
64.62.197.207,64.62.197.207,00000000000000000000000000000000000000000000000000000000000000,|||,|||,|||,|||,|||,|||,|||,|||,|||,|||
35.200.199.6,35.200.199.6,00000000000000000000000000000000000000000000000000000000000000,|||,|||,|||,|||,|||,|||,|||,|||,|||,|||
64.62.197.109,64.62.197.109,00000000000000000000000000000000000000000000000000000000000000,|||,|||,|||,|||,|||,|||,|||,|||,|||,|||
35.187.248.111,35.187.248.111,00000000000000000000000000000000000000000000000000000000000000,|||,|||,|||,|||,|||,|||,|||,|||,|||,|||
64.62.197.157,64.62.197.157,00000000000000000000000000000000000000000000000000000000000000,|||,|||,|||,|||,|||,|||,|||,|||,|||,|||
64.62.197.21,64.62.197.21,00000000000000000000000000000000000000000000000000000000000000,|||,|||,|||,|||,|||,|||,|||,|||,|||,|||
64.62.197.200,64.62.197.200,00000000000000000000000000000000000000000000000000000000000000,|||,|||,|||,|||,|||,|||,|||,|||,|||,|||
64.62.197.188,64.62.197.188,00000000000000000000000000000000000000000000000000000000000000,|||,|||,|||,|||,|||,|||,|||,|||,|||,|||
64.62.197.185,64.62.197.185,00000000000000000000000000000000000000000000000000000000000000,|||,|||,|||,|||,|||,|||,|||,|||,|||,|||
64.62.197.183,64.62.197.183,00000000000000000000000000000000000000000000000000000000000000,|||,|||,|||,|||,|||,|||,|||,|||,|||,|||
34.93.215.12,34.93.215.12,00000000000000000000000000000000000000000000000000000000000000,|||,|||,|||,|||,|||,|||,|||,|||,|||,|||
64.62.197.177,64.62.197.177,00000000000000000000000000000000000000000000000000000000000000,|||,|||,|||,|||,|||,|||,|||,|||,|||,|||
64.62.197.169,64.62.197.169,00000000000000000000000000000000000000000000000000000000000000,|||,|||,|||,|||,|||,|||,|||,|||,|||,|||
35.198.77.96,35.198.77.96,00000000000000000000000000000000000000000000000000000000000000,|||,|||,|||,|||,|||,|||,|||,|||,|||,|||
64.62.197.27,64.62.197.27,00000000000000000000000000000000000000000000000000000000000000,|||,|||,|||,|||,|||,|||,|||,|||,|||,|||
64.62.197.3,64.62.197.3,00000000000000000000000000000000000000000000000000000000000000,|||,|||,|||,|||,|||,|||,|||,|||,|||,|||
64.62.197.135,64.62.197.135,00000000000000000000000000000000000000000000000000000000000000,|||,|||,|||,|||,|||,|||,|||,|||,|||,|||
34.93.193.32,34.93.193.32,00000000000000000000000000000000000000000000000000000000000000,|||,|||,|||,|||,|||,|||,|||,|||,|||,|||
64.62.197.215,64.62.197.215,00000000000000000000000000000000000000000000000000000000000000,|||,|||,|||,|||,|||,|||,|||,|||,|||,|||
64.62.197.241,64.62.197.241,00000000000000000000000000000000000000000000000000000000000000,|||,|||,|||,|||,|||,|||,|||,|||,|||,|||
34.95.60.73,34.95.60.73,00000000000000000000000000000000000000000000000000000000000000,|||,|||,|||,|||,|||,|||,|||,|||,|||,|||
64.62.197.23,64.62.197.23,00000000000000000000000000000000000000000000000000000000000000,|||,|||,|||,|||,|||,|||,|||,|||,|||,|||
64.62.197.137,64.62.197.137,00000000000000000000000000000000000000000000000000000000000000,|||,|||,|||,|||,|||,|||,|||,|||,|||,|||
64.62.197.30,64.62.197.30,00000000000000000000000000000000000000000000000000000000000000,|||,|||,|||,|||,|||,|||,|||,|||,|||,|||
34.95.1.222,34.95.1.222,00000000000000000000000000000000000000000000000000000000000000,|||,|||,|||,|||,|||,|||,|||,|||,|||,|||
64.62.197.22,64.62.197.22,00000000000000000000000000000000000000000000000000000000000000,|||,|||,|||,|||,|||,|||,|||,|||,|||,|||
64.62.197.16,64.62.197.16,00000000000000000000000000000000000000000000000000000000000000,|||,|||,|||,|||,|||,|||,|||,|||,|||,|||
34.95.61.153,34.95.61.153,00000000000000000000000000000000000000000000000000000000000000,|||,|||,|||,|||,|||,|||,|||,|||,|||,|||
64.62.197.171,64.62.197.171,00000000000000000000000000000000000000000000000000000000000000,|||,|||,|||,|||,|||,|||,|||,|||,|||,|||
64.62.197.18,64.62.197.18,00000000000000000000000000000000000000000000000000000000000000,|||,|||,|||,|||,|||,|||,|||,|||,|||,|||
34.93.9.143,34.93.9.143,00000000000000000000000000000000000000000000000000000000000000,|||,|||,|||,|||,|||,|||,|||,|||,|||,|||
64.222.163.248,64.222.163.248,04b01b00001b04b04b04b01b01b04b2bb1101b28b790bf5d9d4dcad463fdc2,000a|0301||ff01,0004|0301||ff01,|||,0004|0301||ff01,000a|0301||ff01,000a|0301||ff01,000a|0301||ff01,0004|0301||ff01,0004|0301||ff01,000a|0301||ff01
64.62.197.203,64.62.197.203,00000000000000000000000000000000000000000000000000000000000000,|||,|||,|||,|||,|||,|||,|||,|||,|||,|||
64.62.197.42,64.62.197.42,00000000000000000000000000000000000000000000000000000000000000,|||,|||,|||,|||,|||,|||,|||,|||,|||,|||
64.62.197.176,64.62.197.176,00000000000000000000000000000000000000000000000000000000000000,|||,|||,|||,|||,|||,|||,|||,|||,|||,|||
64.62.197.36,64.62.197.36,00000000000000000000000000000000000000000000000000000000000000,|||,|||,|||,|||,|||,|||,|||,|||,|||,|||
64.62.197.33,64.62.197.33,00000000000000000000000000000000000000000000000000000000000000,|||,|||,|||,|||,|||,|||,|||,|||,|||,|||
59.110.233.25,59.110.233.25,00000000000000000000000000000000000000000000000000000000000000,|||,|||,|||,|||,|||,|||,|||,|||,|||,|||
64.62.197.208,64.62.197.208,00000000000000000000000000000000000000000000000000000000000000,|||,|||,|||,|||,|||,|||,|||,|||,|||,|||
64.62.197.178,64.62.197.178,00000000000000000000000000000000000000000000000000000000000000,|||,|||,|||,|||,|||,|||,|||,|||,|||,|||
64.62.197.236,64.62.197.236,00000000000000000000000000000000000000000000000000000000000000,|||,|||,|||,|||,|||,|||,|||,|||,|||,|||
35.203.95.125,35.203.95.125,00000000000000000000000000000000000000000000000000000000000000,|||,|||,|||,|||,|||,|||,|||,|||,|||,|||
64.62.197.225,64.62.197.225,00000000000000000000000000000000000000000000000000000000000000,|||,|||,|||,|||,|||,|||,|||,|||,|||,|||
64.62.197.194,64.62.197.194,00000000000000000000000000000000000000000000000000000000000000,|||,|||,|||,|||,|||,|||,|||,|||,|||,|||
64.62.197.190,64.62.197.190,00000000000000000000000000000000000000000000000000000000000000,|||,|||,|||,|||,|||,|||,|||,|||,|||,|||
64.62.197.151,64.62.197.151,00000000000000000000000000000000000000000000000000000000000000,|||,|||,|||,|||,|||,|||,|||,|||,|||,|||
64.62.197.240,64.62.197.240,00000000000000000000000000000000000000000000000000000000000000,|||,|||,|||,|||,|||,|||,|||,|||,|||,|||
64.62.197.4,64.62.197.4,00000000000000000000000000000000000000000000000000000000000000,|||,|||,|||,|||,|||,|||,|||,|||,|||,|||
64.62.197.168,64.62.197.168,00000000000000000000000000000000000000000000000000000000000000,|||,|||,|||,|||,|||,|||,|||,|||,|||,|||
64.62.197.158,64.62.197.158,00000000000000000000000000000000000000000000000000000000000000,|||,|||,|||,|||,|||,|||,|||,|||,|||,|||
64.62.197.229,64.62.197.229,00000000000000000000000000000000000000000000000000000000000000,|||,|||,|||,|||,|||,|||,|||,|||,|||,|||
64.62.197.186,64.62.197.186,00000000000000000000000000000000000000000000000000000000000000,|||,|||,|||,|||,|||,|||,|||,|||,|||,|||
35.221.157.87,35.221.157.87,00000000000000000000000000000000000000000000000000000000000000,|||,|||,|||,|||,|||,|||,|||,|||,|||,|||
64.62.197.139,64.62.197.139,00000000000000000000000000000000000000000000000000000000000000,|||,|||,|||,|||,|||,|||,|||,|||,|||,|||
64.62.197.38,64.62.197.38,00000000000000000000000000000000000000000000000000000000000000,|||,|||,|||,|||,|||,|||,|||,|||,|||,|||
64.62.197.170,64.62.197.170,00000000000000000000000000000000000000000000000000000000000000,|||,|||,|||,|||,|||,|||,|||,|||,|||,|||
34.95.17.226,34.95.17.226,00000000000000000000000000000000000000000000000000000000000000,|||,|||,|||,|||,|||,|||,|||,|||,|||,|||
35.198.177.203,35.198.177.203,00000000000000000000000000000000000000000000000000000000000000,|||,|||,|||,|||,|||,|||,|||,|||,|||,|||
64.62.197.28,64.62.197.28,00000000000000000000000000000000000000000000000000000000000000,|||,|||,|||,|||,|||,|||,|||,|||,|||,|||
35.203.25.69,35.203.25.69,00000000000000000000000000000000000000000000000000000000000000,|||,|||,|||,|||,|||,|||,|||,|||,|||,|||
64.62.197.202,64.62.197.202,00000000000000000000000000000000000000000000000000000000000000,|||,|||,|||,|||,|||,|||,|||,|||,|||,|||
34.91.146.132,34.91.146.132,00000000000000000000000000000000000000000000000000000000000000,|||,|||,|||,|||,|||,|||,|||,|||,|||,|||
35.189.223.136,35.189.223.136,00000000000000000000000000000000000000000000000000000000000000,|||,|||,|||,|||,|||,|||,|||,|||,|||,|||
34.93.190.16,34.93.190.16,00000000000000000000000000000000000000000000000000000000000000,|||,|||,|||,|||,|||,|||,|||,|||,|||,|||
64.62.197.219,64.62.197.219,00000000000000000000000000000000000000000000000000000000000000,|||,|||,|||,|||,|||,|||,|||,|||,|||,|||
64.62.197.32,64.62.197.32,00000000000000000000000000000000000000000000000000000000000000,|||,|||,|||,|||,|||,|||,|||,|||,|||,|||
64.62.197.57,64.62.197.57,00000000000000000000000000000000000000000000000000000000000000,|||,|||,|||,|||,|||,|||,|||,|||,|||,|||
35.225.30.212,35.225.30.212,00000000000000000000000000000000000000000000000000000000000000,|||,|||,|||,|||,|||,|||,|||,|||,|||,|||
64.62.197.51,64.62.197.51,00000000000000000000000000000000000000000000000000000000000000,|||,|||,|||,|||,|||,|||,|||,|||,|||,|||
64.62.197.59,64.62.197.59,00000000000000000000000000000000000000000000000000000000000000,|||,|||,|||,|||,|||,|||,|||,|||,|||,|||
64.62.197.232,64.62.197.232,00000000000000000000000000000000000000000000000000000000000000,|||,|||,|||,|||,|||,|||,|||,|||,|||,|||
64.62.197.67,64.62.197.67,00000000000000000000000000000000000000000000000000000000000000,|||,|||,|||,|||,|||,|||,|||,|||,|||,|||
35.185.204.94,35.185.204.94,00000000000000000000000000000000000000000000000000000000000000,|||,|||,|||,|||,|||,|||,|||,|||,|||,|||
64.62.197.231,64.62.197.231,00000000000000000000000000000000000000000000000000000000000000,|||,|||,|||,|||,|||,|||,|||,|||,|||,|||
64.62.197.56,64.62.197.56,00000000000000000000000000000000000000000000000000000000000000,|||,|||,|||,|||,|||,|||,|||,|||,|||,|||
35.203.115.190,35.203.115.190,00000000000000000000000000000000000000000000000000000000000000,|||,|||,|||,|||,|||,|||,|||,|||,|||,|||
59.46.13.18,59.46.13.18,07d14d16d21d21d07c42d43d0000009424803a662b126a748cf4f90707a33c,0033|0303|http/1.1|ff01-0001-0023-0010-0017,009d|0303|http/1.1|ff01-0001-0023-0010-0017,009f|0303|http/1.1|ff01-0001-0023-0010-0017,c013|0303|http/1.1|ff01-0001-000b-0023-0010-0017,c013|0303|http/1.1|ff01-0001-000b-0023-0010-0017,0033|0302|http/1.1|ff01-0001-0023-0010-0017,1302|0303||002b-0033,1303|0303||002b-0033,|||,|||
35.198.8.234,35.198.8.234,00000000000000000000000000000000000000000000000000000000000000,|||,|||,|||,|||,|||,|||,|||,|||,|||,|||
35.198.170.175,35.198.170.175,00000000000000000000000000000000000000000000000000000000000000,|||,|||,|||,|||,|||,|||,|||,|||,|||,|||
64.62.197.189,64.62.197.189,00000000000000000000000000000000000000000000000000000000000000,|||,|||,|||,|||,|||,|||,|||,|||,|||,|||
35.198.132.206,35.198.132.206,00000000000000000000000000000000000000000000000000000000000000,|||,|||,|||,|||,|||,|||,|||,|||,|||,|||
64.62.197.153,64.62.197.153,00000000000000000000000000000000000000000000000000000000000000,|||,|||,|||,|||,|||,|||,|||,|||,|||,|||
35.234.66.179,35.234.66.179,00000000000000000000000000000000000000000000000000000000000000,|||,|||,|||,|||,|||,|||,|||,|||,|||,|||
61.70.133.151,61.70.133.151,00000000000000000000000000000000000000000000000000000000000000,|||,|||,|||,|||,|||,|||,|||,|||,|||,|||
35.188.187.11,35.188.187.11,00000000000000000000000000000000000000000000000000000000000000,|||,|||,|||,|||,|||,|||,|||,|||,|||,|||
64.62.197.63,64.62.197.63,00000000000000000000000000000000000000000000000000000000000000,|||,|||,|||,|||,|||,|||,|||,|||,|||,|||
64.62.197.19,64.62.197.19,00000000000000000000000000000000000000000000000000000000000000,|||,|||,|||,|||,|||,|||,|||,|||,|||,|||
35.234.122.196,35.234.122.196,00000000000000000000000000000000000000000000000000000000000000,|||,|||,|||,|||,|||,|||,|||,|||,|||,|||
64.62.197.24,64.62.197.24,00000000000000000000000000000000000000000000000000000000000000,|||,|||,|||,|||,|||,|||,|||,|||,|||,|||
35.203.71.81,35.203.71.81,00000000000000000000000000000000000000000000000000000000000000,|||,|||,|||,|||,|||,|||,|||,|||,|||,|||
64.62.197.152,64.62.197.152,00000000000000000000000000000000000000000000000000000000000000,|||,|||,|||,|||,|||,|||,|||,|||,|||,|||
35.238.57.199,35.238.57.199,00000000000000000000000000000000000000000000000000000000000000,|||,|||,|||,|||,|||,|||,|||,|||,|||,|||
64.62.197.235,64.62.197.235,00000000000000000000000000000000000000000000000000000000000000,|||,|||,|||,|||,|||,|||,|||,|||,|||,|||
35.194.104.47,35.194.104.47,00000000000000000000000000000000000000000000000000000000000000,|||,|||,|||,|||,|||,|||,|||,|||,|||,|||
35.198.253.15,35.198.253.15,00000000000000000000000000000000000000000000000000000000000000,|||,|||,|||,|||,|||,|||,|||,|||,|||,|||
35.203.59.10,35.203.59.10,00000000000000000000000000000000000000000000000000000000000000,|||,|||,|||,|||,|||,|||,|||,|||,|||,|||
35.203.61.138,35.203.61.138,00000000000000000000000000000000000000000000000000000000000000,|||,|||,|||,|||,|||,|||,|||,|||,|||,|||
35.194.121.148,35.194.121.148,00000000000000000000000000000000000000000000000000000000000000,|||,|||,|||,|||,|||,|||,|||,|||,|||,|||
35.198.216.210,35.198.216.210,00000000000000000000000000000000000000000000000000000000000000,|||,|||,|||,|||,|||,|||,|||,|||,|||,|||
35.237.40.143,35.237.40.143,00000000000000000000000000000000000000000000000000000000000000,|||,|||,|||,|||,|||,|||,|||,|||,|||,|||
35.198.236.86,35.198.236.86,00000000000000000000000000000000000000000000000000000000000000,|||,|||,|||,|||,|||,|||,|||,|||,|||,|||
35.199.144.216,35.199.144.216,00000000000000000000000000000000000000000000000000000000000000,|||,|||,|||,|||,|||,|||,|||,|||,|||,|||
35.198.120.234,35.198.120.234,00000000000000000000000000000000000000000000000000000000000000,|||,|||,|||,|||,|||,|||,|||,|||,|||,|||
35.230.119.19,35.230.119.19,00000000000000000000000000000000000000000000000000000000000000,|||,|||,|||,|||,|||,|||,|||,|||,|||,|||
35.199.122.148,35.199.122.148,00000000000000000000000000000000000000000000000000000000000000,|||,|||,|||,|||,|||,|||,|||,|||,|||,|||
35.190.227.110,35.190.227.110,00000000000000000000000000000000000000000000000000000000000000,|||,|||,|||,|||,|||,|||,|||,|||,|||,|||
64.62.197.62,64.62.197.62,00000000000000000000000000000000000000000000000000000000000000,|||,|||,|||,|||,|||,|||,|||,|||,|||,|||
64.62.197.45,64.62.197.45,00000000000000000000000000000000000000000000000000000000000000,|||,|||,|||,|||,|||,|||,|||,|||,|||,|||
35.234.107.51,35.234.107.51,00000000000000000000000000000000000000000000000000000000000000,|||,|||,|||,|||,|||,|||,|||,|||,|||,|||
64.62.197.69,64.62.197.69,00000000000000000000000000000000000000000000000000000000000000,|||,|||,|||,|||,|||,|||,|||,|||,|||,|||
35.198.190.106,35.198.190.106,00000000000000000000000000000000000000000000000000000000000000,|||,|||,|||,|||,|||,|||,|||,|||,|||,|||
64.62.197.192,64.62.197.192,00000000000000000000000000000000000000000000000000000000000000,|||,|||,|||,|||,|||,|||,|||,|||,|||,|||
35.199.87.212,35.199.87.212,00000000000000000000000000000000000000000000000000000000000000,|||,|||,|||,|||,|||,|||,|||,|||,|||,|||
64.62.197.58,64.62.197.58,00000000000000000000000000000000000000000000000000000000000000,|||,|||,|||,|||,|||,|||,|||,|||,|||,|||
64.62.197.70,64.62.197.70,00000000000000000000000000000000000000000000000000000000000000,|||,|||,|||,|||,|||,|||,|||,|||,|||,|||
35.197.52.142,35.197.52.142,00000000000000000000000000000000000000000000000000000000000000,|||,|||,|||,|||,|||,|||,|||,|||,|||,|||
64.62.197.78,64.62.197.78,00000000000000000000000000000000000000000000000000000000000000,|||,|||,|||,|||,|||,|||,|||,|||,|||,|||
35.197.206.23,35.197.206.23,00000000000000000000000000000000000000000000000000000000000000,|||,|||,|||,|||,|||,|||,|||,|||,|||,|||
64.62.197.71,64.62.197.71,00000000000000000000000000000000000000000000000000000000000000,|||,|||,|||,|||,|||,|||,|||,|||,|||,|||
35.221.228.95,35.221.228.95,00000000000000000000000000000000000000000000000000000000000000,|||,|||,|||,|||,|||,|||,|||,|||,|||,|||
64.62.197.64,64.62.197.64,00000000000000000000000000000000000000000000000000000000000000,|||,|||,|||,|||,|||,|||,|||,|||,|||,|||
64.62.197.37,64.62.197.37,00000000000000000000000000000000000000000000000000000000000000,|||,|||,|||,|||,|||,|||,|||,|||,|||,|||
64.62.197.98,64.62.197.98,00000000000000000000000000000000000000000000000000000000000000,|||,|||,|||,|||,|||,|||,|||,|||,|||,|||
35.239.187.171,35.239.187.171,00000000000000000000000000000000000000000000000000000000000000,|||,|||,|||,|||,|||,|||,|||,|||,|||,|||
64.62.197.79,64.62.197.79,00000000000000000000000000000000000000000000000000000000000000,|||,|||,|||,|||,|||,|||,|||,|||,|||,|||
64.62.197.89,64.62.197.89,00000000000000000000000000000000000000000000000000000000000000,|||,|||,|||,|||,|||,|||,|||,|||,|||,|||
64.62.197.206,64.62.197.206,00000000000000000000000000000000000000000000000000000000000000,|||,|||,|||,|||,|||,|||,|||,|||,|||,|||
64.62.197.117,64.62.197.117,00000000000000000000000000000000000000000000000000000000000000,|||,|||,|||,|||,|||,|||,|||,|||,|||,|||
35.237.49.107,35.237.49.107,00000000000000000000000000000000000000000000000000000000000000,|||,|||,|||,|||,|||,|||,|||,|||,|||,|||
64.62.197.65,64.62.197.65,00000000000000000000000000000000000000000000000000000000000000,|||,|||,|||,|||,|||,|||,|||,|||,|||,|||
35.238.172.120,35.238.172.120,00000000000000000000000000000000000000000000000000000000000000,|||,|||,|||,|||,|||,|||,|||,|||,|||,|||
64.62.197.35,64.62.197.35,00000000000000000000000000000000000000000000000000000000000000,|||,|||,|||,|||,|||,|||,|||,|||,|||,|||
64.62.197.238,64.62.197.238,00000000000000000000000000000000000000000000000000000000000000,|||,|||,|||,|||,|||,|||,|||,|||,|||,|||
64.62.197.68,64.62.197.68,00000000000000000000000000000000000000000000000000000000000000,|||,|||,|||,|||,|||,|||,|||,|||,|||,|||
64.62.197.239,64.62.197.239,00000000000000000000000000000000000000000000000000000000000000,|||,|||,|||,|||,|||,|||,|||,|||,|||,|||
64.62.197.76,64.62.197.76,00000000000000000000000000000000000000000000000000000000000000,|||,|||,|||,|||,|||,|||,|||,|||,|||,|||
64.62.197.91,64.62.197.91,00000000000000000000000000000000000000000000000000000000000000,|||,|||,|||,|||,|||,|||,|||,|||,|||,|||
64.62.197.74,64.62.197.74,00000000000000000000000000000000000000000000000000000000000000,|||,|||,|||,|||,|||,|||,|||,|||,|||,|||
35.237.9.78,35.237.9.78,00000000000000000000000000000000000000000000000000000000000000,|||,|||,|||,|||,|||,|||,|||,|||,|||,|||
64.62.197.224,64.62.197.224,00000000000000000000000000000000000000000000000000000000000000,|||,|||,|||,|||,|||,|||,|||,|||,|||,|||
64.62.197.88,64.62.197.88,00000000000000000000000000000000000000000000000000000000000000,|||,|||,|||,|||,|||,|||,|||,|||,|||,|||
64.62.197.60,64.62.197.60,00000000000000000000000000000000000000000000000000000000000000,|||,|||,|||,|||,|||,|||,|||,|||,|||,|||
35.221.239.72,35.221.239.72,00000000000000000000000000000000000000000000000000000000000000,|||,|||,|||,|||,|||,|||,|||,|||,|||,|||
35.200.217.175,35.200.217.175,00000000000000000000000000000000000000000000000000000000000000,|||,|||,|||,|||,|||,|||,|||,|||,|||,|||
64.62.197.87,64.62.197.87,00000000000000000000000000000000000000000000000000000000000000,|||,|||,|||,|||,|||,|||,|||,|||,|||,|||
34.90.250.77,34.90.250.77,00000000000000000000000000000000000000000000000000000000000000,|||,|||,|||,|||,|||,|||,|||,|||,|||,|||
64.62.197.39,64.62.197.39,00000000000000000000000000000000000000000000000000000000000000,|||,|||,|||,|||,|||,|||,|||,|||,|||,|||
35.228.49.229,35.228.49.229,00000000000000000000000000000000000000000000000000000000000000,|||,|||,|||,|||,|||,|||,|||,|||,|||,|||
35.233.27.47,35.233.27.47,00000000000000000000000000000000000000000000000000000000000000,|||,|||,|||,|||,|||,|||,|||,|||,|||,|||
61.220.157.63,61.220.157.63,00000000000000000000000000000000000000000000000000000000000000,|||,|||,|||,|||,|||,|||,|||,|||,|||,|||
35.233.82.132,35.233.82.132,00000000000000000000000000000000000000000000000000000000000000,|||,|||,|||,|||,|||,|||,|||,|||,|||,|||
64.62.197.233,64.62.197.233,00000000000000000000000000000000000000000000000000000000000000,|||,|||,|||,|||,|||,|||,|||,|||,|||,|||
35.198.132.184,35.198.132.184,00000000000000000000000000000000000000000000000000000000000000,|||,|||,|||,|||,|||,|||,|||,|||,|||,|||
64.62.197.75,64.62.197.75,00000000000000000000000000000000000000000000000000000000000000,|||,|||,|||,|||,|||,|||,|||,|||,|||,|||
35.198.97.243,35.198.97.243,00000000000000000000000000000000000000000000000000000000000000,|||,|||,|||,|||,|||,|||,|||,|||,|||,|||
35.194.63.22,35.194.63.22,00000000000000000000000000000000000000000000000000000000000000,|||,|||,|||,|||,|||,|||,|||,|||,|||,|||
35.203.61.30,35.203.61.30,00000000000000000000000000000000000000000000000000000000000000,|||,|||,|||,|||,|||,|||,|||,|||,|||,|||
64.62.197.230,64.62.197.230,00000000000000000000000000000000000000000000000000000000000000,|||,|||,|||,|||,|||,|||,|||,|||,|||,|||
35.244.52.93,35.244.52.93,00000000000000000000000000000000000000000000000000000000000000,|||,|||,|||,|||,|||,|||,|||,|||,|||,|||
54.180.91.52,54.180.91.52,3fd3fd0003fd3fd21c42d42d000000307ee0eb468e9fdb5cfcd698a80a67ef,cca8|0303|h2|ff01-0000-0001-000b-0023-0010-0017,cca8|0303|h2|ff01-0000-0001-000b-0023-0010-0017,|||,cca8|0303||ff01-0000-0001-000b-0023-0017,cca8|0303||ff01-0000-0001-000b-0023-0017,c013|0302|h2|ff01-0000-0001-000b-0023-0010-0017,1302|0303||002b-0033,1302|0303||002b-0033,|||,|||
64.62.197.9,64.62.197.9,00000000000000000000000000000000000000000000000000000000000000,|||,|||,|||,|||,|||,|||,|||,|||,|||,|||
61.182.50.11,61.182.50.11,26d26d16d26d26d22c26d26d26d26dd7fc4c7c6ef19b77a4ca0787979cdc13,c028|0303||ff01,c028|0303||ff01,009f|0303||ff01,c028|0303||ff01,c028|0303||ff01,c014|0302||ff01,c028|0303||ff01,c028|0303||ff01,c028|0303||ff01,c028|0303||ff01
35.240.86.8,35.240.86.8,00000000000000000000000000000000000000000000000000000000000000,|||,|||,|||,|||,|||,|||,|||,|||,|||,|||
64.62.197.84,64.62.197.84,00000000000000000000000000000000000000000000000000000000000000,|||,|||,|||,|||,|||,|||,|||,|||,|||,|||
35.230.130.45,35.230.130.45,00000000000000000000000000000000000000000000000000000000000000,|||,|||,|||,|||,|||,|||,|||,|||,|||,|||
35.228.9.145,35.228.9.145,00000000000000000000000000000000000000000000000000000000000000,|||,|||,|||,|||,|||,|||,|||,|||,|||,|||
35.193.94.108,35.193.94.108,00000000000000000000000000000000000000000000000000000000000000,|||,|||,|||,|||,|||,|||,|||,|||,|||,|||
64.62.197.97,64.62.197.97,00000000000000000000000000000000000000000000000000000000000000,|||,|||,|||,|||,|||,|||,|||,|||,|||,|||
61.146.237.26,61.146.237.26,29d29d20d29d29d22c29d29d29d29d15a110e3e079cba2b9e84d88fe6e1939,c02f|0303||ff01-000b-0023,c02f|0303||ff01-000b-0023,c012|0303||ff01-000b-0023,c02f|0303||ff01-000b-0023,c02f|0303||ff01-000b-0023,c014|0302||ff01-000b-0023,c02f|0303||ff01-000b-0023,c02f|0303||ff01-000b-0023,c02f|0303||ff01-000b-0023,c02f|0303||ff01-000b-0023
64.62.197.90,64.62.197.90,00000000000000000000000000000000000000000000000000000000000000,|||,|||,|||,|||,|||,|||,|||,|||,|||,|||
35.189.6.191,35.189.6.191,00000000000000000000000000000000000000000000000000000000000000,|||,|||,|||,|||,|||,|||,|||,|||,|||,|||
65.49.20.100,65.49.20.100,00000000000000000000000000000000000000000000000000000000000000,|||,|||,|||,|||,|||,|||,|||,|||,|||,|||
35.203.127.36,35.203.127.36,00000000000000000000000000000000000000000000000000000000000000,|||,|||,|||,|||,|||,|||,|||,|||,|||,|||
35.200.248.36,35.200.248.36,00000000000000000000000000000000000000000000000000000000000000,|||,|||,|||,|||,|||,|||,|||,|||,|||,|||
64.62.197.41,64.62.197.41,00000000000000000000000000000000000000000000000000000000000000,|||,|||,|||,|||,|||,|||,|||,|||,|||,|||
65.49.20.109,65.49.20.109,00000000000000000000000000000000000000000000000000000000000000,|||,|||,|||,|||,|||,|||,|||,|||,|||,|||
65.49.20.101,65.49.20.101,00000000000000000000000000000000000000000000000000000000000000,|||,|||,|||,|||,|||,|||,|||,|||,|||,|||
64.62.197.99,64.62.197.99,00000000000000000000000000000000000000000000000000000000000000,|||,|||,|||,|||,|||,|||,|||,|||,|||,|||
35.198.119.183,35.198.119.183,00000000000000000000000000000000000000000000000000000000000000,|||,|||,|||,|||,|||,|||,|||,|||,|||,|||
64.44.42.195,64.44.42.195,21d14d00021d21d21c21d14d21d21dcade67768786e23ca695466fb7f94658,c013|0303||ff01-000b-0023-0017,009d|0303||ff01-0023-0017,|||,c013|0303||ff01-000b-0023-0017,c013|0303||ff01-000b-0023-0017,c013|0302||ff01-000b-0023-0017,c013|0303||ff01-000b-0023-0017,009d|0303||ff01-0023-0017,c013|0303||ff01-000b-0023-0017,c013|0303||ff01-000b-0023-0017
64.62.197.55,64.62.197.55,00000000000000000000000000000000000000000000000000000000000000,|||,|||,|||,|||,|||,|||,|||,|||,|||,|||
64.62.197.77,64.62.197.77,00000000000000000000000000000000000000000000000000000000000000,|||,|||,|||,|||,|||,|||,|||,|||,|||,|||
35.189.82.1,35.189.82.1,00000000000000000000000000000000000000000000000000000000000000,|||,|||,|||,|||,|||,|||,|||,|||,|||,|||
64.62.197.61,64.62.197.61,00000000000000000000000000000000000000000000000000000000000000,|||,|||,|||,|||,|||,|||,|||,|||,|||,|||
64.62.197.6,64.62.197.6,00000000000000000000000000000000000000000000000000000000000000,|||,|||,|||,|||,|||,|||,|||,|||,|||,|||
35.226.179.78,35.226.179.78,00000000000000000000000000000000000000000000000000000000000000,|||,|||,|||,|||,|||,|||,|||,|||,|||,|||
64.62.197.40,64.62.197.40,00000000000000000000000000000000000000000000000000000000000000,|||,|||,|||,|||,|||,|||,|||,|||,|||,|||
64.62.197.66,64.62.197.66,00000000000000000000000000000000000000000000000000000000000000,|||,|||,|||,|||,|||,|||,|||,|||,|||,|||
64.62.197.81,64.62.197.81,00000000000000000000000000000000000000000000000000000000000000,|||,|||,|||,|||,|||,|||,|||,|||,|||,|||
64.62.197.237,64.62.197.237,00000000000000000000000000000000000000000000000000000000000000,|||,|||,|||,|||,|||,|||,|||,|||,|||,|||
65.49.20.104,65.49.20.104,00000000000000000000000000000000000000000000000000000000000000,|||,|||,|||,|||,|||,|||,|||,|||,|||,|||
64.62.197.72,64.62.197.72,00000000000000000000000000000000000000000000000000000000000000,|||,|||,|||,|||,|||,|||,|||,|||,|||,|||
64.62.197.54,64.62.197.54,00000000000000000000000000000000000000000000000000000000000000,|||,|||,|||,|||,|||,|||,|||,|||,|||,|||
64.62.197.85,64.62.197.85,00000000000000000000000000000000000000000000000000000000000000,|||,|||,|||,|||,|||,|||,|||,|||,|||,|||
64.183.211.34,64.183.211.34,08d08d00008d08d08c08d08d08d08d9674c6b4e623ae36cc2d998e99e2262e,0035|0303||ff01-0023,0035|0303||ff01-0023,|||,0035|0303||ff01-0023,0035|0303||ff01-0023,0035|0302||ff01-0023,0035|0303||ff01-0023,0035|0303||ff01-0023,0035|0303||ff01-0023,0035|0303||ff01-0023
65.49.20.108,65.49.20.108,00000000000000000000000000000000000000000000000000000000000000,|||,|||,|||,|||,|||,|||,|||,|||,|||,|||
64.62.197.48,64.62.197.48,00000000000000000000000000000000000000000000000000000000000000,|||,|||,|||,|||,|||,|||,|||,|||,|||,|||
64.62.197.73,64.62.197.73,00000000000000000000000000000000000000000000000000000000000000,|||,|||,|||,|||,|||,|||,|||,|||,|||,|||
65.49.20.110,65.49.20.110,00000000000000000000000000000000000000000000000000000000000000,|||,|||,|||,|||,|||,|||,|||,|||,|||,|||
64.62.197.5,64.62.197.5,00000000000000000000000000000000000000000000000000000000000000,|||,|||,|||,|||,|||,|||,|||,|||,|||,|||
65.49.20.105,65.49.20.105,00000000000000000000000000000000000000000000000000000000000000,|||,|||,|||,|||,|||,|||,|||,|||,|||,|||
65.49.20.113,65.49.20.113,00000000000000000000000000000000000000000000000000000000000000,|||,|||,|||,|||,|||,|||,|||,|||,|||,|||
35.229.141.4,35.229.141.4,00000000000000000000000000000000000000000000000000000000000000,|||,|||,|||,|||,|||,|||,|||,|||,|||,|||
64.62.197.8,64.62.197.8,00000000000000000000000000000000000000000000000000000000000000,|||,|||,|||,|||,|||,|||,|||,|||,|||,|||
64.62.197.50,64.62.197.50,00000000000000000000000000000000000000000000000000000000000000,|||,|||,|||,|||,|||,|||,|||,|||,|||,|||
60.205.181.1,60.205.181.1,21d10d00021d21d21c21d10d21d21d696c1bb221f80034f540b6754152d3b8,c013|0303|http/1.1|ff01-000b-0023-0010,0084|0303|http/1.1|ff01-0023-0010,|||,c013|0303||ff01-000b-0023,c013|0303||ff01-000b-0023,c013|0302|http/1.1|ff01-000b-0023-0010,c013|0303|http/1.1|ff01-000b-0023-0010,0084|0303|http/1.1|ff01-0023-0010,c013|0303|http/1.1|ff01-000b-0023-0010,c013|0303|http/1.1|ff01-000b-0023-0010
67.205.158.213,67.205.158.213,00000000000000000000000000000000000000000000000000000000000000,|||,|||,|||,|||,|||,|||,|||,|||,|||,|||
61.219.141.197,61.219.141.197,00000000000000000000000000000000000000000000000000000000000000,|||,|||,|||,|||,|||,|||,|||,|||,|||,|||
64.62.197.86,64.62.197.86,00000000000000000000000000000000000000000000000000000000000000,|||,|||,|||,|||,|||,|||,|||,|||,|||,|||
35.203.98.73,35.203.98.73,00000000000000000000000000000000000000000000000000000000000000,|||,|||,|||,|||,|||,|||,|||,|||,|||,|||
35.200.151.23,35.200.151.23,00000000000000000000000000000000000000000000000000000000000000,|||,|||,|||,|||,|||,|||,|||,|||,|||,|||
65.49.20.111,65.49.20.111,00000000000000000000000000000000000000000000000000000000000000,|||,|||,|||,|||,|||,|||,|||,|||,|||,|||
35.198.18.177,35.198.18.177,00000000000000000000000000000000000000000000000000000000000000,|||,|||,|||,|||,|||,|||,|||,|||,|||,|||
35.226.140.120,35.226.140.120,00000000000000000000000000000000000000000000000000000000000000,|||,|||,|||,|||,|||,|||,|||,|||,|||,|||
35.198.85.1,35.198.85.1,00000000000000000000000000000000000000000000000000000000000000,|||,|||,|||,|||,|||,|||,|||,|||,|||,|||
64.62.197.93,64.62.197.93,00000000000000000000000000000000000000000000000000000000000000,|||,|||,|||,|||,|||,|||,|||,|||,|||,|||
64.62.197.94,64.62.197.94,00000000000000000000000000000000000000000000000000000000000000,|||,|||,|||,|||,|||,|||,|||,|||,|||,|||
58.48.194.234,58.48.194.234,06c06c00006c06c06c06c06c06c06c2bb1101b28b790bf5d9d4dcad463fdc2,002f|0302||ff01,002f|0302||ff01,|||,002f|0302||ff01,002f|0302||ff01,002f|0302||ff01,002f|0302||ff01,002f|0302||ff01,002f|0302||ff01,002f|0302||ff01
64.62.197.83,64.62.197.83,00000000000000000000000000000000000000000000000000000000000000,|||,|||,|||,|||,|||,|||,|||,|||,|||,|||
64.62.197.226,64.62.197.226,00000000000000000000000000000000000000000000000000000000000000,|||,|||,|||,|||,|||,|||,|||,|||,|||,|||
65.49.20.112,65.49.20.112,00000000000000000000000000000000000000000000000000000000000000,|||,|||,|||,|||,|||,|||,|||,|||,|||,|||
64.62.197.52,64.62.197.52,00000000000000000000000000000000000000000000000000000000000000,|||,|||,|||,|||,|||,|||,|||,|||,|||,|||
64.62.197.92,64.62.197.92,00000000000000000000000000000000000000000000000000000000000000,|||,|||,|||,|||,|||,|||,|||,|||,|||,|||
35.243.81.120,35.243.81.120,00000000000000000000000000000000000000000000000000000000000000,|||,|||,|||,|||,|||,|||,|||,|||,|||,|||
65.49.20.121,65.49.20.121,00000000000000000000000000000000000000000000000000000000000000,|||,|||,|||,|||,|||,|||,|||,|||,|||,|||
35.200.54.157,35.200.54.157,00000000000000000000000000000000000000000000000000000000000000,|||,|||,|||,|||,|||,|||,|||,|||,|||,|||
35.228.158.7,35.228.158.7,00000000000000000000000000000000000000000000000000000000000000,|||,|||,|||,|||,|||,|||,|||,|||,|||,|||
35.205.158.192,35.205.158.192,00000000000000000000000000000000000000000000000000000000000000,|||,|||,|||,|||,|||,|||,|||,|||,|||,|||
35.230.189.186,35.230.189.186,00000000000000000000000000000000000000000000000000000000000000,|||,|||,|||,|||,|||,|||,|||,|||,|||,|||
35.242.234.11,35.242.234.11,00000000000000000000000000000000000000000000000000000000000000,|||,|||,|||,|||,|||,|||,|||,|||,|||,|||
35.240.193.48,35.240.193.48,00000000000000000000000000000000000000000000000000000000000000,|||,|||,|||,|||,|||,|||,|||,|||,|||,|||
35.246.204.105,35.246.204.105,00000000000000000000000000000000000000000000000000000000000000,|||,|||,|||,|||,|||,|||,|||,|||,|||,|||
35.233.45.112,35.233.45.112,00000000000000000000000000000000000000000000000000000000000000,|||,|||,|||,|||,|||,|||,|||,|||,|||,|||
35.199.74.109,35.199.74.109,00000000000000000000000000000000000000000000000000000000000000,|||,|||,|||,|||,|||,|||,|||,|||,|||,|||
35.199.151.245,35.199.151.245,00000000000000000000000000000000000000000000000000000000000000,|||,|||,|||,|||,|||,|||,|||,|||,|||,|||
34.93.244.123,34.93.244.123,00000000000000000000000000000000000000000000000000000000000000,|||,|||,|||,|||,|||,|||,|||,|||,|||,|||
35.195.113.254,35.195.113.254,00000000000000000000000000000000000000000000000000000000000000,|||,|||,|||,|||,|||,|||,|||,|||,|||,|||
35.228.156.0,35.228.156.0,00000000000000000000000000000000000000000000000000000000000000,|||,|||,|||,|||,|||,|||,|||,|||,|||,|||
65.49.20.67,65.49.20.67,00000000000000000000000000000000000000000000000000000000000000,|||,|||,|||,|||,|||,|||,|||,|||,|||,|||
35.201.31.248,35.201.31.248,00000000000000000000000000000000000000000000000000000000000000,|||,|||,|||,|||,|||,|||,|||,|||,|||,|||
64.62.197.44,64.62.197.44,00000000000000000000000000000000000000000000000000000000000000,|||,|||,|||,|||,|||,|||,|||,|||,|||,|||
59.4.234.130,59.4.234.130,04b06b00004b04b04b04b06b04b04be3b0c44298fc1c149afbf4c8996fb924,000a|0301||,002f|0301||,|||,000a|0301||,000a|0301||,000a|0301||,000a|0301||,002f|0301||,000a|0301||,000a|0301||
68.183.15.74,68.183.15.74,00000000000000000000000000000000000000000000000000000000000000,|||,|||,|||,|||,|||,|||,|||,|||,|||,|||
47.94.218.136,47.94.218.136,00000000000000000000000000000000000000000000000000000000000000,|||,|||,|||,|||,|||,|||,|||,|||,|||,|||
65.49.20.118,65.49.20.118,00000000000000000000000000000000000000000000000000000000000000,|||,|||,|||,|||,|||,|||,|||,|||,|||,|||
35.197.84.38,35.197.84.38,00000000000000000000000000000000000000000000000000000000000000,|||,|||,|||,|||,|||,|||,|||,|||,|||,|||
35.244.85.240,35.244.85.240,00000000000000000000000000000000000000000000000000000000000000,|||,|||,|||,|||,|||,|||,|||,|||,|||,|||
35.228.234.247,35.228.234.247,00000000000000000000000000000000000000000000000000000000000000,|||,|||,|||,|||,|||,|||,|||,|||,|||,|||
35.198.157.148,35.198.157.148,00000000000000000000000000000000000000000000000000000000000000,|||,|||,|||,|||,|||,|||,|||,|||,|||,|||
65.49.20.106,65.49.20.106,00000000000000000000000000000000000000000000000000000000000000,|||,|||,|||,|||,|||,|||,|||,|||,|||,|||
35.204.0.177,35.204.0.177,00000000000000000000000000000000000000000000000000000000000000,|||,|||,|||,|||,|||,|||,|||,|||,|||,|||
35.194.73.182,35.194.73.182,00000000000000000000000000000000000000000000000000000000000000,|||,|||,|||,|||,|||,|||,|||,|||,|||,|||
35.240.126.243,35.240.126.243,00000000000000000000000000000000000000000000000000000000000000,|||,|||,|||,|||,|||,|||,|||,|||,|||,|||
35.237.239.85,35.237.239.85,00000000000000000000000000000000000000000000000000000000000000,|||,|||,|||,|||,|||,|||,|||,|||,|||,|||
64.62.197.47,64.62.197.47,00000000000000000000000000000000000000000000000000000000000000,|||,|||,|||,|||,|||,|||,|||,|||,|||,|||
35.240.14.219,35.240.14.219,00000000000000000000000000000000000000000000000000000000000000,|||,|||,|||,|||,|||,|||,|||,|||,|||,|||
35.226.152.180,35.226.152.180,00000000000000000000000000000000000000000000000000000000000000,|||,|||,|||,|||,|||,|||,|||,|||,|||,|||
35.200.1.240,35.200.1.240,00000000000000000000000000000000000000000000000000000000000000,|||,|||,|||,|||,|||,|||,|||,|||,|||,|||
35.193.81.30,35.193.81.30,00000000000000000000000000000000000000000000000000000000000000,|||,|||,|||,|||,|||,|||,|||,|||,|||,|||
35.200.189.145,35.200.189.145,00000000000000000000000000000000000000000000000000000000000000,|||,|||,|||,|||,|||,|||,|||,|||,|||,|||
35.199.99.27,35.199.99.27,00000000000000000000000000000000000000000000000000000000000000,|||,|||,|||,|||,|||,|||,|||,|||,|||,|||
35.239.107.254,35.239.107.254,00000000000000000000000000000000000000000000000000000000000000,|||,|||,|||,|||,|||,|||,|||,|||,|||,|||
35.189.38.144,35.189.38.144,00000000000000000000000000000000000000000000000000000000000000,|||,|||,|||,|||,|||,|||,|||,|||,|||,|||
65.49.20.77,65.49.20.77,00000000000000000000000000000000000000000000000000000000000000,|||,|||,|||,|||,|||,|||,|||,|||,|||,|||
35.200.161.231,35.200.161.231,00000000000000000000000000000000000000000000000000000000000000,|||,|||,|||,|||,|||,|||,|||,|||,|||,|||
64.62.197.227,64.62.197.227,00000000000000000000000000000000000000000000000000000000000000,|||,|||,|||,|||,|||,|||,|||,|||,|||,|||
35.240.109.62,35.240.109.62,00000000000000000000000000000000000000000000000000000000000000,|||,|||,|||,|||,|||,|||,|||,|||,|||,|||
64.62.197.34,64.62.197.34,00000000000000000000000000000000000000000000000000000000000000,|||,|||,|||,|||,|||,|||,|||,|||,|||,|||
65.49.20.125,65.49.20.125,00000000000000000000000000000000000000000000000000000000000000,|||,|||,|||,|||,|||,|||,|||,|||,|||,|||
65.49.20.69,65.49.20.69,00000000000000000000000000000000000000000000000000000000000000,|||,|||,|||,|||,|||,|||,|||,|||,|||,|||
65.49.20.71,65.49.20.71,00000000000000000000000000000000000000000000000000000000000000,|||,|||,|||,|||,|||,|||,|||,|||,|||,|||
65.49.20.124,65.49.20.124,00000000000000000000000000000000000000000000000000000000000000,|||,|||,|||,|||,|||,|||,|||,|||,|||,|||
36.133.122.96,36.133.122.96,00000000000000000000000000000000000000000000000000000000000000,|||,|||,|||,|||,|||,|||,|||,|||,|||,|||
65.49.20.122,65.49.20.122,00000000000000000000000000000000000000000000000000000000000000,|||,|||,|||,|||,|||,|||,|||,|||,|||,|||
67.83.197.170,67.83.197.170,00000000000000000000000000000000000000000000000000000000000000,|||,|||,|||,|||,|||,|||,|||,|||,|||,|||
65.49.20.119,65.49.20.119,00000000000000000000000000000000000000000000000000000000000000,|||,|||,|||,|||,|||,|||,|||,|||,|||,|||
65.49.20.78,65.49.20.78,00000000000000000000000000000000000000000000000000000000000000,|||,|||,|||,|||,|||,|||,|||,|||,|||,|||
35.233.101.189,35.233.101.189,00000000000000000000000000000000000000000000000000000000000000,|||,|||,|||,|||,|||,|||,|||,|||,|||,|||
67.204.1.26,67.204.1.26,00000000000000000000000000000000000000000000000000000000000000,|||,|||,|||,|||,|||,|||,|||,|||,|||,|||
65.49.20.72,65.49.20.72,00000000000000000000000000000000000000000000000000000000000000,|||,|||,|||,|||,|||,|||,|||,|||,|||,|||
65.49.20.99,65.49.20.99,00000000000000000000000000000000000000000000000000000000000000,|||,|||,|||,|||,|||,|||,|||,|||,|||,|||
36.111.178.223,36.111.178.223,00000000000000000000000000000000000000000000000000000000000000,|||,|||,|||,|||,|||,|||,|||,|||,|||,|||
65.49.20.115,65.49.20.115,00000000000000000000000000000000000000000000000000000000000000,|||,|||,|||,|||,|||,|||,|||,|||,|||,|||
65.49.20.114,65.49.20.114,00000000000000000000000000000000000000000000000000000000000000,|||,|||,|||,|||,|||,|||,|||,|||,|||,|||
35.234.79.108,35.234.79.108,00000000000000000000000000000000000000000000000000000000000000,|||,|||,|||,|||,|||,|||,|||,|||,|||,|||
35.203.77.38,35.203.77.38,00000000000000000000000000000000000000000000000000000000000000,|||,|||,|||,|||,|||,|||,|||,|||,|||,|||
35.221.130.166,35.221.130.166,00000000000000000000000000000000000000000000000000000000000000,|||,|||,|||,|||,|||,|||,|||,|||,|||,|||
35.247.131.58,35.247.131.58,00000000000000000000000000000000000000000000000000000000000000,|||,|||,|||,|||,|||,|||,|||,|||,|||,|||
36.102.46.46,36.102.46.46,00000000000000000000000000000000000000000000000000000000000000,|||,|||,|||,|||,|||,|||,|||,|||,|||,|||
36.156.66.62,36.156.66.62,00000000000000000000000000000000000000000000000000000000000000,|||,|||,|||,|||,|||,|||,|||,|||,|||,|||
35.246.164.83,35.246.164.83,00000000000000000000000000000000000000000000000000000000000000,|||,|||,|||,|||,|||,|||,|||,|||,|||,|||
36.110.3.52,36.110.3.52,00000000000000000000000000000000000000000000000000000000000000,|||,|||,|||,|||,|||,|||,|||,|||,|||,|||
35.240.25.17,35.240.25.17,00000000000000000000000000000000000000000000000000000000000000,|||,|||,|||,|||,|||,|||,|||,|||,|||,|||
35.245.83.127,35.245.83.127,00000000000000000000000000000000000000000000000000000000000000,|||,|||,|||,|||,|||,|||,|||,|||,|||,|||
67.247.123.0,67.247.123.0,00000000000000000000000000000000000000000000000000000000000000,|||,|||,|||,|||,|||,|||,|||,|||,|||,|||
35.243.195.229,35.243.195.229,00000000000000000000000000000000000000000000000000000000000000,|||,|||,|||,|||,|||,|||,|||,|||,|||,|||
61.219.11.151,61.219.11.151,00000000000000000000000000000000000000000000000000000000000000,|||,|||,|||,|||,|||,|||,|||,|||,|||,|||
65.49.20.85,65.49.20.85,00000000000000000000000000000000000000000000000000000000000000,|||,|||,|||,|||,|||,|||,|||,|||,|||,|||
36.155.209.164,36.155.209.164,00000000000000000000000000000000000000000000000000000000000000,|||,|||,|||,|||,|||,|||,|||,|||,|||,|||
42.193.45.112,42.193.45.112,21d10d00021d21d21c21d10d21d21d696c1bb221f80034f540b6754152d3b8,c013|0303|http/1.1|ff01-000b-0023-0010,0084|0303|http/1.1|ff01-0023-0010,|||,c013|0303||ff01-000b-0023,c013|0303||ff01-000b-0023,c013|0302|http/1.1|ff01-000b-0023-0010,c013|0303|http/1.1|ff01-000b-0023-0010,0084|0303|http/1.1|ff01-0023-0010,c013|0303|http/1.1|ff01-000b-0023-0010,c013|0303|http/1.1|ff01-000b-0023-0010
35.245.192.91,35.245.192.91,00000000000000000000000000000000000000000000000000000000000000,|||,|||,|||,|||,|||,|||,|||,|||,|||,|||
64.227.98.195,64.227.98.195,15d3fd16d29d29d00042d43d000000a9cca039899ca08e5d5d51096bd3b7d6,009e|0303|http/1.1|ff01-0001-0023-0010-0017,cca8|0303|http/1.1|ff01-0001-000b-0023-0010-0017,009f|0303|http/1.1|ff01-0001-0023-0010-0017,c02f|0303||ff01-0001-000b-0023-0017,c02f|0303||ff01-0001-000b-0023-0017,|||,1302|0303||002b-0033,1303|0303||002b-0033,|||,|||
35.203.47.57,35.203.47.57,00000000000000000000000000000000000000000000000000000000000000,|||,|||,|||,|||,|||,|||,|||,|||,|||,|||
61.50.206.139,61.50.206.139,08b08b00008b08b08b08b08b08b08be3b0c44298fc1c149afbf4c8996fb924,0035|0301||,0035|0301||,|||,0035|0301||,0035|0301||,0035|0301||,0035|0301||,0035|0301||,0035|0301||,0035|0301||
36.72.184.38,36.72.184.38,00000000000000000000000000000000000000000000000000000000000000,|||,|||,|||,|||,|||,|||,|||,|||,|||,|||
35.236.166.228,35.236.166.228,00000000000000000000000000000000000000000000000000000000000000,|||,|||,|||,|||,|||,|||,|||,|||,|||,|||
65.49.20.97,65.49.20.97,00000000000000000000000000000000000000000000000000000000000000,|||,|||,|||,|||,|||,|||,|||,|||,|||,|||
36.134.71.112,36.134.71.112,00000000000000000000000000000000000000000000000000000000000000,|||,|||,|||,|||,|||,|||,|||,|||,|||,|||
65.49.20.120,65.49.20.120,00000000000000000000000000000000000000000000000000000000000000,|||,|||,|||,|||,|||,|||,|||,|||,|||,|||
36.134.141.12,36.134.141.12,00000000000000000000000000000000000000000000000000000000000000,|||,|||,|||,|||,|||,|||,|||,|||,|||,|||
35.246.236.90,35.246.236.90,00000000000000000000000000000000000000000000000000000000000000,|||,|||,|||,|||,|||,|||,|||,|||,|||,|||
64.62.197.53,64.62.197.53,00000000000000000000000000000000000000000000000000000000000000,|||,|||,|||,|||,|||,|||,|||,|||,|||,|||
35.200.211.175,35.200.211.175,00000000000000000000000000000000000000000000000000000000000000,|||,|||,|||,|||,|||,|||,|||,|||,|||,|||
37.230.247.179,37.230.247.179,00000000000000000000000000000000000000000000000000000000000000,|||,|||,|||,|||,|||,|||,|||,|||,|||,|||
35.246.198.197,35.246.198.197,00000000000000000000000000000000000000000000000000000000000000,|||,|||,|||,|||,|||,|||,|||,|||,|||,|||
36.20.41.44,36.20.41.44,00000000000000000000000000000000000000000000000000000000000000,|||,|||,|||,|||,|||,|||,|||,|||,|||,|||
36.26.3.190,36.26.3.190,00000000000000000000000000000000000000000000000000000000000000,|||,|||,|||,|||,|||,|||,|||,|||,|||,|||
65.49.20.91,65.49.20.91,00000000000000000000000000000000000000000000000000000000000000,|||,|||,|||,|||,|||,|||,|||,|||,|||,|||
35.244.62.73,35.244.62.73,00000000000000000000000000000000000000000000000000000000000000,|||,|||,|||,|||,|||,|||,|||,|||,|||,|||
35.193.36.35,35.193.36.35,00000000000000000000000000000000000000000000000000000000000000,|||,|||,|||,|||,|||,|||,|||,|||,|||,|||
35.246.60.253,35.246.60.253,00000000000000000000000000000000000000000000000000000000000000,|||,|||,|||,|||,|||,|||,|||,|||,|||,|||
36.85.217.242,36.85.217.242,00000000000000000000000000000000000000000000000000000000000000,|||,|||,|||,|||,|||,|||,|||,|||,|||,|||
35.226.235.59,35.226.235.59,00000000000000000000000000000000000000000000000000000000000000,|||,|||,|||,|||,|||,|||,|||,|||,|||,|||
36.111.173.89,36.111.173.89,00000000000000000000000000000000000000000000000000000000000000,|||,|||,|||,|||,|||,|||,|||,|||,|||,|||
64.62.197.95,64.62.197.95,00000000000000000000000000000000000000000000000000000000000000,|||,|||,|||,|||,|||,|||,|||,|||,|||,|||
35.246.237.244,35.246.237.244,00000000000000000000000000000000000000000000000000000000000000,|||,|||,|||,|||,|||,|||,|||,|||,|||,|||
38.129.37.132,38.129.37.132,00000000000000000000000000000000000000000000000000000000000000,|||,|||,|||,|||,|||,|||,|||,|||,|||,|||
35.246.29.116,35.246.29.116,00000000000000000000000000000000000000000000000000000000000000,|||,|||,|||,|||,|||,|||,|||,|||,|||,|||
36.74.103.68,36.74.103.68,00000000000000000000000000000000000000000000000000000000000000,|||,|||,|||,|||,|||,|||,|||,|||,|||,|||
60.247.21.198,60.247.21.198,20d14d20d21d20d00020d14d20d20d03e121248589b15fda5a8c5fbe0d02a9,c012|0303||ff01-000b-0023,009d|0303||ff01-0023,c012|0303||ff01-000b-0023,c013|0303||ff01-000b-0023,c012|0303||ff01-000b-0023,|||,c012|0303||ff01-000b-0023,009d|0303||ff01-0023,c012|0303||ff01-000b-0023,c012|0303||ff01-000b-0023
36.27.73.251,36.27.73.251,00000000000000000000000000000000000000000000000000000000000000,|||,|||,|||,|||,|||,|||,|||,|||,|||,|||
36.152.164.14,36.152.164.14,00000000000000000000000000000000000000000000000000000000000000,|||,|||,|||,|||,|||,|||,|||,|||,|||,|||
61.163.44.13,61.163.44.13,1fd1fd0001fd1fd1fc1fd1fd1fd1fd4d38a7b5ffb0e5536d09513d9de81205,c011|0303||ff01-000b-0023,c011|0303||ff01-000b-0023,|||,c011|0303||ff01-000b-0023,c011|0303||ff01-000b-0023,c011|0302||ff01-000b-0023,c011|0303||ff01-000b-0023,c011|0303||ff01-000b-0023,c011|0303||ff01-000b-0023,c011|0303||ff01-000b-0023
68.183.76.205,68.183.76.205,07d10d11d21d21d07c07d10d07d21d7f94927a800698f72ad8146900120abe,0033|0303|http/1.1|ff01-0023-0010,0084|0303|http/1.1|ff01-0023-0010,0088|0303|http/1.1|ff01-0023-0010,c013|0303|http/1.1|ff01-000b-0023-0010,c013|0303|http/1.1|ff01-000b-0023-0010,0033|0302|http/1.1|ff01-0023-0010,0033|0303|http/1.1|ff01-0023-0010,0084|0303|http/1.1|ff01-0023-0010,0033|0303|http/1.1|ff01-0023-0010,c013|0303|http/1.1|ff01-000b-0023-0010
36.7.145.33,36.7.145.33,00000000000000000000000000000000000000000000000000000000000000,|||,|||,|||,|||,|||,|||,|||,|||,|||,|||
35.246.46.44,35.246.46.44,00000000000000000000000000000000000000000000000000000000000000,|||,|||,|||,|||,|||,|||,|||,|||,|||,|||
66.176.143.98,66.176.143.98,00000000000000000000000000000000000000000000000000000000000000,|||,|||,|||,|||,|||,|||,|||,|||,|||,|||
36.234.39.166,36.234.39.166,00000000000000000000000000000000000000000000000000000000000000,|||,|||,|||,|||,|||,|||,|||,|||,|||,|||
36.137.196.162,36.137.196.162,00000000000000000000000000000000000000000000000000000000000000,|||,|||,|||,|||,|||,|||,|||,|||,|||,|||
61.163.89.66,61.163.89.66,29d29d20d29d29d22c29d29d29d29d8e917db1de9d33002d70770504a55ef7,c02f|0303|http/1.1|0000-ff01-000b-0023-0010,c02f|0303|http/1.1|0000-ff01-000b-0023-0010,c012|0303|http/1.1|0000-ff01-000b-0023-0010,c02f|0303||0000-ff01-000b-0023,c02f|0303||0000-ff01-000b-0023,c014|0302|http/1.1|0000-ff01-000b-0023-0010,c02f|0303|http/1.1|0000-ff01-000b-0023-0010,c02f|0303|http/1.1|0000-ff01-000b-0023-0010,c02f|0303|http/1.1|0000-ff01-000b-0023-0010,c02f|0303|http/1.1|0000-ff01-000b-0023-0010
36.83.198.186,36.83.198.186,00000000000000000000000000000000000000000000000000000000000000,|||,|||,|||,|||,|||,|||,|||,|||,|||,|||
35.246.84.177,35.246.84.177,00000000000000000000000000000000000000000000000000000000000000,|||,|||,|||,|||,|||,|||,|||,|||,|||,|||
36.155.130.36,36.155.130.36,00000000000000000000000000000000000000000000000000000000000000,|||,|||,|||,|||,|||,|||,|||,|||,|||,|||
35.240.64.211,35.240.64.211,00000000000000000000000000000000000000000000000000000000000000,|||,|||,|||,|||,|||,|||,|||,|||,|||,|||
36.41.77.129,36.41.77.129,00000000000000000000000000000000000000000000000000000000000000,|||,|||,|||,|||,|||,|||,|||,|||,|||,|||
65.49.20.84,65.49.20.84,00000000000000000000000000000000000000000000000000000000000000,|||,|||,|||,|||,|||,|||,|||,|||,|||,|||
36.7.168.70,36.7.168.70,00000000000000000000000000000000000000000000000000000000000000,|||,|||,|||,|||,|||,|||,|||,|||,|||,|||
65.49.20.82,65.49.20.82,00000000000000000000000000000000000000000000000000000000000000,|||,|||,|||,|||,|||,|||,|||,|||,|||,|||
36.229.136.249,36.229.136.249,00000000000000000000000000000000000000000000000000000000000000,|||,|||,|||,|||,|||,|||,|||,|||,|||,|||
35.229.193.0,35.229.193.0,00000000000000000000000000000000000000000000000000000000000000,|||,|||,|||,|||,|||,|||,|||,|||,|||,|||
36.69.113.42,36.69.113.42,00000000000000000000000000000000000000000000000000000000000000,|||,|||,|||,|||,|||,|||,|||,|||,|||,|||
65.49.20.117,65.49.20.117,00000000000000000000000000000000000000000000000000000000000000,|||,|||,|||,|||,|||,|||,|||,|||,|||,|||
36.69.114.147,36.69.114.147,00000000000000000000000000000000000000000000000000000000000000,|||,|||,|||,|||,|||,|||,|||,|||,|||,|||
65.49.20.89,65.49.20.89,00000000000000000000000000000000000000000000000000000000000000,|||,|||,|||,|||,|||,|||,|||,|||,|||,|||
61.111.18.35,61.111.18.35,06b06b00006b06b06b06b06b06b06bd3b67dd3674d9af9dd91c1955a35d0e9,002f|0301||0017-ff01,002f|0301||0017-ff01,|||,002f|0301||0017-ff01,002f|0301||0017-ff01,002f|0301||0017-ff01,002f|0301||0017-ff01,002f|0301||0017-ff01,002f|0301||0017-ff01,002f|0301||0017-ff01
65.49.20.107,65.49.20.107,00000000000000000000000000000000000000000000000000000000000000,|||,|||,|||,|||,|||,|||,|||,|||,|||,|||
68.183.37.91,68.183.37.91,00000000000000000000000000000000000000000000000000000000000000,|||,|||,|||,|||,|||,|||,|||,|||,|||,|||
37.0.15.237,37.0.15.237,00000000000000000000000000000000000000000000000000000000000000,|||,|||,|||,|||,|||,|||,|||,|||,|||,|||
38.96.45.38,38.96.45.38,00000000000000000000000000000000000000000000000000000000000000,|||,|||,|||,|||,|||,|||,|||,|||,|||,|||
35.246.196.3,35.246.196.3,00000000000000000000000000000000000000000000000000000000000000,|||,|||,|||,|||,|||,|||,|||,|||,|||,|||
36.36.136.37,36.36.136.37,00000000000000000000000000000000000000000000000000000000000000,|||,|||,|||,|||,|||,|||,|||,|||,|||,|||
36.155.231.65,36.155.231.65,00000000000000000000000000000000000000000000000000000000000000,|||,|||,|||,|||,|||,|||,|||,|||,|||,|||
36.133.193.98,36.133.193.98,00000000000000000000000000000000000000000000000000000000000000,|||,|||,|||,|||,|||,|||,|||,|||,|||,|||
35.238.56.238,35.238.56.238,00000000000000000000000000000000000000000000000000000000000000,|||,|||,|||,|||,|||,|||,|||,|||,|||,|||
36.112.158.116,36.112.158.116,00000000000000000000000000000000000000000000000000000000000000,|||,|||,|||,|||,|||,|||,|||,|||,|||,|||
61.40.58.140,61.40.58.140,00000000000000000000000000000000000000000000000000000000000000,|||,|||,|||,|||,|||,|||,|||,|||,|||,|||
35.239.63.208,35.239.63.208,00000000000000000000000000000000000000000000000000000000000000,|||,|||,|||,|||,|||,|||,|||,|||,|||,|||
36.112.138.185,36.112.138.185,00000000000000000000000000000000000000000000000000000000000000,|||,|||,|||,|||,|||,|||,|||,|||,|||,|||
36.111.195.5,36.111.195.5,00000000000000000000000000000000000000000000000000000000000000,|||,|||,|||,|||,|||,|||,|||,|||,|||,|||
35.245.245.146,35.245.245.146,00000000000000000000000000000000000000000000000000000000000000,|||,|||,|||,|||,|||,|||,|||,|||,|||,|||
35.245.204.178,35.245.204.178,00000000000000000000000000000000000000000000000000000000000000,|||,|||,|||,|||,|||,|||,|||,|||,|||,|||
35.240.253.146,35.240.253.146,00000000000000000000000000000000000000000000000000000000000000,|||,|||,|||,|||,|||,|||,|||,|||,|||,|||
38.132.109.169,38.132.109.169,00000000000000000000000000000000000000000000000000000000000000,|||,|||,|||,|||,|||,|||,|||,|||,|||,|||
66.240.219.146,66.240.219.146,00000000000000000000000000000000000000000000000000000000000000,|||,|||,|||,|||,|||,|||,|||,|||,|||,|||
35.242.231.160,35.242.231.160,00000000000000000000000000000000000000000000000000000000000000,|||,|||,|||,|||,|||,|||,|||,|||,|||,|||
36.137.75.99,36.137.75.99,00000000000000000000000000000000000000000000000000000000000000,|||,|||,|||,|||,|||,|||,|||,|||,|||,|||
35.242.230.212,35.242.230.212,00000000000000000000000000000000000000000000000000000000000000,|||,|||,|||,|||,|||,|||,|||,|||,|||,|||
35.244.69.53,35.244.69.53,00000000000000000000000000000000000000000000000000000000000000,|||,|||,|||,|||,|||,|||,|||,|||,|||,|||
35.230.71.202,35.230.71.202,00000000000000000000000000000000000000000000000000000000000000,|||,|||,|||,|||,|||,|||,|||,|||,|||,|||
36.133.160.173,36.133.160.173,00000000000000000000000000000000000000000000000000000000000000,|||,|||,|||,|||,|||,|||,|||,|||,|||,|||
65.49.20.96,65.49.20.96,00000000000000000000000000000000000000000000000000000000000000,|||,|||,|||,|||,|||,|||,|||,|||,|||,|||
36.112.157.229,36.112.157.229,00000000000000000000000000000000000000000000000000000000000000,|||,|||,|||,|||,|||,|||,|||,|||,|||,|||
35.246.34.208,35.246.34.208,00000000000000000000000000000000000000000000000000000000000000,|||,|||,|||,|||,|||,|||,|||,|||,|||,|||
35.200.145.254,35.200.145.254,00000000000000000000000000000000000000000000000000000000000000,|||,|||,|||,|||,|||,|||,|||,|||,|||,|||
36.26.234.235,36.26.234.235,00000000000000000000000000000000000000000000000000000000000000,|||,|||,|||,|||,|||,|||,|||,|||,|||,|||
35.246.235.42,35.246.235.42,00000000000000000000000000000000000000000000000000000000000000,|||,|||,|||,|||,|||,|||,|||,|||,|||,|||
35.245.73.104,35.245.73.104,00000000000000000000000000000000000000000000000000000000000000,|||,|||,|||,|||,|||,|||,|||,|||,|||,|||
65.49.20.73,65.49.20.73,00000000000000000000000000000000000000000000000000000000000000,|||,|||,|||,|||,|||,|||,|||,|||,|||,|||
36.112.86.7,36.112.86.7,00000000000000000000000000000000000000000000000000000000000000,|||,|||,|||,|||,|||,|||,|||,|||,|||,|||
35.246.229.164,35.246.229.164,00000000000000000000000000000000000000000000000000000000000000,|||,|||,|||,|||,|||,|||,|||,|||,|||,|||
36.27.214.242,36.27.214.242,00000000000000000000000000000000000000000000000000000000000000,|||,|||,|||,|||,|||,|||,|||,|||,|||,|||
36.112.156.100,36.112.156.100,00000000000000000000000000000000000000000000000000000000000000,|||,|||,|||,|||,|||,|||,|||,|||,|||,|||
37.52.37.93,37.52.37.93,00000000000000000000000000000000000000000000000000000000000000,|||,|||,|||,|||,|||,|||,|||,|||,|||,|||
36.90.229.49,36.90.229.49,00000000000000000000000000000000000000000000000000000000000000,|||,|||,|||,|||,|||,|||,|||,|||,|||,|||
35.242.149.15,35.242.149.15,00000000000000000000000000000000000000000000000000000000000000,|||,|||,|||,|||,|||,|||,|||,|||,|||,|||
36.155.231.126,36.155.231.126,00000000000000000000000000000000000000000000000000000000000000,|||,|||,|||,|||,|||,|||,|||,|||,|||,|||
36.112.157.241,36.112.157.241,00000000000000000000000000000000000000000000000000000000000000,|||,|||,|||,|||,|||,|||,|||,|||,|||,|||
36.26.41.194,36.26.41.194,00000000000000000000000000000000000000000000000000000000000000,|||,|||,|||,|||,|||,|||,|||,|||,|||,|||
35.204.224.231,35.204.224.231,00000000000000000000000000000000000000000000000000000000000000,|||,|||,|||,|||,|||,|||,|||,|||,|||,|||
35.234.62.26,35.234.62.26,00000000000000000000000000000000000000000000000000000000000000,|||,|||,|||,|||,|||,|||,|||,|||,|||,|||
35.204.145.153,35.204.145.153,00000000000000000000000000000000000000000000000000000000000000,|||,|||,|||,|||,|||,|||,|||,|||,|||,|||
36.96.44.70,36.96.44.70,00000000000000000000000000000000000000000000000000000000000000,|||,|||,|||,|||,|||,|||,|||,|||,|||,|||
35.246.154.234,35.246.154.234,00000000000000000000000000000000000000000000000000000000000000,|||,|||,|||,|||,|||,|||,|||,|||,|||,|||
42.193.45.237,42.193.45.237,00000000000000000000000000000000000000000000000000000000000000,|||,|||,|||,|||,|||,|||,|||,|||,|||,|||
35.244.67.35,35.244.67.35,00000000000000000000000000000000000000000000000000000000000000,|||,|||,|||,|||,|||,|||,|||,|||,|||,|||
66.76.86.118,66.76.86.118,00000000000000000000000000000000000000000000000000000000000000,|||,|||,|||,|||,|||,|||,|||,|||,|||,|||
65.49.20.70,65.49.20.70,00000000000000000000000000000000000000000000000000000000000000,|||,|||,|||,|||,|||,|||,|||,|||,|||,|||
65.49.20.88,65.49.20.88,00000000000000000000000000000000000000000000000000000000000000,|||,|||,|||,|||,|||,|||,|||,|||,|||,|||
65.49.20.93,65.49.20.93,00000000000000000000000000000000000000000000000000000000000000,|||,|||,|||,|||,|||,|||,|||,|||,|||,|||
65.49.20.95,65.49.20.95,00000000000000000000000000000000000000000000000000000000000000,|||,|||,|||,|||,|||,|||,|||,|||,|||,|||
68.15.33.66,68.15.33.66,00000000000000000000000000000000000000000000000000000000000000,|||,|||,|||,|||,|||,|||,|||,|||,|||,|||
65.49.20.68,65.49.20.68,00000000000000000000000000000000000000000000000000000000000000,|||,|||,|||,|||,|||,|||,|||,|||,|||,|||
36.153.200.178,36.153.200.178,00000000000000000000000000000000000000000000000000000000000000,|||,|||,|||,|||,|||,|||,|||,|||,|||,|||
36.110.29.74,36.110.29.74,00000000000000000000000000000000000000000000000000000000000000,|||,|||,|||,|||,|||,|||,|||,|||,|||,|||
65.49.20.83,65.49.20.83,00000000000000000000000000000000000000000000000000000000000000,|||,|||,|||,|||,|||,|||,|||,|||,|||,|||
35.247.250.167,35.247.250.167,00000000000000000000000000000000000000000000000000000000000000,|||,|||,|||,|||,|||,|||,|||,|||,|||,|||
35.246.143.7,35.246.143.7,00000000000000000000000000000000000000000000000000000000000000,|||,|||,|||,|||,|||,|||,|||,|||,|||,|||
35.241.141.86,35.241.141.86,00000000000000000000000000000000000000000000000000000000000000,|||,|||,|||,|||,|||,|||,|||,|||,|||,|||
35.242.215.8,35.242.215.8,00000000000000000000000000000000000000000000000000000000000000,|||,|||,|||,|||,|||,|||,|||,|||,|||,|||
36.133.122.47,36.133.122.47,00000000000000000000000000000000000000000000000000000000000000,|||,|||,|||,|||,|||,|||,|||,|||,|||,|||
35.246.182.224,35.246.182.224,00000000000000000000000000000000000000000000000000000000000000,|||,|||,|||,|||,|||,|||,|||,|||,|||,|||
35.247.131.74,35.247.131.74,00000000000000000000000000000000000000000000000000000000000000,|||,|||,|||,|||,|||,|||,|||,|||,|||,|||
67.204.23.14,67.204.23.14,00000000000000000000000000000000000000000000000000000000000000,|||,|||,|||,|||,|||,|||,|||,|||,|||,|||
68.183.159.3,68.183.159.3,00000000000000000000000000000000000000000000000000000000000000,|||,|||,|||,|||,|||,|||,|||,|||,|||,|||
66.70.235.243,66.70.235.243,00000000000000000000000000000000000000000000000000000000000000,|||,|||,|||,|||,|||,|||,|||,|||,|||,|||
65.49.20.116,65.49.20.116,00000000000000000000000000000000000000000000000000000000000000,|||,|||,|||,|||,|||,|||,|||,|||,|||,|||
36.7.174.218,36.7.174.218,00000000000000000000000000000000000000000000000000000000000000,|||,|||,|||,|||,|||,|||,|||,|||,|||,|||
49.233.16.113,49.233.16.113,00000000000000000000000000000000000000000000000000000000000000,|||,|||,|||,|||,|||,|||,|||,|||,|||,|||
67.205.166.255,67.205.166.255,00000000000000000000000000000000000000000000000000000000000000,|||,|||,|||,|||,|||,|||,|||,|||,|||,|||
37.195.66.38,37.195.66.38,00000000000000000000000000000000000000000000000000000000000000,|||,|||,|||,|||,|||,|||,|||,|||,|||,|||
37.210.234.249,37.210.234.249,00000000000000000000000000000000000000000000000000000000000000,|||,|||,|||,|||,|||,|||,|||,|||,|||,|||
38.21.219.162,38.21.219.162,00000000000000000000000000000000000000000000000000000000000000,|||,|||,|||,|||,|||,|||,|||,|||,|||,|||
65.49.20.123,65.49.20.123,00000000000000000000000000000000000000000000000000000000000000,|||,|||,|||,|||,|||,|||,|||,|||,|||,|||
35.244.1.234,35.244.1.234,00000000000000000000000000000000000000000000000000000000000000,|||,|||,|||,|||,|||,|||,|||,|||,|||,|||
68.71.25.236,68.71.25.236,00000000000000000000000000000000000000000000000000000000000000,|||,|||,|||,|||,|||,|||,|||,|||,|||,|||
65.49.20.87,65.49.20.87,00000000000000000000000000000000000000000000000000000000000000,|||,|||,|||,|||,|||,|||,|||,|||,|||,|||
67.205.188.91,67.205.188.91,00000000000000000000000000000000000000000000000000000000000000,|||,|||,|||,|||,|||,|||,|||,|||,|||,|||
66.240.205.34,66.240.205.34,00000000000000000000000000000000000000000000000000000000000000,|||,|||,|||,|||,|||,|||,|||,|||,|||,|||
66.240.236.116,66.240.236.116,00000000000000000000000000000000000000000000000000000000000000,|||,|||,|||,|||,|||,|||,|||,|||,|||,|||
38.132.109.174,38.132.109.174,00000000000000000000000000000000000000000000000000000000000000,|||,|||,|||,|||,|||,|||,|||,|||,|||,|||
66.240.236.109,66.240.236.109,00000000000000000000000000000000000000000000000000000000000000,|||,|||,|||,|||,|||,|||,|||,|||,|||,|||
67.163.150.202,67.163.150.202,00000000000000000000000000000000000000000000000000000000000000,|||,|||,|||,|||,|||,|||,|||,|||,|||,|||
38.39.163.4,38.39.163.4,00000000000000000000000000000000000000000000000000000000000000,|||,|||,|||,|||,|||,|||,|||,|||,|||,|||
35.241.167.67,35.241.167.67,00000000000000000000000000000000000000000000000000000000000000,|||,|||,|||,|||,|||,|||,|||,|||,|||,|||
37.243.24.9,37.243.24.9,00000000000000000000000000000000000000000000000000000000000000,|||,|||,|||,|||,|||,|||,|||,|||,|||,|||
59.24.34.178,59.24.34.178,29d29d00029d29d21c29d29d29d29d4d38a7b5ffb0e5536d09513d9de81205,c02f|0303||ff01-000b-0023,c02f|0303||ff01-000b-0023,|||,c02f|0303||ff01-000b-0023,c02f|0303||ff01-000b-0023,c013|0302||ff01-000b-0023,c02f|0303||ff01-000b-0023,c02f|0303||ff01-000b-0023,c02f|0303||ff01-000b-0023,c02f|0303||ff01-000b-0023
36.99.161.62,36.99.161.62,00000000000000000000000000000000000000000000000000000000000000,|||,|||,|||,|||,|||,|||,|||,|||,|||,|||
38.132.109.179,38.132.109.179,00000000000000000000000000000000000000000000000000000000000000,|||,|||,|||,|||,|||,|||,|||,|||,|||,|||
35.243.193.50,35.243.193.50,00000000000000000000000000000000000000000000000000000000000000,|||,|||,|||,|||,|||,|||,|||,|||,|||,|||
37.209.51.147,37.209.51.147,00000000000000000000000000000000000000000000000000000000000000,|||,|||,|||,|||,|||,|||,|||,|||,|||,|||
62.8.79.2,62.8.79.2,02b02b11b02b02b02b02b02b02b02be3b0c44298fc1c149afbf4c8996fb924,0005|0301||,0005|0301||,0088|0301||,0005|0301||,0005|0301||,0005|0301||,0005|0301||,0005|0301||,0005|0301||,0005|0301||
65.49.20.79,65.49.20.79,00000000000000000000000000000000000000000000000000000000000000,|||,|||,|||,|||,|||,|||,|||,|||,|||,|||
35.246.184.71,35.246.184.71,00000000000000000000000000000000000000000000000000000000000000,|||,|||,|||,|||,|||,|||,|||,|||,|||,|||
68.183.192.62,68.183.192.62,00000000000000000000000000000000000000000000000000000000000000,|||,|||,|||,|||,|||,|||,|||,|||,|||,|||
38.110.96.170,38.110.96.170,00000000000000000000000000000000000000000000000000000000000000,|||,|||,|||,|||,|||,|||,|||,|||,|||,|||
37.0.15.254,37.0.15.254,00000000000000000000000000000000000000000000000000000000000000,|||,|||,|||,|||,|||,|||,|||,|||,|||,|||
36.129.167.3,36.129.167.3,00000000000000000000000000000000000000000000000000000000000000,|||,|||,|||,|||,|||,|||,|||,|||,|||,|||
47.96.20.113,47.96.20.113,00000000000000000000000000000000000000000000000000000000000000,|||,|||,|||,|||,|||,|||,|||,|||,|||,|||
36.39.247.3,36.39.247.3,00000000000000000000000000000000000000000000000000000000000000,|||,|||,|||,|||,|||,|||,|||,|||,|||,|||
68.183.203.243,68.183.203.243,00000000000000000000000000000000000000000000000000000000000000,|||,|||,|||,|||,|||,|||,|||,|||,|||,|||
36.153.85.51,36.153.85.51,00000000000000000000000000000000000000000000000000000000000000,|||,|||,|||,|||,|||,|||,|||,|||,|||,|||
68.132.60.65,68.132.60.65,00000000000000000000000000000000000000000000000000000000000000,|||,|||,|||,|||,|||,|||,|||,|||,|||,|||
39.100.101.86,39.100.101.86,00000000000000000000000000000000000000000000000000000000000000,|||,|||,|||,|||,|||,|||,|||,|||,|||,|||
36.129.11.154,36.129.11.154,00000000000000000000000000000000000000000000000000000000000000,|||,|||,|||,|||,|||,|||,|||,|||,|||,|||
35.230.71.134,35.230.71.134,00000000000000000000000000000000000000000000000000000000000000,|||,|||,|||,|||,|||,|||,|||,|||,|||,|||
36.7.157.32,36.7.157.32,00000000000000000000000000000000000000000000000000000000000000,|||,|||,|||,|||,|||,|||,|||,|||,|||,|||
37.187.254.196,37.187.254.196,00000000000000000000000000000000000000000000000000000000000000,|||,|||,|||,|||,|||,|||,|||,|||,|||,|||
35.247.54.82,35.247.54.82,00000000000000000000000000000000000000000000000000000000000000,|||,|||,|||,|||,|||,|||,|||,|||,|||,|||
68.183.35.64,68.183.35.64,00000000000000000000000000000000000000000000000000000000000000,|||,|||,|||,|||,|||,|||,|||,|||,|||,|||
66.36.234.122,66.36.234.122,00000000000000000000000000000000000000000000000000000000000000,|||,|||,|||,|||,|||,|||,|||,|||,|||,|||
37.203.76.116,37.203.76.116,00000000000000000000000000000000000000000000000000000000000000,|||,|||,|||,|||,|||,|||,|||,|||,|||,|||
39.101.184.240,39.101.184.240,00000000000000000000000000000000000000000000000000000000000000,|||,|||,|||,|||,|||,|||,|||,|||,|||,|||
35.198.64.248,35.198.64.248,00000000000000000000000000000000000000000000000000000000000000,|||,|||,|||,|||,|||,|||,|||,|||,|||,|||
65.49.20.81,65.49.20.81,00000000000000000000000000000000000000000000000000000000000000,|||,|||,|||,|||,|||,|||,|||,|||,|||,|||
39.101.177.203,39.101.177.203,00000000000000000000000000000000000000000000000000000000000000,|||,|||,|||,|||,|||,|||,|||,|||,|||,|||
61.155.140.87,61.155.140.87,21d10d00021d21d21c21d10d21d21d696c1bb221f80034f540b6754152d3b8,c013|0303|http/1.1|ff01-000b-0023-0010,0084|0303|http/1.1|ff01-0023-0010,|||,c013|0303||ff01-000b-0023,c013|0303||ff01-000b-0023,c013|0302|http/1.1|ff01-000b-0023-0010,c013|0303|http/1.1|ff01-000b-0023-0010,0084|0303|http/1.1|ff01-0023-0010,c013|0303|http/1.1|ff01-000b-0023-0010,c013|0303|http/1.1|ff01-000b-0023-0010
65.49.20.94,65.49.20.94,00000000000000000000000000000000000000000000000000000000000000,|||,|||,|||,|||,|||,|||,|||,|||,|||,|||
66.36.234.42,66.36.234.42,00000000000000000000000000000000000000000000000000000000000000,|||,|||,|||,|||,|||,|||,|||,|||,|||,|||
38.132.109.178,38.132.109.178,00000000000000000000000000000000000000000000000000000000000000,|||,|||,|||,|||,|||,|||,|||,|||,|||,|||
36.155.230.36,36.155.230.36,00000000000000000000000000000000000000000000000000000000000000,|||,|||,|||,|||,|||,|||,|||,|||,|||,|||
37.77.97.59,37.77.97.59,00000000000000000000000000000000000000000000000000000000000000,|||,|||,|||,|||,|||,|||,|||,|||,|||,|||
64.88.187.91,64.88.187.91,00000000000000000000000000000000000000000000000000000000000000,|||,|||,|||,|||,|||,|||,|||,|||,|||,|||
38.145.148.59,38.145.148.59,00000000000000000000000000000000000000000000000000000000000000,|||,|||,|||,|||,|||,|||,|||,|||,|||,|||
39.102.53.224,39.102.53.224,00000000000000000000000000000000000000000000000000000000000000,|||,|||,|||,|||,|||,|||,|||,|||,|||,|||
39.103.149.131,39.103.149.131,00000000000000000000000000000000000000000000000000000000000000,|||,|||,|||,|||,|||,|||,|||,|||,|||,|||
37.233.12.58,37.233.12.58,00000000000000000000000000000000000000000000000000000000000000,|||,|||,|||,|||,|||,|||,|||,|||,|||,|||
39.103.191.114,39.103.191.114,00000000000000000000000000000000000000000000000000000000000000,|||,|||,|||,|||,|||,|||,|||,|||,|||,|||
37.14.65.231,37.14.65.231,00000000000000000000000000000000000000000000000000000000000000,|||,|||,|||,|||,|||,|||,|||,|||,|||,|||
68.179.129.212,68.179.129.212,00000000000000000000000000000000000000000000000000000000000000,|||,|||,|||,|||,|||,|||,|||,|||,|||,|||
37.0.15.243,37.0.15.243,00000000000000000000000000000000000000000000000000000000000000,|||,|||,|||,|||,|||,|||,|||,|||,|||,|||
38.132.109.113,38.132.109.113,00000000000000000000000000000000000000000000000000000000000000,|||,|||,|||,|||,|||,|||,|||,|||,|||,|||
39.100.235.238,39.100.235.238,00000000000000000000000000000000000000000000000000000000000000,|||,|||,|||,|||,|||,|||,|||,|||,|||,|||
38.101.74.88,38.101.74.88,00000000000000000000000000000000000000000000000000000000000000,|||,|||,|||,|||,|||,|||,|||,|||,|||,|||
38.132.109.166,38.132.109.166,00000000000000000000000000000000000000000000000000000000000000,|||,|||,|||,|||,|||,|||,|||,|||,|||,|||
37.49.225.103,37.49.225.103,00000000000000000000000000000000000000000000000000000000000000,|||,|||,|||,|||,|||,|||,|||,|||,|||,|||
37.230.247.135,37.230.247.135,00000000000000000000000000000000000000000000000000000000000000,|||,|||,|||,|||,|||,|||,|||,|||,|||,|||
38.7.93.6,38.7.93.6,00000000000000000000000000000000000000000000000000000000000000,|||,|||,|||,|||,|||,|||,|||,|||,|||,|||
61.147.115.155,61.147.115.155,00000000000000000000000000000000000000000000000000000000000000,|||,|||,|||,|||,|||,|||,|||,|||,|||,|||
38.132.109.171,38.132.109.171,00000000000000000000000000000000000000000000000000000000000000,|||,|||,|||,|||,|||,|||,|||,|||,|||,|||
37.111.131.38,37.111.131.38,00000000000000000000000000000000000000000000000000000000000000,|||,|||,|||,|||,|||,|||,|||,|||,|||,|||
36.32.232.190,36.32.232.190,00000000000000000000000000000000000000000000000000000000000000,|||,|||,|||,|||,|||,|||,|||,|||,|||,|||
37.0.15.249,37.0.15.249,00000000000000000000000000000000000000000000000000000000000000,|||,|||,|||,|||,|||,|||,|||,|||,|||,|||
39.102.83.23,39.102.83.23,00000000000000000000000000000000000000000000000000000000000000,|||,|||,|||,|||,|||,|||,|||,|||,|||,|||
67.205.183.14,67.205.183.14,2ad2ad0002ad2ad22c2ad2ad2ad2adce7a321e4956e8298ba917e9f2c22849,c030|0303|http/1.1|ff01-0001-000b-0023-0010-0017,c030|0303|http/1.1|ff01-0001-000b-0023-0010-0017,|||,c030|0303||ff01-0001-000b-0023-0017,c030|0303||ff01-0001-000b-0023-0017,c014|0302|http/1.1|ff01-0001-000b-0023-0010-0017,c030|0303|http/1.1|ff01-0001-000b-0023-0010-0017,c030|0303|http/1.1|ff01-0001-000b-0023-0010-0017,c030|0303|http/1.1|ff01-0001-000b-0023-0010-0017,c030|0303|http/1.1|ff01-0001-000b-0023-0010-0017
35.228.142.91,35.228.142.91,00000000000000000000000000000000000000000000000000000000000000,|||,|||,|||,|||,|||,|||,|||,|||,|||,|||
39.101.141.157,39.101.141.157,00000000000000000000000000000000000000000000000000000000000000,|||,|||,|||,|||,|||,|||,|||,|||,|||,|||
37.0.15.246,37.0.15.246,00000000000000000000000000000000000000000000000000000000000000,|||,|||,|||,|||,|||,|||,|||,|||,|||,|||
68.183.193.143,68.183.193.143,00000000000000000000000000000000000000000000000000000000000000,|||,|||,|||,|||,|||,|||,|||,|||,|||,|||
65.49.20.90,65.49.20.90,00000000000000000000000000000000000000000000000000000000000000,|||,|||,|||,|||,|||,|||,|||,|||,|||,|||
65.49.20.74,65.49.20.74,00000000000000000000000000000000000000000000000000000000000000,|||,|||,|||,|||,|||,|||,|||,|||,|||,|||
62.234.130.84,62.234.130.84,21d19d00021d21d21c21d19d21d21d3b0d229d76f2fd7cb8e23bb87da38a20,c013|0303|http/1.1|ff01-0000-0001-000b-0023-0010-0017,00c0|0303|http/1.1|ff01-0000-0001-0023-0010-0017,|||,c013|0303||ff01-0000-0001-000b-0023-0017,c013|0303||ff01-0000-0001-000b-0023-0017,c013|0302|http/1.1|ff01-0000-0001-000b-0023-0010-0017,c013|0303|http/1.1|ff01-0000-0001-000b-0023-0010-0017,00c0|0303|http/1.1|ff01-0000-0001-0023-0010-0017,c013|0303|http/1.1|ff01-0000-0001-000b-0023-0010-0017,c013|0303|http/1.1|ff01-0000-0001-000b-0023-0010-0017
68.183.202.53,68.183.202.53,00000000000000000000000000000000000000000000000000000000000000,|||,|||,|||,|||,|||,|||,|||,|||,|||,|||
65.49.20.75,65.49.20.75,00000000000000000000000000000000000000000000000000000000000000,|||,|||,|||,|||,|||,|||,|||,|||,|||,|||
36.40.88.36,36.40.88.36,00000000000000000000000000000000000000000000000000000000000000,|||,|||,|||,|||,|||,|||,|||,|||,|||,|||
36.69.118.118,36.69.118.118,00000000000000000000000000000000000000000000000000000000000000,|||,|||,|||,|||,|||,|||,|||,|||,|||,|||
37.187.255.76,37.187.255.76,00000000000000000000000000000000000000000000000000000000000000,|||,|||,|||,|||,|||,|||,|||,|||,|||,|||
68.188.144.143,68.188.144.143,00000000000000000000000000000000000000000000000000000000000000,|||,|||,|||,|||,|||,|||,|||,|||,|||,|||
39.103.169.52,39.103.169.52,00000000000000000000000000000000000000000000000000000000000000,|||,|||,|||,|||,|||,|||,|||,|||,|||,|||
67.205.178.47,67.205.178.47,00000000000000000000000000000000000000000000000000000000000000,|||,|||,|||,|||,|||,|||,|||,|||,|||,|||
39.104.27.233,39.104.27.233,00000000000000000000000000000000000000000000000000000000000000,|||,|||,|||,|||,|||,|||,|||,|||,|||,|||
39.103.147.236,39.103.147.236,00000000000000000000000000000000000000000000000000000000000000,|||,|||,|||,|||,|||,|||,|||,|||,|||,|||
66.240.236.119,66.240.236.119,00000000000000000000000000000000000000000000000000000000000000,|||,|||,|||,|||,|||,|||,|||,|||,|||,|||
70.92.10.157,70.92.10.157,00000000000000000000000000000000000000000000000000000000000000,|||,|||,|||,|||,|||,|||,|||,|||,|||,|||
69.172.97.124,69.172.97.124,07d14d16d21d21d00007d14d07d21d16e53b2674d38f90c8e876dc8f3c879c,0033|0303||0001-0017-ff01,009d|0303||0001-0017-ff01,009f|0303||0001-0017-ff01,c013|0303||0001-0017-ff01,c013|0303||0001-0017-ff01,|||,0033|0303||0001-0017-ff01,009d|0303||0001-0017-ff01,0033|0303||0001-0017-ff01,c013|0303||0001-0017-ff01
60.4.169.110,60.4.169.110,00000000000000000000000000000000000000000000000000000000000000,|||,|||,|||,|||,|||,|||,|||,|||,|||,|||
70.166.80.243,70.166.80.243,00000000000000000000000000000000000000000000000000000000000000,|||,|||,|||,|||,|||,|||,|||,|||,|||,|||
59.127.252.228,59.127.252.228,04b02b00004b04b04b04b02b04b04b9674c6b4e623ae36cc2d998e99e2262e,000a|0301||ff01-0023,0005|0301||ff01-0023,|||,000a|0301||ff01-0023,000a|0301||ff01-0023,000a|0301||ff01-0023,000a|0301||ff01-0023,0005|0301||ff01-0023,000a|0301||ff01-0023,000a|0301||ff01-0023
47.96.85.57,47.96.85.57,00000000000000000000000000000000000000000000000000000000000000,|||,|||,|||,|||,|||,|||,|||,|||,|||,|||
64.31.125.43,64.31.125.43,2ad2ad0002ad2ad22c2ad2ad2ad2ad4d38a7b5ffb0e5536d09513d9de81205,c030|0303||ff01-000b-0023,c030|0303||ff01-000b-0023,|||,c030|0303||ff01-000b-0023,c030|0303||ff01-000b-0023,c014|0302||ff01-000b-0023,c030|0303||ff01-000b-0023,c030|0303||ff01-000b-0023,c030|0303||ff01-000b-0023,c030|0303||ff01-000b-0023
65.2.37.124,65.2.37.124,15d3fd16d29d29d00042d43d00000053048c0cf21f940aa8a7c90581768da6,009e|0303|http/1.1|ff01-0001-0010-0017,cca8|0303|http/1.1|ff01-0001-000b-0010-0017,009f|0303|http/1.1|ff01-0001-0010-0017,c02f|0303||ff01-0001-000b-0017,c02f|0303||ff01-0001-000b-0017,|||,1302|0303||002b-0033,1303|0303||002b-0033,|||,|||
67.205.159.153,67.205.159.153,2ad2ad16d2ad2ad22c2ad2ad2ad2adc110bab2c0a19e5d4e587c17ce497b15,c030|0303|http/1.1|ff01-0001-000b-0023-0010-0017,c030|0303|http/1.1|ff01-0001-000b-0023-0010-0017,009f|0303|http/1.1|ff01-0001-0023-0010-0017,c030|0303||ff01-0001-000b-0023-0017,c030|0303||ff01-0001-000b-0023-0017,c014|0302|http/1.1|ff01-0001-000b-0023-0010-0017,c030|0303|http/1.1|ff01-0001-000b-0023-0010-0017,c030|0303|http/1.1|ff01-0001-000b-0023-0010-0017,c030|0303|http/1.1|ff01-0001-000b-0023-0010-0017,c030|0303|http/1.1|ff01-0001-000b-0023-0010-0017
61.238.54.195,61.238.54.195,05d02d16d04d04d05c05d02d05d04d7991b0b1ad2cbf06082e3b1a9dcaaa8d,0016|0303||0000-ff01-0023,0005|0303||0000-ff01-0023,009f|0303||0000-ff01-0023,000a|0303||0000-ff01-0023,000a|0303||0000-ff01-0023,0016|0302||0000-ff01-0023,0016|0303||0000-ff01-0023,0005|0303||0000-ff01-0023,0016|0303||0000-ff01-0023,000a|0303||0000-ff01-0023
71.183.202.144,71.183.202.144,00000000000000000000000000000000000000000000000000000000000000,|||,|||,|||,|||,|||,|||,|||,|||,|||,|||
64.227.184.179,64.227.184.179,00000000000000000000000000000000000000000000000000000000000000,|||,|||,|||,|||,|||,|||,|||,|||,|||,|||
61.216.79.209,61.216.79.209,00000000000000000000000000000000000000000000000000000000000000,|||,|||,|||,|||,|||,|||,|||,|||,|||,|||
68.183.13.166,68.183.13.166,2ad2ad0002ad2ad00042d42d000000301510f56407964db9434a9bb0d4ee4a,c030|0303|http/1.1|ff01-0000-0001-000b-0023-0010-0017,c030|0303|http/1.1|ff01-0000-0001-000b-0023-0010-0017,|||,c030|0303||ff01-0000-0001-000b-0023-0017,c030|0303||ff01-0000-0001-000b-0023-0017,|||,1302|0303||002b-0033,1302|0303||002b-0033,|||,|||
73.141.217.173,73.141.217.173,00000000000000000000000000000000000000000000000000000000000000,|||,|||,|||,|||,|||,|||,|||,|||,|||,|||
39.104.209.19,39.104.209.19,00000000000000000000000000000000000000000000000000000000000000,|||,|||,|||,|||,|||,|||,|||,|||,|||,|||
38.132.109.103,38.132.109.103,00000000000000000000000000000000000000000000000000000000000000,|||,|||,|||,|||,|||,|||,|||,|||,|||,|||
39.103.227.56,39.103.227.56,00000000000000000000000000000000000000000000000000000000000000,|||,|||,|||,|||,|||,|||,|||,|||,|||,|||
39.105.125.144,39.105.125.144,00000000000000000000000000000000000000000000000000000000000000,|||,|||,|||,|||,|||,|||,|||,|||,|||,|||
71.42.105.34,71.42.105.34,00000000000000000000000000000000000000000000000000000000000000,|||,|||,|||,|||,|||,|||,|||,|||,|||,|||
72.143.249.196,72.143.249.196,00000000000000000000000000000000000000000000000000000000000000,|||,|||,|||,|||,|||,|||,|||,|||,|||,|||
64.227.190.170,64.227.190.170,05d10d20d21d20d05c05d10d05d20d74fcf6501ae7a92319e575bfafd2a827,0016|0303||ff01-0023,0084|0303||ff01-0023,c012|0303||ff01-000b-0023,c013|0303||ff01-000b-0023,c012|0303||ff01-000b-0023,0016|0302||ff01-0023,0016|0303||ff01-0023,0084|0303||ff01-0023,0016|0303||ff01-0023,c012|0303||ff01-000b-0023
74.122.54.119,74.122.54.119,00000000000000000000000000000000000000000000000000000000000000,|||,|||,|||,|||,|||,|||,|||,|||,|||,|||
71.17.10.8,71.17.10.8,00000000000000000000000000000000000000000000000000000000000000,|||,|||,|||,|||,|||,|||,|||,|||,|||,|||
61.171.3.140,61.171.3.140,2ad2ad20d2ad2ad22c2ad2ad2ad2adf51c60823f963b0fe11deab8efc70b4b,c030|0303|http/1.1|ff01-000b-0023-0010,c030|0303|http/1.1|ff01-000b-0023-0010,c012|0303|http/1.1|ff01-000b-0023-0010,c030|0303||ff01-000b-0023,c030|0303||ff01-000b-0023,c014|0302|http/1.1|ff01-000b-0023-0010,c030|0303|http/1.1|ff01-000b-0023-0010,c030|0303|http/1.1|ff01-000b-0023-0010,c030|0303|http/1.1|ff01-000b-0023-0010,c030|0303|http/1.1|ff01-000b-0023-0010
39.106.231.142,39.106.231.142,00000000000000000000000000000000000000000000000000000000000000,|||,|||,|||,|||,|||,|||,|||,|||,|||,|||
39.108.109.201,39.108.109.201,00000000000000000000000000000000000000000000000000000000000000,|||,|||,|||,|||,|||,|||,|||,|||,|||,|||
64.227.190.143,64.227.190.143,3fd21b20d3fd3fd21c3fd21b21b3fd09a00b24483586e69e1b2e49cc2ece92,cca8|0303||0023-ff01-000b,c013|0301||0023-ff01-000b,c012|0303||0023-ff01-000b,cca8|0303||0023-ff01-000b,cca8|0303||0023-ff01-000b,c013|0302||0023-ff01-000b,cca8|0303||0023-ff01-000b,c013|0301||0023-ff01-000b,c013|0301||0023-ff01-000b,cca8|0303||0023-ff01-000b
64.227.165.68,64.227.165.68,00000000000000000000000000000000000000000000000000000000000000,|||,|||,|||,|||,|||,|||,|||,|||,|||,|||
64.90.149.2,64.90.149.2,08d08d00008d08d08c08d08d08d08d9674c6b4e623ae36cc2d998e99e2262e,0035|0303||ff01-0023,0035|0303||ff01-0023,|||,0035|0303||ff01-0023,0035|0303||ff01-0023,0035|0302||ff01-0023,0035|0303||ff01-0023,0035|0303||ff01-0023,0035|0303||ff01-0023,0035|0303||ff01-0023
73.175.86.154,73.175.86.154,00000000000000000000000000000000000000000000000000000000000000,|||,|||,|||,|||,|||,|||,|||,|||,|||,|||
66.115.182.73,66.115.182.73,21d14d00021d21d21c21d14d21d21dcade67768786e23ca695466fb7f94658,c013|0303||ff01-000b-0023-0017,009d|0303||ff01-0023-0017,|||,c013|0303||ff01-000b-0023-0017,c013|0303||ff01-000b-0023-0017,c013|0302||ff01-000b-0023-0017,c013|0303||ff01-000b-0023-0017,009d|0303||ff01-0023-0017,c013|0303||ff01-000b-0023-0017,c013|0303||ff01-000b-0023-0017
47.94.48.174,47.94.48.174,07d2ad16d21d21d07c07d2ad07d21d9b2f5869a6985368a9dec764186a9175,0033|0303||ff01-0017,c030|0303||ff01-0017,009f|0303||ff01-0017,c013|0303||ff01-0017,c013|0303||ff01-0017,0033|0302||ff01-0017,0033|0303||ff01-0017,c030|0303||ff01-0017,0033|0303||ff01-0017,c013|0303||ff01-0017
37.179.138.38,37.179.138.38,00000000000000000000000000000000000000000000000000000000000000,|||,|||,|||,|||,|||,|||,|||,|||,|||,|||
64.227.165.51,64.227.165.51,2ad2ad0002ad2ad00042d42d000000301510f56407964db9434a9bb0d4ee4a,c030|0303|http/1.1|ff01-0000-0001-000b-0023-0010-0017,c030|0303|http/1.1|ff01-0000-0001-000b-0023-0010-0017,|||,c030|0303||ff01-0000-0001-000b-0023-0017,c030|0303||ff01-0000-0001-000b-0023-0017,|||,1302|0303||002b-0033,1302|0303||002b-0033,|||,|||
49.232.154.122,49.232.154.122,29d29d20d29d29d22c29d29d29d29df51c60823f963b0fe11deab8efc70b4b,c02f|0303|http/1.1|ff01-000b-0023-0010,c02f|0303|http/1.1|ff01-000b-0023-0010,c012|0303|http/1.1|ff01-000b-0023-0010,c02f|0303||ff01-000b-0023,c02f|0303||ff01-000b-0023,c014|0302|http/1.1|ff01-000b-0023-0010,c02f|0303|http/1.1|ff01-000b-0023-0010,c02f|0303|http/1.1|ff01-000b-0023-0010,c02f|0303|http/1.1|ff01-000b-0023-0010,c02f|0303|http/1.1|ff01-000b-0023-0010
69.176.95.234,69.176.95.234,00000000000000000000000000000000000000000000000000000000000000,|||,|||,|||,|||,|||,|||,|||,|||,|||,|||
71.42.226.210,71.42.226.210,00000000000000000000000000000000000000000000000000000000000000,|||,|||,|||,|||,|||,|||,|||,|||,|||,|||
69.85.239.19,69.85.239.19,00000000000000000000000000000000000000000000000000000000000000,|||,|||,|||,|||,|||,|||,|||,|||,|||,|||
66.70.215.130,66.70.215.130,00000000000000000000000000000000000000000000000000000000000000,|||,|||,|||,|||,|||,|||,|||,|||,|||,|||
39.106.35.146,39.106.35.146,00000000000000000000000000000000000000000000000000000000000000,|||,|||,|||,|||,|||,|||,|||,|||,|||,|||
37.115.242.234,37.115.242.234,00000000000000000000000000000000000000000000000000000000000000,|||,|||,|||,|||,|||,|||,|||,|||,|||,|||
39.108.83.206,39.108.83.206,00000000000000000000000000000000000000000000000000000000000000,|||,|||,|||,|||,|||,|||,|||,|||,|||,|||
37.116.38.76,37.116.38.76,00000000000000000000000000000000000000000000000000000000000000,|||,|||,|||,|||,|||,|||,|||,|||,|||,|||
39.103.161.110,39.103.161.110,00000000000000000000000000000000000000000000000000000000000000,|||,|||,|||,|||,|||,|||,|||,|||,|||,|||
39.105.79.115,39.105.79.115,00000000000000000000000000000000000000000000000000000000000000,|||,|||,|||,|||,|||,|||,|||,|||,|||,|||
38.92.225.2,38.92.225.2,00000000000000000000000000000000000000000000000000000000000000,|||,|||,|||,|||,|||,|||,|||,|||,|||,|||
39.104.69.31,39.104.69.31,00000000000000000000000000000000000000000000000000000000000000,|||,|||,|||,|||,|||,|||,|||,|||,|||,|||
39.106.59.246,39.106.59.246,00000000000000000000000000000000000000000000000000000000000000,|||,|||,|||,|||,|||,|||,|||,|||,|||,|||
39.105.171.88,39.105.171.88,00000000000000000000000000000000000000000000000000000000000000,|||,|||,|||,|||,|||,|||,|||,|||,|||,|||
38.145.7.98,38.145.7.98,00000000000000000000000000000000000000000000000000000000000000,|||,|||,|||,|||,|||,|||,|||,|||,|||,|||
39.105.23.199,39.105.23.199,00000000000000000000000000000000000000000000000000000000000000,|||,|||,|||,|||,|||,|||,|||,|||,|||,|||
37.229.5.31,37.229.5.31,00000000000000000000000000000000000000000000000000000000000000,|||,|||,|||,|||,|||,|||,|||,|||,|||,|||
39.107.119.126,39.107.119.126,00000000000000000000000000000000000000000000000000000000000000,|||,|||,|||,|||,|||,|||,|||,|||,|||,|||
39.107.13.16,39.107.13.16,00000000000000000000000000000000000000000000000000000000000000,|||,|||,|||,|||,|||,|||,|||,|||,|||,|||
39.105.174.161,39.105.174.161,00000000000000000000000000000000000000000000000000000000000000,|||,|||,|||,|||,|||,|||,|||,|||,|||,|||
39.105.208.94,39.105.208.94,00000000000000000000000000000000000000000000000000000000000000,|||,|||,|||,|||,|||,|||,|||,|||,|||,|||
39.108.129.194,39.108.129.194,00000000000000000000000000000000000000000000000000000000000000,|||,|||,|||,|||,|||,|||,|||,|||,|||,|||
39.103.156.230,39.103.156.230,00000000000000000000000000000000000000000000000000000000000000,|||,|||,|||,|||,|||,|||,|||,|||,|||,|||
39.107.225.74,39.107.225.74,00000000000000000000000000000000000000000000000000000000000000,|||,|||,|||,|||,|||,|||,|||,|||,|||,|||
39.105.211.50,39.105.211.50,00000000000000000000000000000000000000000000000000000000000000,|||,|||,|||,|||,|||,|||,|||,|||,|||,|||
39.105.81.43,39.105.81.43,00000000000000000000000000000000000000000000000000000000000000,|||,|||,|||,|||,|||,|||,|||,|||,|||,|||
39.103.186.91,39.103.186.91,00000000000000000000000000000000000000000000000000000000000000,|||,|||,|||,|||,|||,|||,|||,|||,|||,|||
39.103.218.1,39.103.218.1,00000000000000000000000000000000000000000000000000000000000000,|||,|||,|||,|||,|||,|||,|||,|||,|||,|||
39.106.59.220,39.106.59.220,00000000000000000000000000000000000000000000000000000000000000,|||,|||,|||,|||,|||,|||,|||,|||,|||,|||
39.107.97.138,39.107.97.138,00000000000000000000000000000000000000000000000000000000000000,|||,|||,|||,|||,|||,|||,|||,|||,|||,|||
39.129.209.199,39.129.209.199,00000000000000000000000000000000000000000000000000000000000000,|||,|||,|||,|||,|||,|||,|||,|||,|||,|||
39.107.140.15,39.107.140.15,00000000000000000000000000000000000000000000000000000000000000,|||,|||,|||,|||,|||,|||,|||,|||,|||,|||
39.106.4.44,39.106.4.44,00000000000000000000000000000000000000000000000000000000000000,|||,|||,|||,|||,|||,|||,|||,|||,|||,|||
67.205.169.44,67.205.169.44,21d19d00021d21d00042d43d000000ee523fe586628a8d526db2ce24e29fb4,c013|0303||ff01-0000-0001-000b-0023-0017,00c0|0303||ff01-0000-0001-0023-0017,|||,c013|0303||ff01-0000-0001-000b-0023-0017,c013|0303||ff01-0000-0001-000b-0023-0017,|||,1302|0303||002b-0033,1303|0303||002b-0033,|||,|||
39.107.156.17,39.107.156.17,00000000000000000000000000000000000000000000000000000000000000,|||,|||,|||,|||,|||,|||,|||,|||,|||,|||
37.78.93.201,37.78.93.201,00000000000000000000000000000000000000000000000000000000000000,|||,|||,|||,|||,|||,|||,|||,|||,|||,|||
36.99.94.103,36.99.94.103,00000000000000000000000000000000000000000000000000000000000000,|||,|||,|||,|||,|||,|||,|||,|||,|||,|||
39.152.233.11,39.152.233.11,00000000000000000000000000000000000000000000000000000000000000,|||,|||,|||,|||,|||,|||,|||,|||,|||,|||
71.6.158.166,71.6.158.166,00000000000000000000000000000000000000000000000000000000000000,|||,|||,|||,|||,|||,|||,|||,|||,|||,|||
71.6.167.124,71.6.167.124,00000000000000000000000000000000000000000000000000000000000000,|||,|||,|||,|||,|||,|||,|||,|||,|||,|||
71.6.146.130,71.6.146.130,00000000000000000000000000000000000000000000000000000000000000,|||,|||,|||,|||,|||,|||,|||,|||,|||,|||
66.227.46.148,66.227.46.148,26d26d00026d26d00026d26d26d26df9fdf4eeac344e8b5003264da73585be,c028|0303||0017-ff01,c028|0303||0017-ff01,|||,c028|0303||0017-ff01,c028|0303||0017-ff01,|||,c028|0303||0017-ff01,c028|0303||0017-ff01,c028|0303||0017-ff01,c028|0303||0017-ff01
61.222.103.2,61.222.103.2,04b03b00004b04b04b04b03b04b04b9674c6b4e623ae36cc2d998e99e2262e,000a|0301||ff01-0023,0007|0301||ff01-0023,|||,000a|0301||ff01-0023,000a|0301||ff01-0023,000a|0301||ff01-0023,000a|0301||ff01-0023,0007|0301||ff01-0023,000a|0301||ff01-0023,000a|0301||ff01-0023
71.6.231.186,71.6.231.186,00000000000000000000000000000000000000000000000000000000000000,|||,|||,|||,|||,|||,|||,|||,|||,|||,|||
73.85.178.162,73.85.178.162,00000000000000000000000000000000000000000000000000000000000000,|||,|||,|||,|||,|||,|||,|||,|||,|||,|||
73.205.73.92,73.205.73.92,00000000000000000000000000000000000000000000000000000000000000,|||,|||,|||,|||,|||,|||,|||,|||,|||,|||
71.6.231.81,71.6.231.81,00000000000000000000000000000000000000000000000000000000000000,|||,|||,|||,|||,|||,|||,|||,|||,|||,|||
68.183.133.76,68.183.133.76,3fd3fd15d3fd3fd21c42d42d0000006f254909a73bf62f6b28507e9fb451b5,cca8|0303|http/1.1|ff01-0001-000b-0023-0010-0017,cca8|0303|http/1.1|ff01-0001-000b-0023-0010-0017,009e|0303|http/1.1|ff01-0001-0023-0010-0017,cca8|0303|http/1.1|ff01-0001-000b-0023-0010-0017,cca8|0303|http/1.1|ff01-0001-000b-0023-0010-0017,c013|0302|http/1.1|ff01-0001-000b-0023-0010-0017,1302|0303||002b-0033,1302|0303||002b-0033,|||,|||
71.6.231.83,71.6.231.83,00000000000000000000000000000000000000000000000000000000000000,|||,|||,|||,|||,|||,|||,|||,|||,|||,|||
71.6.231.80,71.6.231.80,00000000000000000000000000000000000000000000000000000000000000,|||,|||,|||,|||,|||,|||,|||,|||,|||,|||
71.6.135.131,71.6.135.131,00000000000000000000000000000000000000000000000000000000000000,|||,|||,|||,|||,|||,|||,|||,|||,|||,|||
39.164.205.16,39.164.205.16,00000000000000000000000000000000000000000000000000000000000000,|||,|||,|||,|||,|||,|||,|||,|||,|||,|||
71.6.146.186,71.6.146.186,00000000000000000000000000000000000000000000000000000000000000,|||,|||,|||,|||,|||,|||,|||,|||,|||,|||
71.6.165.200,71.6.165.200,00000000000000000000000000000000000000000000000000000000000000,|||,|||,|||,|||,|||,|||,|||,|||,|||,|||
39.152.145.244,39.152.145.244,00000000000000000000000000000000000000000000000000000000000000,|||,|||,|||,|||,|||,|||,|||,|||,|||,|||
39.164.3.38,39.164.3.38,00000000000000000000000000000000000000000000000000000000000000,|||,|||,|||,|||,|||,|||,|||,|||,|||,|||
39.164.41.70,39.164.41.70,00000000000000000000000000000000000000000000000000000000000000,|||,|||,|||,|||,|||,|||,|||,|||,|||,|||
39.108.234.40,39.108.234.40,00000000000000000000000000000000000000000000000000000000000000,|||,|||,|||,|||,|||,|||,|||,|||,|||,|||
67.205.132.4,67.205.132.4,40d1db40d0000001dc43d1db1db43d2f70423af611c314ea6b67982756f7de,cca9|0303|h2|ff01-0010-000b,c009|0301|h2|ff01-0010-000b,cca9|0303|h2|ff01-0010-000b,|||,|||,c009|0302|h2|ff01-0010-000b,1303|0303||002b-0033,c009|0301|h2|ff01-0010-000b,c009|0301|h2|ff01-0010-000b,1303|0303||002b-0033
60.190.249.119,60.190.249.119,2ad2ad0002ad2ad22c2ad2ad2ad2add67503cb8836da6e35829b1e18acf30e,c030|0303|http/1.1|ff01-000b-0023-0010,c030|0303|http/1.1|ff01-000b-0023-0010,|||,c030|0303|http/1.1|ff01-000b-0023-0010,c030|0303|http/1.1|ff01-000b-0023-0010,c014|0302|http/1.1|ff01-000b-0023-0010,c030|0303|http/1.1|ff01-000b-0023-0010,c030|0303|http/1.1|ff01-000b-0023-0010,c030|0303|http/1.1|ff01-000b-0023-0010,c030|0303|http/1.1|ff01-000b-0023-0010
39.71.228.193,39.71.228.193,00000000000000000000000000000000000000000000000000000000000000,|||,|||,|||,|||,|||,|||,|||,|||,|||,|||
71.6.167.142,71.6.167.142,00000000000000000000000000000000000000000000000000000000000000,|||,|||,|||,|||,|||,|||,|||,|||,|||,|||
71.6.147.254,71.6.147.254,00000000000000000000000000000000000000000000000000000000000000,|||,|||,|||,|||,|||,|||,|||,|||,|||,|||
39.108.158.161,39.108.158.161,00000000000000000000000000000000000000000000000000000000000000,|||,|||,|||,|||,|||,|||,|||,|||,|||,|||
71.6.231.87,71.6.231.87,00000000000000000000000000000000000000000000000000000000000000,|||,|||,|||,|||,|||,|||,|||,|||,|||,|||
73.245.31.163,73.245.31.163,00000000000000000000000000000000000000000000000000000000000000,|||,|||,|||,|||,|||,|||,|||,|||,|||,|||
58.76.176.42,58.76.176.42,00000000000000000000000000000000000000000000000000000000000000,|||,|||,|||,|||,|||,|||,|||,|||,|||,|||
39.129.27.80,39.129.27.80,00000000000000000000000000000000000000000000000000000000000000,|||,|||,|||,|||,|||,|||,|||,|||,|||,|||
39.108.194.104,39.108.194.104,00000000000000000000000000000000000000000000000000000000000000,|||,|||,|||,|||,|||,|||,|||,|||,|||,|||
37.245.68.156,37.245.68.156,00000000000000000000000000000000000000000000000000000000000000,|||,|||,|||,|||,|||,|||,|||,|||,|||,|||
39.105.116.169,39.105.116.169,00000000000000000000000000000000000000000000000000000000000000,|||,|||,|||,|||,|||,|||,|||,|||,|||,|||
39.108.239.42,39.108.239.42,00000000000000000000000000000000000000000000000000000000000000,|||,|||,|||,|||,|||,|||,|||,|||,|||,|||
39.104.85.153,39.104.85.153,00000000000000000000000000000000000000000000000000000000000000,|||,|||,|||,|||,|||,|||,|||,|||,|||,|||
39.152.48.138,39.152.48.138,00000000000000000000000000000000000000000000000000000000000000,|||,|||,|||,|||,|||,|||,|||,|||,|||,|||
68.183.187.24,68.183.187.24,00000000000000000000000000000000000000000000000000000000000000,|||,|||,|||,|||,|||,|||,|||,|||,|||,|||
71.6.146.185,71.6.146.185,00000000000000000000000000000000000000000000000000000000000000,|||,|||,|||,|||,|||,|||,|||,|||,|||,|||
40.77.14.139,40.77.14.139,00000000000000000000000000000000000000000000000000000000000000,|||,|||,|||,|||,|||,|||,|||,|||,|||,|||
39.165.55.58,39.165.55.58,00000000000000000000000000000000000000000000000000000000000000,|||,|||,|||,|||,|||,|||,|||,|||,|||,|||
71.6.199.23,71.6.199.23,00000000000000000000000000000000000000000000000000000000000000,|||,|||,|||,|||,|||,|||,|||,|||,|||,|||
71.6.231.8,71.6.231.8,00000000000000000000000000000000000000000000000000000000000000,|||,|||,|||,|||,|||,|||,|||,|||,|||,|||
39.108.92.212,39.108.92.212,00000000000000000000000000000000000000000000000000000000000000,|||,|||,|||,|||,|||,|||,|||,|||,|||,|||
39.88.34.13,39.88.34.13,00000000000000000000000000000000000000000000000000000000000000,|||,|||,|||,|||,|||,|||,|||,|||,|||,|||
39.105.44.109,39.105.44.109,00000000000000000000000000000000000000000000000000000000000000,|||,|||,|||,|||,|||,|||,|||,|||,|||,|||
39.113.183.191,39.113.183.191,00000000000000000000000000000000000000000000000000000000000000,|||,|||,|||,|||,|||,|||,|||,|||,|||,|||
68.183.179.5,68.183.179.5,00000000000000000000000000000000000000000000000000000000000000,|||,|||,|||,|||,|||,|||,|||,|||,|||,|||
66.29.211.121,66.29.211.121,2ad2ad0002ad2ad22c2ad2ad2ad2ad4d38a7b5ffb0e5536d09513d9de81205,c030|0303||ff01-000b-0023,c030|0303||ff01-000b-0023,|||,c030|0303||ff01-000b-0023,c030|0303||ff01-000b-0023,c014|0302||ff01-000b-0023,c030|0303||ff01-000b-0023,c030|0303||ff01-000b-0023,c030|0303||ff01-000b-0023,c030|0303||ff01-000b-0023
72.167.39.40,72.167.39.40,00000000000000000000000000000000000000000000000000000000000000,|||,|||,|||,|||,|||,|||,|||,|||,|||,|||
71.6.231.86,71.6.231.86,00000000000000000000000000000000000000000000000000000000000000,|||,|||,|||,|||,|||,|||,|||,|||,|||,|||
39.105.1.62,39.105.1.62,00000000000000000000000000000000000000000000000000000000000000,|||,|||,|||,|||,|||,|||,|||,|||,|||,|||
77.122.42.101,77.122.42.101,00000000000000000000000000000000000000000000000000000000000000,|||,|||,|||,|||,|||,|||,|||,|||,|||,|||
63.222.7.131,63.222.7.131,05d02d16d04d04d05c05d02d05d04da441f40918707087561e2af18cf76f0e,0016|0303||ff01-0023,0005|0303||ff01-0023,009f|0303||ff01-0023,000a|0303||ff01-0023,000a|0303||ff01-0023,0016|0302||ff01-0023,0016|0303||ff01-0023,0005|0303||ff01-0023,0016|0303||ff01-0023,000a|0303||ff01-0023
68.183.201.55,68.183.201.55,00000000000000000000000000000000000000000000000000000000000000,|||,|||,|||,|||,|||,|||,|||,|||,|||,|||
66.49.95.131,66.49.95.131,08d08d00008d08d08c08d08d08d08d9674c6b4e623ae36cc2d998e99e2262e,0035|0303||ff01-0023,0035|0303||ff01-0023,|||,0035|0303||ff01-0023,0035|0303||ff01-0023,0035|0302||ff01-0023,0035|0303||ff01-0023,0035|0303||ff01-0023,0035|0303||ff01-0023,0035|0303||ff01-0023
39.97.101.16,39.97.101.16,00000000000000000000000000000000000000000000000000000000000000,|||,|||,|||,|||,|||,|||,|||,|||,|||,|||
61.220.100.140,61.220.100.140,04b03b00004b04b04b04b03b04b04b9674c6b4e623ae36cc2d998e99e2262e,000a|0301||ff01-0023,0007|0301||ff01-0023,|||,000a|0301||ff01-0023,000a|0301||ff01-0023,000a|0301||ff01-0023,000a|0301||ff01-0023,0007|0301||ff01-0023,000a|0301||ff01-0023,000a|0301||ff01-0023
60.2.242.147,60.2.242.147,00000000000000000000000000000000000000000000000000000000000000,|||,|||,|||,|||,|||,|||,|||,|||,|||,|||
74.82.47.26,74.82.47.26,00000000000000000000000000000000000000000000000000000000000000,|||,|||,|||,|||,|||,|||,|||,|||,|||,|||
74.82.47.30,74.82.47.30,00000000000000000000000000000000000000000000000000000000000000,|||,|||,|||,|||,|||,|||,|||,|||,|||,|||
78.128.112.219,78.128.112.219,00000000000000000000000000000000000000000000000000000000000000,|||,|||,|||,|||,|||,|||,|||,|||,|||,|||
68.183.200.235,68.183.200.235,00000000000000000000000000000000000000000000000000000000000000,|||,|||,|||,|||,|||,|||,|||,|||,|||,|||
74.82.47.21,74.82.47.21,00000000000000000000000000000000000000000000000000000000000000,|||,|||,|||,|||,|||,|||,|||,|||,|||,|||
74.82.47.23,74.82.47.23,00000000000000000000000000000000000000000000000000000000000000,|||,|||,|||,|||,|||,|||,|||,|||,|||,|||
68.183.130.128,68.183.130.128,3fd3fd15d3fd3fd21c3fd3fd3fd3fdc110bab2c0a19e5d4e587c17ce497b15,cca8|0303|http/1.1|ff01-0001-000b-0023-0010-0017,cca8|0303|http/1.1|ff01-0001-000b-0023-0010-0017,009e|0303|http/1.1|ff01-0001-0023-0010-0017,cca8|0303||ff01-0001-000b-0023-0017,cca8|0303||ff01-0001-000b-0023-0017,c013|0302|http/1.1|ff01-0001-000b-0023-0010-0017,cca8|0303|http/1.1|ff01-0001-000b-0023-0010-0017,cca8|0303|http/1.1|ff01-0001-000b-0023-0010-0017,cca8|0303|http/1.1|ff01-0001-000b-0023-0010-0017,cca8|0303|http/1.1|ff01-0001-000b-0023-0010-0017
74.82.47.31,74.82.47.31,00000000000000000000000000000000000000000000000000000000000000,|||,|||,|||,|||,|||,|||,|||,|||,|||,|||
78.128.112.213,78.128.112.213,00000000000000000000000000000000000000000000000000000000000000,|||,|||,|||,|||,|||,|||,|||,|||,|||,|||
74.82.47.38,74.82.47.38,00000000000000000000000000000000000000000000000000000000000000,|||,|||,|||,|||,|||,|||,|||,|||,|||,|||
39.85.73.133,39.85.73.133,00000000000000000000000000000000000000000000000000000000000000,|||,|||,|||,|||,|||,|||,|||,|||,|||,|||
75.99.204.66,75.99.204.66,00000000000000000000000000000000000000000000000000000000000000,|||,|||,|||,|||,|||,|||,|||,|||,|||,|||
74.82.47.29,74.82.47.29,00000000000000000000000000000000000000000000000000000000000000,|||,|||,|||,|||,|||,|||,|||,|||,|||,|||
75.99.179.228,75.99.179.228,00000000000000000000000000000000000000000000000000000000000000,|||,|||,|||,|||,|||,|||,|||,|||,|||,|||
39.105.136.49,39.105.136.49,00000000000000000000000000000000000000000000000000000000000000,|||,|||,|||,|||,|||,|||,|||,|||,|||,|||
74.82.47.25,74.82.47.25,00000000000000000000000000000000000000000000000000000000000000,|||,|||,|||,|||,|||,|||,|||,|||,|||,|||
74.82.46.22,74.82.46.22,00000000000000000000000000000000000000000000000000000000000000,|||,|||,|||,|||,|||,|||,|||,|||,|||,|||
74.82.47.27,74.82.47.27,00000000000000000000000000000000000000000000000000000000000000,|||,|||,|||,|||,|||,|||,|||,|||,|||,|||
39.49.76.28,39.49.76.28,00000000000000000000000000000000000000000000000000000000000000,|||,|||,|||,|||,|||,|||,|||,|||,|||,|||
74.82.47.3,74.82.47.3,00000000000000000000000000000000000000000000000000000000000000,|||,|||,|||,|||,|||,|||,|||,|||,|||,|||
74.82.47.33,74.82.47.33,00000000000000000000000000000000000000000000000000000000000000,|||,|||,|||,|||,|||,|||,|||,|||,|||,|||
74.82.47.32,74.82.47.32,00000000000000000000000000000000000000000000000000000000000000,|||,|||,|||,|||,|||,|||,|||,|||,|||,|||
39.165.55.46,39.165.55.46,00000000000000000000000000000000000000000000000000000000000000,|||,|||,|||,|||,|||,|||,|||,|||,|||,|||
74.82.47.20,74.82.47.20,00000000000000000000000000000000000000000000000000000000000000,|||,|||,|||,|||,|||,|||,|||,|||,|||,|||
74.82.47.19,74.82.47.19,00000000000000000000000000000000000000000000000000000000000000,|||,|||,|||,|||,|||,|||,|||,|||,|||,|||
39.105.85.55,39.105.85.55,00000000000000000000000000000000000000000000000000000000000000,|||,|||,|||,|||,|||,|||,|||,|||,|||,|||
39.103.228.31,39.103.228.31,00000000000000000000000000000000000000000000000000000000000000,|||,|||,|||,|||,|||,|||,|||,|||,|||,|||
74.82.47.18,74.82.47.18,00000000000000000000000000000000000000000000000000000000000000,|||,|||,|||,|||,|||,|||,|||,|||,|||,|||
41.141.221.61,41.141.221.61,00000000000000000000000000000000000000000000000000000000000000,|||,|||,|||,|||,|||,|||,|||,|||,|||,|||
74.82.47.45,74.82.47.45,00000000000000000000000000000000000000000000000000000000000000,|||,|||,|||,|||,|||,|||,|||,|||,|||,|||
39.99.237.201,39.99.237.201,00000000000000000000000000000000000000000000000000000000000000,|||,|||,|||,|||,|||,|||,|||,|||,|||,|||
74.82.47.49,74.82.47.49,00000000000000000000000000000000000000000000000000000000000000,|||,|||,|||,|||,|||,|||,|||,|||,|||,|||
74.82.47.46,74.82.47.46,00000000000000000000000000000000000000000000000000000000000000,|||,|||,|||,|||,|||,|||,|||,|||,|||,|||
40.74.94.3,40.74.94.3,00000000000000000000000000000000000000000000000000000000000000,|||,|||,|||,|||,|||,|||,|||,|||,|||,|||
39.164.17.200,39.164.17.200,00000000000000000000000000000000000000000000000000000000000000,|||,|||,|||,|||,|||,|||,|||,|||,|||,|||
74.82.47.10,74.82.47.10,00000000000000000000000000000000000000000000000000000000000000,|||,|||,|||,|||,|||,|||,|||,|||,|||,|||
39.99.155.83,39.99.155.83,00000000000000000000000000000000000000000000000000000000000000,|||,|||,|||,|||,|||,|||,|||,|||,|||,|||
74.82.47.13,74.82.47.13,00000000000000000000000000000000000000000000000000000000000000,|||,|||,|||,|||,|||,|||,|||,|||,|||,|||
39.107.42.9,39.107.42.9,00000000000000000000000000000000000000000000000000000000000000,|||,|||,|||,|||,|||,|||,|||,|||,|||,|||
61.58.81.59,61.58.81.59,04b02b00004b04b04b04b02b04b04b9674c6b4e623ae36cc2d998e99e2262e,000a|0301||ff01-0023,0005|0301||ff01-0023,|||,000a|0301||ff01-0023,000a|0301||ff01-0023,000a|0301||ff01-0023,000a|0301||ff01-0023,0005|0301||ff01-0023,000a|0301||ff01-0023,000a|0301||ff01-0023
66.240.192.82,66.240.192.82,00000000000000000000000000000000000000000000000000000000000000,|||,|||,|||,|||,|||,|||,|||,|||,|||,|||
74.82.47.12,74.82.47.12,00000000000000000000000000000000000000000000000000000000000000,|||,|||,|||,|||,|||,|||,|||,|||,|||,|||
41.144.148.193,41.144.148.193,00000000000000000000000000000000000000000000000000000000000000,|||,|||,|||,|||,|||,|||,|||,|||,|||,|||
74.82.47.2,74.82.47.2,00000000000000000000000000000000000000000000000000000000000000,|||,|||,|||,|||,|||,|||,|||,|||,|||,|||
74.82.47.59,74.82.47.59,00000000000000000000000000000000000000000000000000000000000000,|||,|||,|||,|||,|||,|||,|||,|||,|||,|||
77.107.41.210,77.107.41.210,00000000000000000000000000000000000000000000000000000000000000,|||,|||,|||,|||,|||,|||,|||,|||,|||,|||
74.82.47.24,74.82.47.24,00000000000000000000000000000000000000000000000000000000000000,|||,|||,|||,|||,|||,|||,|||,|||,|||,|||
74.82.47.7,74.82.47.7,00000000000000000000000000000000000000000000000000000000000000,|||,|||,|||,|||,|||,|||,|||,|||,|||,|||
74.82.47.57,74.82.47.57,00000000000000000000000000000000000000000000000000000000000000,|||,|||,|||,|||,|||,|||,|||,|||,|||,|||
78.186.53.64,78.186.53.64,00000000000000000000000000000000000000000000000000000000000000,|||,|||,|||,|||,|||,|||,|||,|||,|||,|||
74.82.47.61,74.82.47.61,00000000000000000000000000000000000000000000000000000000000000,|||,|||,|||,|||,|||,|||,|||,|||,|||,|||
74.82.47.8,74.82.47.8,00000000000000000000000000000000000000000000000000000000000000,|||,|||,|||,|||,|||,|||,|||,|||,|||,|||
74.82.47.56,74.82.47.56,00000000000000000000000000000000000000000000000000000000000000,|||,|||,|||,|||,|||,|||,|||,|||,|||,|||
74.82.47.60,74.82.47.60,00000000000000000000000000000000000000000000000000000000000000,|||,|||,|||,|||,|||,|||,|||,|||,|||,|||
39.172.63.76,39.172.63.76,00000000000000000000000000000000000000000000000000000000000000,|||,|||,|||,|||,|||,|||,|||,|||,|||,|||
40.138.146.226,40.138.146.226,00000000000000000000000000000000000000000000000000000000000000,|||,|||,|||,|||,|||,|||,|||,|||,|||,|||
39.96.54.36,39.96.54.36,00000000000000000000000000000000000000000000000000000000000000,|||,|||,|||,|||,|||,|||,|||,|||,|||,|||
39.170.54.50,39.170.54.50,00000000000000000000000000000000000000000000000000000000000000,|||,|||,|||,|||,|||,|||,|||,|||,|||,|||
39.90.149.9,39.90.149.9,00000000000000000000000000000000000000000000000000000000000000,|||,|||,|||,|||,|||,|||,|||,|||,|||,|||
39.113.197.251,39.113.197.251,00000000000000000000000000000000000000000000000000000000000000,|||,|||,|||,|||,|||,|||,|||,|||,|||,|||
39.87.109.104,39.87.109.104,00000000000000000000000000000000000000000000000000000000000000,|||,|||,|||,|||,|||,|||,|||,|||,|||,|||
39.184.139.39,39.184.139.39,00000000000000000000000000000000000000000000000000000000000000,|||,|||,|||,|||,|||,|||,|||,|||,|||,|||
39.97.167.205,39.97.167.205,00000000000000000000000000000000000000000000000000000000000000,|||,|||,|||,|||,|||,|||,|||,|||,|||,|||
40.121.246.122,40.121.246.122,00000000000000000000000000000000000000000000000000000000000000,|||,|||,|||,|||,|||,|||,|||,|||,|||,|||
74.82.47.55,74.82.47.55,00000000000000000000000000000000000000000000000000000000000000,|||,|||,|||,|||,|||,|||,|||,|||,|||,|||
39.86.237.214,39.86.237.214,00000000000000000000000000000000000000000000000000000000000000,|||,|||,|||,|||,|||,|||,|||,|||,|||,|||
39.97.122.60,39.97.122.60,00000000000000000000000000000000000000000000000000000000000000,|||,|||,|||,|||,|||,|||,|||,|||,|||,|||
40.112.54.103,40.112.54.103,00000000000000000000000000000000000000000000000000000000000000,|||,|||,|||,|||,|||,|||,|||,|||,|||,|||
68.170.52.236,68.170.52.236,08d08d00008d08d08c08d08d08d08d9674c6b4e623ae36cc2d998e99e2262e,0035|0303||ff01-0023,0035|0303||ff01-0023,|||,0035|0303||ff01-0023,0035|0303||ff01-0023,0035|0302||ff01-0023,0035|0303||ff01-0023,0035|0303||ff01-0023,0035|0303||ff01-0023,0035|0303||ff01-0023
74.82.47.62,74.82.47.62,00000000000000000000000000000000000000000000000000000000000000,|||,|||,|||,|||,|||,|||,|||,|||,|||,|||
74.82.47.22,74.82.47.22,00000000000000000000000000000000000000000000000000000000000000,|||,|||,|||,|||,|||,|||,|||,|||,|||,|||
74.82.47.15,74.82.47.15,00000000000000000000000000000000000000000000000000000000000000,|||,|||,|||,|||,|||,|||,|||,|||,|||,|||
70.35.198.31,70.35.198.31,2ad2ad0002ad2ad00042d42d0000005d86ccb1a0567e012264097a0315d7a7,c030|0303|h2|ff01-0000-0001-000b-0023-0010-0017,c030|0303|h2|ff01-0000-0001-000b-0023-0010-0017,|||,c030|0303||ff01-0000-0001-000b-0023-0017,c030|0303||ff01-0000-0001-000b-0023-0017,|||,1302|0303||002b-0033,1302|0303||002b-0033,|||,|||
41.71.94.135,41.71.94.135,00000000000000000000000000000000000000000000000000000000000000,|||,|||,|||,|||,|||,|||,|||,|||,|||,|||
39.96.173.50,39.96.173.50,00000000000000000000000000000000000000000000000000000000000000,|||,|||,|||,|||,|||,|||,|||,|||,|||,|||
71.19.150.244,71.19.150.244,00000000000000000000000000000000000000000000000000000000000000,|||,|||,|||,|||,|||,|||,|||,|||,|||,|||
74.82.47.40,74.82.47.40,00000000000000000000000000000000000000000000000000000000000000,|||,|||,|||,|||,|||,|||,|||,|||,|||,|||
77.68.163.132,77.68.163.132,08d08d00008d08d08c08d08d08d08d9674c6b4e623ae36cc2d998e99e2262e,0035|0303||ff01-0023,0035|0303||ff01-0023,|||,0035|0303||ff01-0023,0035|0303||ff01-0023,0035|0302||ff01-0023,0035|0303||ff01-0023,0035|0303||ff01-0023,0035|0303||ff01-0023,0035|0303||ff01-0023
74.82.47.14,74.82.47.14,00000000000000000000000000000000000000000000000000000000000000,|||,|||,|||,|||,|||,|||,|||,|||,|||,|||
74.82.47.34,74.82.47.34,00000000000000000000000000000000000000000000000000000000000000,|||,|||,|||,|||,|||,|||,|||,|||,|||,|||
41.189.211.244,41.189.211.244,00000000000000000000000000000000000000000000000000000000000000,|||,|||,|||,|||,|||,|||,|||,|||,|||,|||
41.82.43.131,41.82.43.131,00000000000000000000000000000000000000000000000000000000000000,|||,|||,|||,|||,|||,|||,|||,|||,|||,|||
76.109.222.61,76.109.222.61,00000000000000000000000000000000000000000000000000000000000000,|||,|||,|||,|||,|||,|||,|||,|||,|||,|||
41.59.90.66,41.59.90.66,00000000000000000000000000000000000000000000000000000000000000,|||,|||,|||,|||,|||,|||,|||,|||,|||,|||
40.118.150.246,40.118.150.246,00000000000000000000000000000000000000000000000000000000000000,|||,|||,|||,|||,|||,|||,|||,|||,|||,|||
74.82.47.16,74.82.47.16,00000000000000000000000000000000000000000000000000000000000000,|||,|||,|||,|||,|||,|||,|||,|||,|||,|||
74.82.47.11,74.82.47.11,00000000000000000000000000000000000000000000000000000000000000,|||,|||,|||,|||,|||,|||,|||,|||,|||,|||
41.225.11.68,41.225.11.68,00000000000000000000000000000000000000000000000000000000000000,|||,|||,|||,|||,|||,|||,|||,|||,|||,|||
74.82.47.50,74.82.47.50,00000000000000000000000000000000000000000000000000000000000000,|||,|||,|||,|||,|||,|||,|||,|||,|||,|||
72.90.84.59,72.90.84.59,15d3fd16d29d29d00042d43d000000f969de8346060623ff1a681e56326e65,009e|0303|h2|ff01-0001-0010-0017,cca8|0303|h2|ff01-0001-000b-0010-0017,009f|0303|h2|ff01-0001-0010-0017,c02f|0303|http/1.1|ff01-0001-000b-0010-0017,c02f|0303|http/1.1|ff01-0001-000b-0010-0017,|||,1302|0303||002b-0033,1303|0303||002b-0033,|||,|||
74.82.47.41,74.82.47.41,00000000000000000000000000000000000000000000000000000000000000,|||,|||,|||,|||,|||,|||,|||,|||,|||,|||
74.207.233.151,74.207.233.151,00000000000000000000000000000000000000000000000000000000000000,|||,|||,|||,|||,|||,|||,|||,|||,|||,|||
72.95.129.172,72.95.129.172,26d26d16d26d26d00026d26d26d26dd3b67dd3674d9af9dd91c1955a35d0e9,c028|0303||0017-ff01,c028|0303||0017-ff01,009f|0303||0017-ff01,c028|0303||0017-ff01,c028|0303||0017-ff01,|||,c028|0303||0017-ff01,c028|0303||0017-ff01,c028|0303||0017-ff01,c028|0303||0017-ff01
70.28.69.194,70.28.69.194,08d08d00008d08d08c08d08d08d08d9674c6b4e623ae36cc2d998e99e2262e,0035|0303||ff01-0023,0035|0303||ff01-0023,|||,0035|0303||ff01-0023,0035|0303||ff01-0023,0035|0302||ff01-0023,0035|0303||ff01-0023,0035|0303||ff01-0023,0035|0303||ff01-0023,0035|0303||ff01-0023
68.225.59.93,68.225.59.93,08d08d00008d08d08c08d08d08d08d9674c6b4e623ae36cc2d998e99e2262e,0035|0303||ff01-0023,0035|0303||ff01-0023,|||,0035|0303||ff01-0023,0035|0303||ff01-0023,0035|0302||ff01-0023,0035|0303||ff01-0023,0035|0303||ff01-0023,0035|0303||ff01-0023,0035|0303||ff01-0023
80.82.77.146,80.82.77.146,00000000000000000000000000000000000000000000000000000000000000,|||,|||,|||,|||,|||,|||,|||,|||,|||,|||
39.98.185.92,39.98.185.92,00000000000000000000000000000000000000000000000000000000000000,|||,|||,|||,|||,|||,|||,|||,|||,|||,|||
42.239.11.51,42.239.11.51,00000000000000000000000000000000000000000000000000000000000000,|||,|||,|||,|||,|||,|||,|||,|||,|||,|||
40.74.66.150,40.74.66.150,00000000000000000000000000000000000000000000000000000000000000,|||,|||,|||,|||,|||,|||,|||,|||,|||,|||
39.164.8.21,39.164.8.21,00000000000000000000000000000000000000000000000000000000000000,|||,|||,|||,|||,|||,|||,|||,|||,|||,|||
39.37.162.184,39.37.162.184,00000000000000000000000000000000000000000000000000000000000000,|||,|||,|||,|||,|||,|||,|||,|||,|||,|||
40.76.16.232,40.76.16.232,00000000000000000000000000000000000000000000000000000000000000,|||,|||,|||,|||,|||,|||,|||,|||,|||,|||
41.223.232.126,41.223.232.126,00000000000000000000000000000000000000000000000000000000000000,|||,|||,|||,|||,|||,|||,|||,|||,|||,|||
40.114.48.209,40.114.48.209,00000000000000000000000000000000000000000000000000000000000000,|||,|||,|||,|||,|||,|||,|||,|||,|||,|||
78.108.177.53,78.108.177.53,00000000000000000000000000000000000000000000000000000000000000,|||,|||,|||,|||,|||,|||,|||,|||,|||,|||
39.144.6.80,39.144.6.80,00000000000000000000000000000000000000000000000000000000000000,|||,|||,|||,|||,|||,|||,|||,|||,|||,|||
39.89.234.185,39.89.234.185,00000000000000000000000000000000000000000000000000000000000000,|||,|||,|||,|||,|||,|||,|||,|||,|||,|||
72.18.130.2,72.18.130.2,04b02b00002b04b04b04b02b02b04b2bb1101b28b790bf5d9d4dcad463fdc2,000a|0301||ff01,0005|0301||ff01,|||,0005|0301||ff01,000a|0301||ff01,000a|0301||ff01,000a|0301||ff01,0005|0301||ff01,0005|0301||ff01,000a|0301||ff01
40.68.193.190,40.68.193.190,00000000000000000000000000000000000000000000000000000000000000,|||,|||,|||,|||,|||,|||,|||,|||,|||,|||
77.240.153.122,77.240.153.122,00000000000000000000000000000000000000000000000000000000000000,|||,|||,|||,|||,|||,|||,|||,|||,|||,|||
78.108.177.51,78.108.177.51,00000000000000000000000000000000000000000000000000000000000000,|||,|||,|||,|||,|||,|||,|||,|||,|||,|||
76.170.11.82,76.170.11.82,00000000000000000000000000000000000000000000000000000000000000,|||,|||,|||,|||,|||,|||,|||,|||,|||,|||
42.192.58.136,42.192.58.136,00000000000000000000000000000000000000000000000000000000000000,|||,|||,|||,|||,|||,|||,|||,|||,|||,|||
43.154.114.38,43.154.114.38,00000000000000000000000000000000000000000000000000000000000000,|||,|||,|||,|||,|||,|||,|||,|||,|||,|||
39.88.117.226,39.88.117.226,00000000000000000000000000000000000000000000000000000000000000,|||,|||,|||,|||,|||,|||,|||,|||,|||,|||
42.192.127.109,42.192.127.109,00000000000000000000000000000000000000000000000000000000000000,|||,|||,|||,|||,|||,|||,|||,|||,|||,|||
41.208.70.39,41.208.70.39,00000000000000000000000000000000000000000000000000000000000000,|||,|||,|||,|||,|||,|||,|||,|||,|||,|||
41.233.177.126,41.233.177.126,00000000000000000000000000000000000000000000000000000000000000,|||,|||,|||,|||,|||,|||,|||,|||,|||,|||
42.192.119.190,42.192.119.190,00000000000000000000000000000000000000000000000000000000000000,|||,|||,|||,|||,|||,|||,|||,|||,|||,|||
42.2.34.99,42.2.34.99,00000000000000000000000000000000000000000000000000000000000000,|||,|||,|||,|||,|||,|||,|||,|||,|||,|||
39.96.169.174,39.96.169.174,00000000000000000000000000000000000000000000000000000000000000,|||,|||,|||,|||,|||,|||,|||,|||,|||,|||
74.82.47.53,74.82.47.53,00000000000000000000000000000000000000000000000000000000000000,|||,|||,|||,|||,|||,|||,|||,|||,|||,|||
39.97.238.92,39.97.238.92,00000000000000000000000000000000000000000000000000000000000000,|||,|||,|||,|||,|||,|||,|||,|||,|||,|||
74.82.47.5,74.82.47.5,00000000000000000000000000000000000000000000000000000000000000,|||,|||,|||,|||,|||,|||,|||,|||,|||,|||
40.86.231.223,40.86.231.223,00000000000000000000000000000000000000000000000000000000000000,|||,|||,|||,|||,|||,|||,|||,|||,|||,|||
42.192.138.43,42.192.138.43,00000000000000000000000000000000000000000000000000000000000000,|||,|||,|||,|||,|||,|||,|||,|||,|||,|||
79.124.62.86,79.124.62.86,00000000000000000000000000000000000000000000000000000000000000,|||,|||,|||,|||,|||,|||,|||,|||,|||,|||
77.228.213.17,77.228.213.17,00000000000000000000000000000000000000000000000000000000000000,|||,|||,|||,|||,|||,|||,|||,|||,|||,|||
39.71.72.168,39.71.72.168,00000000000000000000000000000000000000000000000000000000000000,|||,|||,|||,|||,|||,|||,|||,|||,|||,|||
40.90.232.172,40.90.232.172,00000000000000000000000000000000000000000000000000000000000000,|||,|||,|||,|||,|||,|||,|||,|||,|||,|||
42.192.182.92,42.192.182.92,00000000000000000000000000000000000000000000000000000000000000,|||,|||,|||,|||,|||,|||,|||,|||,|||,|||
41.70.52.66,41.70.52.66,00000000000000000000000000000000000000000000000000000000000000,|||,|||,|||,|||,|||,|||,|||,|||,|||,|||
39.164.32.145,39.164.32.145,00000000000000000000000000000000000000000000000000000000000000,|||,|||,|||,|||,|||,|||,|||,|||,|||,|||
42.192.58.131,42.192.58.131,00000000000000000000000000000000000000000000000000000000000000,|||,|||,|||,|||,|||,|||,|||,|||,|||,|||
41.205.83.6,41.205.83.6,00000000000000000000000000000000000000000000000000000000000000,|||,|||,|||,|||,|||,|||,|||,|||,|||,|||
42.113.100.53,42.113.100.53,00000000000000000000000000000000000000000000000000000000000000,|||,|||,|||,|||,|||,|||,|||,|||,|||,|||
42.192.87.217,42.192.87.217,00000000000000000000000000000000000000000000000000000000000000,|||,|||,|||,|||,|||,|||,|||,|||,|||,|||
39.99.204.110,39.99.204.110,00000000000000000000000000000000000000000000000000000000000000,|||,|||,|||,|||,|||,|||,|||,|||,|||,|||
40.83.243.115,40.83.243.115,00000000000000000000000000000000000000000000000000000000000000,|||,|||,|||,|||,|||,|||,|||,|||,|||,|||
42.192.189.187,42.192.189.187,00000000000000000000000000000000000000000000000000000000000000,|||,|||,|||,|||,|||,|||,|||,|||,|||,|||
81.17.24.154,81.17.24.154,00000000000000000000000000000000000000000000000000000000000000,|||,|||,|||,|||,|||,|||,|||,|||,|||,|||
42.192.229.147,42.192.229.147,00000000000000000000000000000000000000000000000000000000000000,|||,|||,|||,|||,|||,|||,|||,|||,|||,|||
39.109.127.34,39.109.127.34,00000000000000000000000000000000000000000000000000000000000000,|||,|||,|||,|||,|||,|||,|||,|||,|||,|||
39.99.116.90,39.99.116.90,00000000000000000000000000000000000000000000000000000000000000,|||,|||,|||,|||,|||,|||,|||,|||,|||,|||
39.99.153.91,39.99.153.91,00000000000000000000000000000000000000000000000000000000000000,|||,|||,|||,|||,|||,|||,|||,|||,|||,|||
42.192.119.95,42.192.119.95,00000000000000000000000000000000000000000000000000000000000000,|||,|||,|||,|||,|||,|||,|||,|||,|||,|||
39.98.142.246,39.98.142.246,00000000000000000000000000000000000000000000000000000000000000,|||,|||,|||,|||,|||,|||,|||,|||,|||,|||
42.231.65.36,42.231.65.36,00000000000000000000000000000000000000000000000000000000000000,|||,|||,|||,|||,|||,|||,|||,|||,|||,|||
42.200.95.12,42.200.95.12,00000000000000000000000000000000000000000000000000000000000000,|||,|||,|||,|||,|||,|||,|||,|||,|||,|||
43.130.10.173,43.130.10.173,00000000000000000000000000000000000000000000000000000000000000,|||,|||,|||,|||,|||,|||,|||,|||,|||,|||
39.96.15.141,39.96.15.141,00000000000000000000000000000000000000000000000000000000000000,|||,|||,|||,|||,|||,|||,|||,|||,|||,|||
42.84.250.63,42.84.250.63,00000000000000000000000000000000000000000000000000000000000000,|||,|||,|||,|||,|||,|||,|||,|||,|||,|||
42.240.129.58,42.240.129.58,00000000000000000000000000000000000000000000000000000000000000,|||,|||,|||,|||,|||,|||,|||,|||,|||,|||
77.83.36.46,77.83.36.46,00000000000000000000000000000000000000000000000000000000000000,|||,|||,|||,|||,|||,|||,|||,|||,|||,|||
42.2.239.196,42.2.239.196,00000000000000000000000000000000000000000000000000000000000000,|||,|||,|||,|||,|||,|||,|||,|||,|||,|||
43.154.140.179,43.154.140.179,00000000000000000000000000000000000000000000000000000000000000,|||,|||,|||,|||,|||,|||,|||,|||,|||,|||
42.192.152.190,42.192.152.190,00000000000000000000000000000000000000000000000000000000000000,|||,|||,|||,|||,|||,|||,|||,|||,|||,|||
74.82.47.47,74.82.47.47,00000000000000000000000000000000000000000000000000000000000000,|||,|||,|||,|||,|||,|||,|||,|||,|||,|||
74.82.47.6,74.82.47.6,00000000000000000000000000000000000000000000000000000000000000,|||,|||,|||,|||,|||,|||,|||,|||,|||,|||
79.124.62.222,79.124.62.222,00000000000000000000000000000000000000000000000000000000000000,|||,|||,|||,|||,|||,|||,|||,|||,|||,|||
39.99.231.115,39.99.231.115,00000000000000000000000000000000000000000000000000000000000000,|||,|||,|||,|||,|||,|||,|||,|||,|||,|||
41.208.71.226,41.208.71.226,00000000000000000000000000000000000000000000000000000000000000,|||,|||,|||,|||,|||,|||,|||,|||,|||,|||
39.99.80.118,39.99.80.118,00000000000000000000000000000000000000000000000000000000000000,|||,|||,|||,|||,|||,|||,|||,|||,|||,|||
74.82.47.58,74.82.47.58,00000000000000000000000000000000000000000000000000000000000000,|||,|||,|||,|||,|||,|||,|||,|||,|||,|||
81.17.30.208,81.17.30.208,00000000000000000000000000000000000000000000000000000000000000,|||,|||,|||,|||,|||,|||,|||,|||,|||,|||
75.90.69.247,75.90.69.247,00000000000000000000000000000000000000000000000000000000000000,|||,|||,|||,|||,|||,|||,|||,|||,|||,|||
77.237.73.26,77.237.73.26,29d29d15d29d29d00029d29d29d29dc0291cff45ef9ca3eabee4181424476a,c02f|0303|h2|ff01-000b-0023-0010,c02f|0303|h2|ff01-000b-0023-0010,009e|0303|h2|ff01-0023-0010,c02f|0303||ff01-000b-0023,c02f|0303||ff01-000b-0023,|||,c02f|0303|h2|ff01-000b-0023-0010,c02f|0303|h2|ff01-000b-0023-0010,c02f|0303|h2|ff01-000b-0023-0010,c02f|0303|h2|ff01-000b-0023-0010
52.163.119.80,52.163.119.80,2ad2ad0002ad2ad00042d42d0000000464fb8c6842ac133bede81390a48134,c030|0303|h2|ff01-0000-0001-000b-0010-0017,c030|0303|h2|ff01-0000-0001-000b-0010-0017,|||,c030|0303||ff01-0000-0001-000b-0017,c030|0303||ff01-0000-0001-000b-0017,|||,1302|0303||002b-0033,1302|0303||002b-0033,|||,|||
80.82.76.6,80.82.76.6,00000000000000000000000000000000000000000000000000000000000000,|||,|||,|||,|||,|||,|||,|||,|||,|||,|||
74.82.47.43,74.82.47.43,00000000000000000000000000000000000000000000000000000000000000,|||,|||,|||,|||,|||,|||,|||,|||,|||,|||
80.82.64.65,80.82.64.65,00000000000000000000000000000000000000000000000000000000000000,|||,|||,|||,|||,|||,|||,|||,|||,|||,|||
81.63.150.90,81.63.150.90,00000000000000000000000000000000000000000000000000000000000000,|||,|||,|||,|||,|||,|||,|||,|||,|||,|||
80.82.70.228,80.82.70.228,00000000000000000000000000000000000000000000000000000000000000,|||,|||,|||,|||,|||,|||,|||,|||,|||,|||
40.76.82.232,40.76.82.232,00000000000000000000000000000000000000000000000000000000000000,|||,|||,|||,|||,|||,|||,|||,|||,|||,|||
41.45.4.22,41.45.4.22,00000000000000000000000000000000000000000000000000000000000000,|||,|||,|||,|||,|||,|||,|||,|||,|||,|||
42.193.169.224,42.193.169.224,00000000000000000000000000000000000000000000000000000000000000,|||,|||,|||,|||,|||,|||,|||,|||,|||,|||
39.174.105.167,39.174.105.167,00000000000000000000000000000000000000000000000000000000000000,|||,|||,|||,|||,|||,|||,|||,|||,|||,|||
39.155.213.154,39.155.213.154,00000000000000000000000000000000000000000000000000000000000000,|||,|||,|||,|||,|||,|||,|||,|||,|||,|||
78.128.113.90,78.128.113.90,00000000000000000000000000000000000000000000000000000000000000,|||,|||,|||,|||,|||,|||,|||,|||,|||,|||
41.242.90.7,41.242.90.7,00000000000000000000000000000000000000000000000000000000000000,|||,|||,|||,|||,|||,|||,|||,|||,|||,|||
42.5.83.47,42.5.83.47,00000000000000000000000000000000000000000000000000000000000000,|||,|||,|||,|||,|||,|||,|||,|||,|||,|||
42.117.66.115,42.117.66.115,00000000000000000000000000000000000000000000000000000000000000,|||,|||,|||,|||,|||,|||,|||,|||,|||,|||
42.192.47.64,42.192.47.64,00000000000000000000000000000000000000000000000000000000000000,|||,|||,|||,|||,|||,|||,|||,|||,|||,|||
41.250.2.180,41.250.2.180,00000000000000000000000000000000000000000000000000000000000000,|||,|||,|||,|||,|||,|||,|||,|||,|||,|||
39.82.229.228,39.82.229.228,00000000000000000000000000000000000000000000000000000000000000,|||,|||,|||,|||,|||,|||,|||,|||,|||,|||
41.40.64.74,41.40.64.74,00000000000000000000000000000000000000000000000000000000000000,|||,|||,|||,|||,|||,|||,|||,|||,|||,|||
42.112.36.75,42.112.36.75,00000000000000000000000000000000000000000000000000000000000000,|||,|||,|||,|||,|||,|||,|||,|||,|||,|||
42.123.110.8,42.123.110.8,00000000000000000000000000000000000000000000000000000000000000,|||,|||,|||,|||,|||,|||,|||,|||,|||,|||
42.192.167.174,42.192.167.174,00000000000000000000000000000000000000000000000000000000000000,|||,|||,|||,|||,|||,|||,|||,|||,|||,|||
42.192.192.177,42.192.192.177,00000000000000000000000000000000000000000000000000000000000000,|||,|||,|||,|||,|||,|||,|||,|||,|||,|||
41.230.17.135,41.230.17.135,00000000000000000000000000000000000000000000000000000000000000,|||,|||,|||,|||,|||,|||,|||,|||,|||,|||
42.159.81.133,42.159.81.133,00000000000000000000000000000000000000000000000000000000000000,|||,|||,|||,|||,|||,|||,|||,|||,|||,|||
42.192.79.240,42.192.79.240,00000000000000000000000000000000000000000000000000000000000000,|||,|||,|||,|||,|||,|||,|||,|||,|||,|||
74.82.47.54,74.82.47.54,00000000000000000000000000000000000000000000000000000000000000,|||,|||,|||,|||,|||,|||,|||,|||,|||,|||
41.65.68.70,41.65.68.70,00000000000000000000000000000000000000000000000000000000000000,|||,|||,|||,|||,|||,|||,|||,|||,|||,|||
80.82.65.201,80.82.65.201,00000000000000000000000000000000000000000000000000000000000000,|||,|||,|||,|||,|||,|||,|||,|||,|||,|||
39.50.238.48,39.50.238.48,00000000000000000000000000000000000000000000000000000000000000,|||,|||,|||,|||,|||,|||,|||,|||,|||,|||
42.159.92.32,42.159.92.32,00000000000000000000000000000000000000000000000000000000000000,|||,|||,|||,|||,|||,|||,|||,|||,|||,|||
42.192.152.108,42.192.152.108,00000000000000000000000000000000000000000000000000000000000000,|||,|||,|||,|||,|||,|||,|||,|||,|||,|||
39.152.158.90,39.152.158.90,00000000000000000000000000000000000000000000000000000000000000,|||,|||,|||,|||,|||,|||,|||,|||,|||,|||
79.124.62.110,79.124.62.110,00000000000000000000000000000000000000000000000000000000000000,|||,|||,|||,|||,|||,|||,|||,|||,|||,|||
41.65.68.72,41.65.68.72,00000000000000000000000000000000000000000000000000000000000000,|||,|||,|||,|||,|||,|||,|||,|||,|||,|||
42.81.134.21,42.81.134.21,00000000000000000000000000000000000000000000000000000000000000,|||,|||,|||,|||,|||,|||,|||,|||,|||,|||
39.129.121.173,39.129.121.173,00000000000000000000000000000000000000000000000000000000000000,|||,|||,|||,|||,|||,|||,|||,|||,|||,|||
61.130.96.210,61.130.96.210,04b02b00004b04b04b04b02b04b04be3b0c44298fc1c149afbf4c8996fb924,000a|0301||,0005|0301||,|||,000a|0301||,000a|0301||,000a|0301||,000a|0301||,0005|0301||,000a|0301||,000a|0301||
72.45.247.26,72.45.247.26,08d08d00008d08d08c08d08d08d08d9674c6b4e623ae36cc2d998e99e2262e,0035|0303||ff01-0023,0035|0303||ff01-0023,|||,0035|0303||ff01-0023,0035|0303||ff01-0023,0035|0302||ff01-0023,0035|0303||ff01-0023,0035|0303||ff01-0023,0035|0303||ff01-0023,0035|0303||ff01-0023
42.3.104.132,42.3.104.132,00000000000000000000000000000000000000000000000000000000000000,|||,|||,|||,|||,|||,|||,|||,|||,|||,|||
39.164.11.177,39.164.11.177,00000000000000000000000000000000000000000000000000000000000000,|||,|||,|||,|||,|||,|||,|||,|||,|||,|||
43.239.121.134,43.239.121.134,00000000000000000000000000000000000000000000000000000000000000,|||,|||,|||,|||,|||,|||,|||,|||,|||,|||
42.228.0.46,42.228.0.46,00000000000000000000000000000000000000000000000000000000000000,|||,|||,|||,|||,|||,|||,|||,|||,|||,|||
43.230.212.58,43.230.212.58,00000000000000000000000000000000000000000000000000000000000000,|||,|||,|||,|||,|||,|||,|||,|||,|||,|||
42.2.181.128,42.2.181.128,00000000000000000000000000000000000000000000000000000000000000,|||,|||,|||,|||,|||,|||,|||,|||,|||,|||
43.154.145.113,43.154.145.113,00000000000000000000000000000000000000000000000000000000000000,|||,|||,|||,|||,|||,|||,|||,|||,|||,|||
39.86.5.60,39.86.5.60,00000000000000000000000000000000000000000000000000000000000000,|||,|||,|||,|||,|||,|||,|||,|||,|||,|||
77.247.110.185,77.247.110.185,00000000000000000000000000000000000000000000000000000000000000,|||,|||,|||,|||,|||,|||,|||,|||,|||,|||
42.192.152.145,42.192.152.145,00000000000000000000000000000000000000000000000000000000000000,|||,|||,|||,|||,|||,|||,|||,|||,|||,|||
42.193.100.47,42.193.100.47,00000000000000000000000000000000000000000000000000000000000000,|||,|||,|||,|||,|||,|||,|||,|||,|||,|||
42.202.103.125,42.202.103.125,00000000000000000000000000000000000000000000000000000000000000,|||,|||,|||,|||,|||,|||,|||,|||,|||,|||
74.82.47.17,74.82.47.17,00000000000000000000000000000000000000000000000000000000000000,|||,|||,|||,|||,|||,|||,|||,|||,|||,|||
43.131.68.225,43.131.68.225,00000000000000000000000000000000000000000000000000000000000000,|||,|||,|||,|||,|||,|||,|||,|||,|||,|||
42.86.120.116,42.86.120.116,00000000000000000000000000000000000000000000000000000000000000,|||,|||,|||,|||,|||,|||,|||,|||,|||,|||
39.152.158.94,39.152.158.94,00000000000000000000000000000000000000000000000000000000000000,|||,|||,|||,|||,|||,|||,|||,|||,|||,|||
74.74.144.59,74.74.144.59,00000000000000000000000000000000000000000000000000000000000000,|||,|||,|||,|||,|||,|||,|||,|||,|||,|||
41.93.40.87,41.93.40.87,00000000000000000000000000000000000000000000000000000000000000,|||,|||,|||,|||,|||,|||,|||,|||,|||,|||
43.154.173.84,43.154.173.84,00000000000000000000000000000000000000000000000000000000000000,|||,|||,|||,|||,|||,|||,|||,|||,|||,|||
43.134.210.47,43.134.210.47,00000000000000000000000000000000000000000000000000000000000000,|||,|||,|||,|||,|||,|||,|||,|||,|||,|||
75.114.100.166,75.114.100.166,00000000000000000000000000000000000000000000000000000000000000,|||,|||,|||,|||,|||,|||,|||,|||,|||,|||
43.154.146.144,43.154.146.144,00000000000000000000000000000000000000000000000000000000000000,|||,|||,|||,|||,|||,|||,|||,|||,|||,|||
77.246.159.171,77.246.159.171,00000000000000000000000000000000000000000000000000000000000000,|||,|||,|||,|||,|||,|||,|||,|||,|||,|||
41.83.99.72,41.83.99.72,00000000000000000000000000000000000000000000000000000000000000,|||,|||,|||,|||,|||,|||,|||,|||,|||,|||
74.82.47.37,74.82.47.37,00000000000000000000000000000000000000000000000000000000000000,|||,|||,|||,|||,|||,|||,|||,|||,|||,|||
74.82.47.42,74.82.47.42,00000000000000000000000000000000000000000000000000000000000000,|||,|||,|||,|||,|||,|||,|||,|||,|||,|||
78.108.177.52,78.108.177.52,00000000000000000000000000000000000000000000000000000000000000,|||,|||,|||,|||,|||,|||,|||,|||,|||,|||
43.154.139.158,43.154.139.158,00000000000000000000000000000000000000000000000000000000000000,|||,|||,|||,|||,|||,|||,|||,|||,|||,|||
74.82.47.48,74.82.47.48,00000000000000000000000000000000000000000000000000000000000000,|||,|||,|||,|||,|||,|||,|||,|||,|||,|||
43.154.147.22,43.154.147.22,00000000000000000000000000000000000000000000000000000000000000,|||,|||,|||,|||,|||,|||,|||,|||,|||,|||
43.154.141.250,43.154.141.250,00000000000000000000000000000000000000000000000000000000000000,|||,|||,|||,|||,|||,|||,|||,|||,|||,|||
43.154.145.235,43.154.145.235,00000000000000000000000000000000000000000000000000000000000000,|||,|||,|||,|||,|||,|||,|||,|||,|||,|||
43.154.143.100,43.154.143.100,00000000000000000000000000000000000000000000000000000000000000,|||,|||,|||,|||,|||,|||,|||,|||,|||,|||
43.154.140.254,43.154.140.254,00000000000000000000000000000000000000000000000000000000000000,|||,|||,|||,|||,|||,|||,|||,|||,|||,|||
42.200.152.40,42.200.152.40,00000000000000000000000000000000000000000000000000000000000000,|||,|||,|||,|||,|||,|||,|||,|||,|||,|||
78.47.18.126,78.47.18.126,00000000000000000000000000000000000000000000000000000000000000,|||,|||,|||,|||,|||,|||,|||,|||,|||,|||
78.189.26.37,78.189.26.37,00000000000000000000000000000000000000000000000000000000000000,|||,|||,|||,|||,|||,|||,|||,|||,|||,|||
43.130.116.78,43.130.116.78,00000000000000000000000000000000000000000000000000000000000000,|||,|||,|||,|||,|||,|||,|||,|||,|||,|||
43.154.144.239,43.154.144.239,00000000000000000000000000000000000000000000000000000000000000,|||,|||,|||,|||,|||,|||,|||,|||,|||,|||
43.154.1.130,43.154.1.130,00000000000000000000000000000000000000000000000000000000000000,|||,|||,|||,|||,|||,|||,|||,|||,|||,|||
43.231.79.82,43.231.79.82,00000000000000000000000000000000000000000000000000000000000000,|||,|||,|||,|||,|||,|||,|||,|||,|||,|||
43.130.57.239,43.130.57.239,00000000000000000000000000000000000000000000000000000000000000,|||,|||,|||,|||,|||,|||,|||,|||,|||,|||
43.131.94.145,43.131.94.145,00000000000000000000000000000000000000000000000000000000000000,|||,|||,|||,|||,|||,|||,|||,|||,|||,|||
39.65.178.150,39.65.178.150,00000000000000000000000000000000000000000000000000000000000000,|||,|||,|||,|||,|||,|||,|||,|||,|||,|||
68.184.254.155,68.184.254.155,21d14d00021d21d21c42d43d0000007abc6200da92c2a1b69c0a56366cbe21,c013|0303||ff01-0001-000b-0023-0017,009d|0303||ff01-0001-0023-0017,|||,c013|0303||ff01-0001-000b-0023-0017,c013|0303||ff01-0001-000b-0023-0017,c013|0302||ff01-0001-000b-0023-0017,1302|0303||002b-0033,1303|0303||002b-0033,|||,|||
43.154.140.189,43.154.140.189,00000000000000000000000000000000000000000000000000000000000000,|||,|||,|||,|||,|||,|||,|||,|||,|||,|||
41.32.140.250,41.32.140.250,00000000000000000000000000000000000000000000000000000000000000,|||,|||,|||,|||,|||,|||,|||,|||,|||,|||
43.154.142.41,43.154.142.41,00000000000000000000000000000000000000000000000000000000000000,|||,|||,|||,|||,|||,|||,|||,|||,|||,|||
74.82.47.9,74.82.47.9,00000000000000000000000000000000000000000000000000000000000000,|||,|||,|||,|||,|||,|||,|||,|||,|||,|||
43.154.40.120,43.154.40.120,00000000000000000000000000000000000000000000000000000000000000,|||,|||,|||,|||,|||,|||,|||,|||,|||,|||
79.124.62.62,79.124.62.62,00000000000000000000000000000000000000000000000000000000000000,|||,|||,|||,|||,|||,|||,|||,|||,|||,|||
72.94.197.74,72.94.197.74,05d14d16d04d04d05c05d14d05d04d1c8ea03347671c0b98a2483832483fd5,0016|0303|http/1.1|ff01-0023-0010,009d|0303|http/1.1|ff01-0023-0010,009f|0303|http/1.1|ff01-0023-0010,000a|0303||ff01-0023,000a|0303||ff01-0023,0016|0302|http/1.1|ff01-0023-0010,0016|0303|http/1.1|ff01-0023-0010,009d|0303|http/1.1|ff01-0023-0010,0016|0303|http/1.1|ff01-0023-0010,000a|0303|http/1.1|ff01-0023-0010
42.193.16.109,42.193.16.109,00000000000000000000000000000000000000000000000000000000000000,|||,|||,|||,|||,|||,|||,|||,|||,|||,|||
42.82.239.3,42.82.239.3,00000000000000000000000000000000000000000000000000000000000000,|||,|||,|||,|||,|||,|||,|||,|||,|||,|||
43.154.189.28,43.154.189.28,00000000000000000000000000000000000000000000000000000000000000,|||,|||,|||,|||,|||,|||,|||,|||,|||,|||
42.6.199.46,42.6.199.46,00000000000000000000000000000000000000000000000000000000000000,|||,|||,|||,|||,|||,|||,|||,|||,|||,|||
42.82.237.139,42.82.237.139,00000000000000000000000000000000000000000000000000000000000000,|||,|||,|||,|||,|||,|||,|||,|||,|||,|||
70.176.224.30,70.176.224.30,00000000000000000000000000000000000000000000000000000000000000,|||,|||,|||,|||,|||,|||,|||,|||,|||,|||
43.129.35.207,43.129.35.207,00000000000000000000000000000000000000000000000000000000000000,|||,|||,|||,|||,|||,|||,|||,|||,|||,|||
41.113.231.168,41.113.231.168,00000000000000000000000000000000000000000000000000000000000000,|||,|||,|||,|||,|||,|||,|||,|||,|||,|||
79.46.52.213,79.46.52.213,00000000000000000000000000000000000000000000000000000000000000,|||,|||,|||,|||,|||,|||,|||,|||,|||,|||
42.116.61.55,42.116.61.55,00000000000000000000000000000000000000000000000000000000000000,|||,|||,|||,|||,|||,|||,|||,|||,|||,|||
43.129.39.176,43.129.39.176,00000000000000000000000000000000000000000000000000000000000000,|||,|||,|||,|||,|||,|||,|||,|||,|||,|||
79.119.130.4,79.119.130.4,00000000000000000000000000000000000000000000000000000000000000,|||,|||,|||,|||,|||,|||,|||,|||,|||,|||
78.135.85.199,78.135.85.199,00000000000000000000000000000000000000000000000000000000000000,|||,|||,|||,|||,|||,|||,|||,|||,|||,|||
45.226.131.130,45.226.131.130,00000000000000000000000000000000000000000000000000000000000000,|||,|||,|||,|||,|||,|||,|||,|||,|||,|||
78.189.52.219,78.189.52.219,00000000000000000000000000000000000000000000000000000000000000,|||,|||,|||,|||,|||,|||,|||,|||,|||,|||
74.82.47.44,74.82.47.44,00000000000000000000000000000000000000000000000000000000000000,|||,|||,|||,|||,|||,|||,|||,|||,|||,|||
79.111.246.150,79.111.246.150,00000000000000000000000000000000000000000000000000000000000000,|||,|||,|||,|||,|||,|||,|||,|||,|||,|||
80.208.108.149,80.208.108.149,00000000000000000000000000000000000000000000000000000000000000,|||,|||,|||,|||,|||,|||,|||,|||,|||,|||
82.118.250.78,82.118.250.78,00000000000000000000000000000000000000000000000000000000000000,|||,|||,|||,|||,|||,|||,|||,|||,|||,|||
80.82.65.202,80.82.65.202,00000000000000000000000000000000000000000000000000000000000000,|||,|||,|||,|||,|||,|||,|||,|||,|||,|||
79.115.244.195,79.115.244.195,00000000000000000000000000000000000000000000000000000000000000,|||,|||,|||,|||,|||,|||,|||,|||,|||,|||
81.165.44.109,81.165.44.109,00000000000000000000000000000000000000000000000000000000000000,|||,|||,|||,|||,|||,|||,|||,|||,|||,|||
79.124.62.82,79.124.62.82,00000000000000000000000000000000000000000000000000000000000000,|||,|||,|||,|||,|||,|||,|||,|||,|||,|||
80.82.77.33,80.82.77.33,00000000000000000000000000000000000000000000000000000000000000,|||,|||,|||,|||,|||,|||,|||,|||,|||,|||
79.124.8.140,79.124.8.140,00000000000000000000000000000000000000000000000000000000000000,|||,|||,|||,|||,|||,|||,|||,|||,|||,|||
43.129.40.155,43.129.40.155,00000000000000000000000000000000000000000000000000000000000000,|||,|||,|||,|||,|||,|||,|||,|||,|||,|||
42.82.224.71,42.82.224.71,00000000000000000000000000000000000000000000000000000000000000,|||,|||,|||,|||,|||,|||,|||,|||,|||,|||
42.7.156.125,42.7.156.125,00000000000000000000000000000000000000000000000000000000000000,|||,|||,|||,|||,|||,|||,|||,|||,|||,|||
74.82.47.4,74.82.47.4,00000000000000000000000000000000000000000000000000000000000000,|||,|||,|||,|||,|||,|||,|||,|||,|||,|||
42.176.180.6,42.176.180.6,00000000000000000000000000000000000000000000000000000000000000,|||,|||,|||,|||,|||,|||,|||,|||,|||,|||
80.15.10.194,80.15.10.194,00000000000000000000000000000000000000000000000000000000000000,|||,|||,|||,|||,|||,|||,|||,|||,|||,|||
79.124.62.34,79.124.62.34,00000000000000000000000000000000000000000000000000000000000000,|||,|||,|||,|||,|||,|||,|||,|||,|||,|||
74.82.47.39,74.82.47.39,00000000000000000000000000000000000000000000000000000000000000,|||,|||,|||,|||,|||,|||,|||,|||,|||,|||
80.209.239.11,80.209.239.11,00000000000000000000000000000000000000000000000000000000000000,|||,|||,|||,|||,|||,|||,|||,|||,|||,|||
80.82.77.139,80.82.77.139,00000000000000000000000000000000000000000000000000000000000000,|||,|||,|||,|||,|||,|||,|||,|||,|||,|||
43.154.145.26,43.154.145.26,00000000000000000000000000000000000000000000000000000000000000,|||,|||,|||,|||,|||,|||,|||,|||,|||,|||
79.172.212.132,79.172.212.132,00000000000000000000000000000000000000000000000000000000000000,|||,|||,|||,|||,|||,|||,|||,|||,|||,|||
42.192.226.149,42.192.226.149,00000000000000000000000000000000000000000000000000000000000000,|||,|||,|||,|||,|||,|||,|||,|||,|||,|||
42.245.196.144,42.245.196.144,00000000000000000000000000000000000000000000000000000000000000,|||,|||,|||,|||,|||,|||,|||,|||,|||,|||
77.243.181.54,77.243.181.54,00000000000000000000000000000000000000000000000000000000000000,|||,|||,|||,|||,|||,|||,|||,|||,|||,|||
79.124.62.201,79.124.62.201,00000000000000000000000000000000000000000000000000000000000000,|||,|||,|||,|||,|||,|||,|||,|||,|||,|||
80.85.86.31,80.85.86.31,00000000000000000000000000000000000000000000000000000000000000,|||,|||,|||,|||,|||,|||,|||,|||,|||,|||
79.124.62.130,79.124.62.130,00000000000000000000000000000000000000000000000000000000000000,|||,|||,|||,|||,|||,|||,|||,|||,|||,|||
78.189.203.92,78.189.203.92,00000000000000000000000000000000000000000000000000000000000000,|||,|||,|||,|||,|||,|||,|||,|||,|||,|||
60.10.138.2,60.10.138.2,00000000000000000000000000000000000000000000000000000000000000,|||,|||,|||,|||,|||,|||,|||,|||,|||,|||
79.11.74.225,79.11.74.225,00000000000000000000000000000000000000000000000000000000000000,|||,|||,|||,|||,|||,|||,|||,|||,|||,|||
78.188.64.109,78.188.64.109,00000000000000000000000000000000000000000000000000000000000000,|||,|||,|||,|||,|||,|||,|||,|||,|||,|||
77.72.131.107,77.72.131.107,26d26d16d26d26d22c26d26d26d26dd7fc4c7c6ef19b77a4ca0787979cdc13,c028|0303||ff01,c028|0303||ff01,009f|0303||ff01,c028|0303||ff01,c028|0303||ff01,c014|0302||ff01,c028|0303||ff01,c028|0303||ff01,c028|0303||ff01,c028|0303||ff01
43.154.146.80,43.154.146.80,00000000000000000000000000000000000000000000000000000000000000,|||,|||,|||,|||,|||,|||,|||,|||,|||,|||
79.172.40.94,79.172.40.94,00000000000000000000000000000000000000000000000000000000000000,|||,|||,|||,|||,|||,|||,|||,|||,|||,|||
42.192.134.186,42.192.134.186,00000000000000000000000000000000000000000000000000000000000000,|||,|||,|||,|||,|||,|||,|||,|||,|||,|||
43.131.66.209,43.131.66.209,00000000000000000000000000000000000000000000000000000000000000,|||,|||,|||,|||,|||,|||,|||,|||,|||,|||
77.94.175.116,77.94.175.116,00000000000000000000000000000000000000000000000000000000000000,|||,|||,|||,|||,|||,|||,|||,|||,|||,|||
81.10.77.235,81.10.77.235,00000000000000000000000000000000000000000000000000000000000000,|||,|||,|||,|||,|||,|||,|||,|||,|||,|||
45.10.175.107,45.10.175.107,00000000000000000000000000000000000000000000000000000000000000,|||,|||,|||,|||,|||,|||,|||,|||,|||,|||
43.154.144.143,43.154.144.143,00000000000000000000000000000000000000000000000000000000000000,|||,|||,|||,|||,|||,|||,|||,|||,|||,|||
43.154.145.214,43.154.145.214,00000000000000000000000000000000000000000000000000000000000000,|||,|||,|||,|||,|||,|||,|||,|||,|||,|||
42.230.159.223,42.230.159.223,00000000000000000000000000000000000000000000000000000000000000,|||,|||,|||,|||,|||,|||,|||,|||,|||,|||
43.240.23.108,43.240.23.108,00000000000000000000000000000000000000000000000000000000000000,|||,|||,|||,|||,|||,|||,|||,|||,|||,|||
45.124.84.253,45.124.84.253,00000000000000000000000000000000000000000000000000000000000000,|||,|||,|||,|||,|||,|||,|||,|||,|||,|||
43.154.177.140,43.154.177.140,00000000000000000000000000000000000000000000000000000000000000,|||,|||,|||,|||,|||,|||,|||,|||,|||,|||
81.196.253.192,81.196.253.192,00000000000000000000000000000000000000000000000000000000000000,|||,|||,|||,|||,|||,|||,|||,|||,|||,|||
43.251.81.77,43.251.81.77,00000000000000000000000000000000000000000000000000000000000000,|||,|||,|||,|||,|||,|||,|||,|||,|||,|||
43.154.140.14,43.154.140.14,00000000000000000000000000000000000000000000000000000000000000,|||,|||,|||,|||,|||,|||,|||,|||,|||,|||
43.154.1.155,43.154.1.155,00000000000000000000000000000000000000000000000000000000000000,|||,|||,|||,|||,|||,|||,|||,|||,|||,|||
43.239.121.143,43.239.121.143,00000000000000000000000000000000000000000000000000000000000000,|||,|||,|||,|||,|||,|||,|||,|||,|||,|||
43.154.140.93,43.154.140.93,00000000000000000000000000000000000000000000000000000000000000,|||,|||,|||,|||,|||,|||,|||,|||,|||,|||
42.240.135.203,42.240.135.203,00000000000000000000000000000000000000000000000000000000000000,|||,|||,|||,|||,|||,|||,|||,|||,|||,|||
45.10.175.80,45.10.175.80,00000000000000000000000000000000000000000000000000000000000000,|||,|||,|||,|||,|||,|||,|||,|||,|||,|||
41.63.181.242,41.63.181.242,00000000000000000000000000000000000000000000000000000000000000,|||,|||,|||,|||,|||,|||,|||,|||,|||,|||
77.42.229.131,77.42.229.131,00000000000000000000000000000000000000000000000000000000000000,|||,|||,|||,|||,|||,|||,|||,|||,|||,|||
80.66.76.97,80.66.76.97,00000000000000000000000000000000000000000000000000000000000000,|||,|||,|||,|||,|||,|||,|||,|||,|||,|||
78.188.99.33,78.188.99.33,00000000000000000000000000000000000000000000000000000000000000,|||,|||,|||,|||,|||,|||,|||,|||,|||,|||
77.21.214.140,77.21.214.140,2ad2ad16d2ad2ad22c42d42d000000dc2b105e4dda975fa70719c0cae5d0ce,c030|0303||ff01-0000-0001-000b-0023-0017,c030|0303||ff01-0000-0001-000b-0023-0017,009f|0303||ff01-0000-0001-0023-0017,c030|0303||ff01-0000-0001-000b-0023-0017,c030|0303||ff01-0000-0001-000b-0023-0017,c014|0302||ff01-0000-0001-000b-0023-0017,1302|0303||002b-0033,1302|0303||002b-0033,|||,|||
78.193.218.160,78.193.218.160,00000000000000000000000000000000000000000000000000000000000000,|||,|||,|||,|||,|||,|||,|||,|||,|||,|||
79.140.30.237,79.140.30.237,00000000000000000000000000000000000000000000000000000000000000,|||,|||,|||,|||,|||,|||,|||,|||,|||,|||
72.167.32.184,72.167.32.184,29d29d15d29d29d21c42d42d000000e2ffebd7267034f6a05220d636ee4e2e,c02f|0303|http/1.1|ff01-0000-0001-000b-0023-0010-0017,c02f|0303|http/1.1|ff01-0000-0001-000b-0023-0010-0017,009e|0303|http/1.1|ff01-0000-0001-0023-0010-0017,c02f|0303||ff01-0000-0001-000b-0023-0017,c02f|0303||ff01-0000-0001-000b-0023-0017,c013|0302|http/1.1|ff01-0000-0001-000b-0023-0010-0017,1302|0303||002b-0033,1302|0303||002b-0033,|||,|||
78.189.203.231,78.189.203.231,00000000000000000000000000000000000000000000000000000000000000,|||,|||,|||,|||,|||,|||,|||,|||,|||,|||
43.155.102.117,43.155.102.117,00000000000000000000000000000000000000000000000000000000000000,|||,|||,|||,|||,|||,|||,|||,|||,|||,|||
82.118.21.140,82.118.21.140,00000000000000000000000000000000000000000000000000000000000000,|||,|||,|||,|||,|||,|||,|||,|||,|||,|||
60.6.218.23,60.6.218.23,00000000000000000000000000000000000000000000000000000000000000,|||,|||,|||,|||,|||,|||,|||,|||,|||,|||
43.130.11.228,43.130.11.228,00000000000000000000000000000000000000000000000000000000000000,|||,|||,|||,|||,|||,|||,|||,|||,|||,|||
78.9.137.147,78.9.137.147,00000000000000000000000000000000000000000000000000000000000000,|||,|||,|||,|||,|||,|||,|||,|||,|||,|||
81.214.24.99,81.214.24.99,00000000000000000000000000000000000000000000000000000000000000,|||,|||,|||,|||,|||,|||,|||,|||,|||,|||
43.154.84.154,43.154.84.154,00000000000000000000000000000000000000000000000000000000000000,|||,|||,|||,|||,|||,|||,|||,|||,|||,|||
43.129.36.145,43.129.36.145,00000000000000000000000000000000000000000000000000000000000000,|||,|||,|||,|||,|||,|||,|||,|||,|||,|||
43.231.0.141,43.231.0.141,00000000000000000000000000000000000000000000000000000000000000,|||,|||,|||,|||,|||,|||,|||,|||,|||,|||
78.140.37.225,78.140.37.225,00000000000000000000000000000000000000000000000000000000000000,|||,|||,|||,|||,|||,|||,|||,|||,|||,|||
45.128.53.8,45.128.53.8,00000000000000000000000000000000000000000000000000000000000000,|||,|||,|||,|||,|||,|||,|||,|||,|||,|||
45.127.99.157,45.127.99.157,00000000000000000000000000000000000000000000000000000000000000,|||,|||,|||,|||,|||,|||,|||,|||,|||,|||
45.143.201.70,45.143.201.70,00000000000000000000000000000000000000000000000000000000000000,|||,|||,|||,|||,|||,|||,|||,|||,|||,|||
43.155.67.186,43.155.67.186,00000000000000000000000000000000000000000000000000000000000000,|||,|||,|||,|||,|||,|||,|||,|||,|||,|||
43.154.132.175,43.154.132.175,00000000000000000000000000000000000000000000000000000000000000,|||,|||,|||,|||,|||,|||,|||,|||,|||,|||
42.82.224.74,42.82.224.74,00000000000000000000000000000000000000000000000000000000000000,|||,|||,|||,|||,|||,|||,|||,|||,|||,|||
43.239.120.242,43.239.120.242,00000000000000000000000000000000000000000000000000000000000000,|||,|||,|||,|||,|||,|||,|||,|||,|||,|||
71.136.143.216,71.136.143.216,04b02b00004b04b04b04b02b04b04b9674c6b4e623ae36cc2d998e99e2262e,000a|0301||ff01-0023,0005|0301||ff01-0023,|||,000a|0301||ff01-0023,000a|0301||ff01-0023,000a|0301||ff01-0023,000a|0301||ff01-0023,0005|0301||ff01-0023,000a|0301||ff01-0023,000a|0301||ff01-0023
79.143.31.110,79.143.31.110,29d3fd00029d29d00042d43d0000008aec5bb03750a1d7eddfa29fb2d1deea,c02f|0303|http/1.1|ff01-0000-0001-000b-0010-0017,cca8|0303|http/1.1|ff01-0000-0001-000b-0010-0017,|||,c02f|0303||ff01-0000-0001-000b-0017,c02f|0303||ff01-0000-0001-000b-0017,|||,1302|0303||002b-0033,1303|0303||002b-0033,|||,|||
76.169.86.218,76.169.86.218,00000000000000000000000000000000000000000000000000000000000000,|||,|||,|||,|||,|||,|||,|||,|||,|||,|||
78.39.200.221,78.39.200.221,00000000000000000000000000000000000000000000000000000000000000,|||,|||,|||,|||,|||,|||,|||,|||,|||,|||
43.155.74.159,43.155.74.159,00000000000000000000000000000000000000000000000000000000000000,|||,|||,|||,|||,|||,|||,|||,|||,|||,|||
43.129.234.104,43.129.234.104,00000000000000000000000000000000000000000000000000000000000000,|||,|||,|||,|||,|||,|||,|||,|||,|||,|||
43.129.33.99,43.129.33.99,00000000000000000000000000000000000000000000000000000000000000,|||,|||,|||,|||,|||,|||,|||,|||,|||,|||
43.247.180.118,43.247.180.118,00000000000000000000000000000000000000000000000000000000000000,|||,|||,|||,|||,|||,|||,|||,|||,|||,|||
43.228.126.198,43.228.126.198,00000000000000000000000000000000000000000000000000000000000000,|||,|||,|||,|||,|||,|||,|||,|||,|||,|||
81.171.9.209,81.171.9.209,15d3fd16d29d29d00042d43d000000fbc10435df141b3459e26f69e76d5947,009e|0303|h2|ff01-0000-0001-0010-0017,cca8|0303|h2|ff01-0000-0001-000b-0010-0017,009f|0303|h2|ff01-0000-0001-0010-0017,c02f|0303||ff01-0000-0001-000b-0017,c02f|0303||ff01-0000-0001-000b-0017,|||,1302|0303||002b-0033,1303|0303||002b-0033,|||,|||
43.248.189.178,43.248.189.178,00000000000000000000000000000000000000000000000000000000000000,|||,|||,|||,|||,|||,|||,|||,|||,|||,|||
43.254.240.34,43.254.240.34,00000000000000000000000000000000000000000000000000000000000000,|||,|||,|||,|||,|||,|||,|||,|||,|||,|||
81.171.9.199,81.171.9.199,15d3fd16d29d29d00042d43d000000fbc10435df141b3459e26f69e76d5947,009e|0303|h2|ff01-0000-0001-0010-0017,cca8|0303|h2|ff01-0000-0001-000b-0010-0017,009f|0303|h2|ff01-0000-0001-0010-0017,c02f|0303||ff01-0000-0001-000b-0017,c02f|0303||ff01-0000-0001-000b-0017,|||,1302|0303||002b-0033,1303|0303||002b-0033,|||,|||
78.67.232.104,78.67.232.104,00000000000000000000000000000000000000000000000000000000000000,|||,|||,|||,|||,|||,|||,|||,|||,|||,|||
77.73.68.175,77.73.68.175,00000000000000000000000000000000000000000000000000000000000000,|||,|||,|||,|||,|||,|||,|||,|||,|||,|||
77.32.103.49,77.32.103.49,00000000000000000000000000000000000000000000000000000000000000,|||,|||,|||,|||,|||,|||,|||,|||,|||,|||
45.12.134.5,45.12.134.5,00000000000000000000000000000000000000000000000000000000000000,|||,|||,|||,|||,|||,|||,|||,|||,|||,|||
81.193.52.3,81.193.52.3,00000000000000000000000000000000000000000000000000000000000000,|||,|||,|||,|||,|||,|||,|||,|||,|||,|||
45.137.23.252,45.137.23.252,00000000000000000000000000000000000000000000000000000000000000,|||,|||,|||,|||,|||,|||,|||,|||,|||,|||
59.110.214.16,59.110.214.16,07d2ad16d21d21d00042d41d00041d47e4e0ae17960b2a5b4fd6107fbb0926,0033|0303||0001-0017-ff01,c030|0303||0001-0017-ff01,009f|0303||0001-0017-ff01,c013|0303||0001-0017-ff01,c013|0303||0001-0017-ff01,|||,1302|0303||002b-002c-0033,1301|0303||002b-002c-0033,|||,1301|0303||002b-002c-0033
62.47.223.154,62.47.223.154,29d29d00029d29d21c29d29d29d29d4d38a7b5ffb0e5536d09513d9de81205,c02f|0303||ff01-000b-0023,c02f|0303||ff01-000b-0023,|||,c02f|0303||ff01-000b-0023,c02f|0303||ff01-000b-0023,c013|0302||ff01-000b-0023,c02f|0303||ff01-000b-0023,c02f|0303||ff01-000b-0023,c02f|0303||ff01-000b-0023,c02f|0303||ff01-000b-0023
43.248.77.132,43.248.77.132,00000000000000000000000000000000000000000000000000000000000000,|||,|||,|||,|||,|||,|||,|||,|||,|||,|||
45.127.98.237,45.127.98.237,00000000000000000000000000000000000000000000000000000000000000,|||,|||,|||,|||,|||,|||,|||,|||,|||,|||
43.252.228.105,43.252.228.105,00000000000000000000000000000000000000000000000000000000000000,|||,|||,|||,|||,|||,|||,|||,|||,|||,|||
45.127.98.179,45.127.98.179,00000000000000000000000000000000000000000000000000000000000000,|||,|||,|||,|||,|||,|||,|||,|||,|||,|||
43.131.91.178,43.131.91.178,00000000000000000000000000000000000000000000000000000000000000,|||,|||,|||,|||,|||,|||,|||,|||,|||,|||
45.126.122.16,45.126.122.16,00000000000000000000000000000000000000000000000000000000000000,|||,|||,|||,|||,|||,|||,|||,|||,|||,|||
45.162.37.83,45.162.37.83,00000000000000000000000000000000000000000000000000000000000000,|||,|||,|||,|||,|||,|||,|||,|||,|||,|||
45.143.201.67,45.143.201.67,00000000000000000000000000000000000000000000000000000000000000,|||,|||,|||,|||,|||,|||,|||,|||,|||,|||
45.180.151.24,45.180.151.24,00000000000000000000000000000000000000000000000000000000000000,|||,|||,|||,|||,|||,|||,|||,|||,|||,|||
45.143.201.64,45.143.201.64,00000000000000000000000000000000000000000000000000000000000000,|||,|||,|||,|||,|||,|||,|||,|||,|||,|||
45.134.23.251,45.134.23.251,00000000000000000000000000000000000000000000000000000000000000,|||,|||,|||,|||,|||,|||,|||,|||,|||,|||
45.155.205.218,45.155.205.218,00000000000000000000000000000000000000000000000000000000000000,|||,|||,|||,|||,|||,|||,|||,|||,|||,|||
74.196.30.121,74.196.30.121,08d08d00008d08d08c08d08d08d08d9674c6b4e623ae36cc2d998e99e2262e,0035|0303||ff01-0023,0035|0303||ff01-0023,|||,0035|0303||ff01-0023,0035|0303||ff01-0023,0035|0302||ff01-0023,0035|0303||ff01-0023,0035|0303||ff01-0023,0035|0303||ff01-0023,0035|0303||ff01-0023
45.11.92.164,45.11.92.164,00000000000000000000000000000000000000000000000000000000000000,|||,|||,|||,|||,|||,|||,|||,|||,|||,|||
45.143.201.65,45.143.201.65,00000000000000000000000000000000000000000000000000000000000000,|||,|||,|||,|||,|||,|||,|||,|||,|||,|||
45.143.201.66,45.143.201.66,00000000000000000000000000000000000000000000000000000000000000,|||,|||,|||,|||,|||,|||,|||,|||,|||,|||
45.234.87.193,45.234.87.193,00000000000000000000000000000000000000000000000000000000000000,|||,|||,|||,|||,|||,|||,|||,|||,|||,|||
81.22.103.129,81.22.103.129,00000000000000000000000000000000000000000000000000000000000000,|||,|||,|||,|||,|||,|||,|||,|||,|||,|||
79.56.15.46,79.56.15.46,00000000000000000000000000000000000000000000000000000000000000,|||,|||,|||,|||,|||,|||,|||,|||,|||,|||
80.87.76.38,80.87.76.38,00000000000000000000000000000000000000000000000000000000000000,|||,|||,|||,|||,|||,|||,|||,|||,|||,|||
45.182.41.5,45.182.41.5,00000000000000000000000000000000000000000000000000000000000000,|||,|||,|||,|||,|||,|||,|||,|||,|||,|||
45.228.101.212,45.228.101.212,00000000000000000000000000000000000000000000000000000000000000,|||,|||,|||,|||,|||,|||,|||,|||,|||,|||
45.225.194.54,45.225.194.54,00000000000000000000000000000000000000000000000000000000000000,|||,|||,|||,|||,|||,|||,|||,|||,|||,|||
45.143.201.69,45.143.201.69,00000000000000000000000000000000000000000000000000000000000000,|||,|||,|||,|||,|||,|||,|||,|||,|||,|||
43.154.149.179,43.154.149.179,00000000000000000000000000000000000000000000000000000000000000,|||,|||,|||,|||,|||,|||,|||,|||,|||,|||
80.253.246.89,80.253.246.89,00000000000000000000000000000000000000000000000000000000000000,|||,|||,|||,|||,|||,|||,|||,|||,|||,|||
45.155.204.187,45.155.204.187,00000000000000000000000000000000000000000000000000000000000000,|||,|||,|||,|||,|||,|||,|||,|||,|||,|||
45.143.200.58,45.143.200.58,00000000000000000000000000000000000000000000000000000000000000,|||,|||,|||,|||,|||,|||,|||,|||,|||,|||
45.147.229.194,45.147.229.194,00000000000000000000000000000000000000000000000000000000000000,|||,|||,|||,|||,|||,|||,|||,|||,|||,|||
45.127.186.21,45.127.186.21,00000000000000000000000000000000000000000000000000000000000000,|||,|||,|||,|||,|||,|||,|||,|||,|||,|||
45.143.200.18,45.143.200.18,00000000000000000000000000000000000000000000000000000000000000,|||,|||,|||,|||,|||,|||,|||,|||,|||,|||
45.141.36.149,45.141.36.149,00000000000000000000000000000000000000000000000000000000000000,|||,|||,|||,|||,|||,|||,|||,|||,|||,|||
45.124.84.114,45.124.84.114,00000000000000000000000000000000000000000000000000000000000000,|||,|||,|||,|||,|||,|||,|||,|||,|||,|||
45.165.225.212,45.165.225.212,00000000000000000000000000000000000000000000000000000000000000,|||,|||,|||,|||,|||,|||,|||,|||,|||,|||
45.181.205.245,45.181.205.245,00000000000000000000000000000000000000000000000000000000000000,|||,|||,|||,|||,|||,|||,|||,|||,|||,|||
45.143.201.62,45.143.201.62,00000000000000000000000000000000000000000000000000000000000000,|||,|||,|||,|||,|||,|||,|||,|||,|||,|||
45.144.225.46,45.144.225.46,00000000000000000000000000000000000000000000000000000000000000,|||,|||,|||,|||,|||,|||,|||,|||,|||,|||
45.143.201.63,45.143.201.63,00000000000000000000000000000000000000000000000000000000000000,|||,|||,|||,|||,|||,|||,|||,|||,|||,|||
77.88.110.122,77.88.110.122,08d08d00008d08d08c08d08d08d08d9674c6b4e623ae36cc2d998e99e2262e,0035|0303||ff01-0023,0035|0303||ff01-0023,|||,0035|0303||ff01-0023,0035|0303||ff01-0023,0035|0302||ff01-0023,0035|0303||ff01-0023,0035|0303||ff01-0023,0035|0303||ff01-0023,0035|0303||ff01-0023
45.166.100.79,45.166.100.79,00000000000000000000000000000000000000000000000000000000000000,|||,|||,|||,|||,|||,|||,|||,|||,|||,|||
45.115.236.210,45.115.236.210,00000000000000000000000000000000000000000000000000000000000000,|||,|||,|||,|||,|||,|||,|||,|||,|||,|||
82.62.171.74,82.62.171.74,00000000000000000000000000000000000000000000000000000000000000,|||,|||,|||,|||,|||,|||,|||,|||,|||,|||
45.143.201.68,45.143.201.68,00000000000000000000000000000000000000000000000000000000000000,|||,|||,|||,|||,|||,|||,|||,|||,|||,|||
78.84.37.60,78.84.37.60,00000000000000000000000000000000000000000000000000000000000000,|||,|||,|||,|||,|||,|||,|||,|||,|||,|||
60.205.219.178,60.205.219.178,00000000000000000000000000000000000000000000000000000000000000,|||,|||,|||,|||,|||,|||,|||,|||,|||,|||
79.111.12.253,79.111.12.253,2ad2ad0002ad2ad22c2ad2ad2ad2adce7a321e4956e8298ba917e9f2c22849,c030|0303|http/1.1|ff01-0001-000b-0023-0010-0017,c030|0303|http/1.1|ff01-0001-000b-0023-0010-0017,|||,c030|0303||ff01-0001-000b-0023-0017,c030|0303||ff01-0001-000b-0023-0017,c014|0302|http/1.1|ff01-0001-000b-0023-0010-0017,c030|0303|http/1.1|ff01-0001-000b-0023-0010-0017,c030|0303|http/1.1|ff01-0001-000b-0023-0010-0017,c030|0303|http/1.1|ff01-0001-000b-0023-0010-0017,c030|0303|http/1.1|ff01-0001-000b-0023-0010-0017
68.183.224.113,68.183.224.113,15d3fd16d29d29d00042d43d0000009ec686233a4398bea334ba5e62e34a01,009e|0303|http/1.1|ff01-0001-0023-0010-0017,cca8|0303|http/1.1|ff01-0001-000b-0023-0010-0017,009f|0303|http/1.1|ff01-0001-0023-0010-0017,c02f|0303|http/1.1|ff01-0001-000b-0023-0010-0017,c02f|0303|http/1.1|ff01-0001-000b-0023-0010-0017,|||,1302|0303||002b-0033,1303|0303||002b-0033,|||,|||
68.183.188.159,68.183.188.159,3fd3fd15d3fd3fd21c42d42d0000006f254909a73bf62f6b28507e9fb451b5,cca8|0303|http/1.1|ff01-0001-000b-0023-0010-0017,cca8|0303|http/1.1|ff01-0001-000b-0023-0010-0017,009e|0303|http/1.1|ff01-0001-0023-0010-0017,cca8|0303|http/1.1|ff01-0001-000b-0023-0010-0017,cca8|0303|http/1.1|ff01-0001-000b-0023-0010-0017,c013|0302|http/1.1|ff01-0001-000b-0023-0010-0017,1302|0303||002b-0033,1302|0303||002b-0033,|||,|||
80.89.151.114,80.89.151.114,00000000000000000000000000000000000000000000000000000000000000,|||,|||,|||,|||,|||,|||,|||,|||,|||,|||
82.196.10.151,82.196.10.151,00000000000000000000000000000000000000000000000000000000000000,|||,|||,|||,|||,|||,|||,|||,|||,|||,|||
45.134.144.124,45.134.144.124,00000000000000000000000000000000000000000000000000000000000000,|||,|||,|||,|||,|||,|||,|||,|||,|||,|||
43.254.45.124,43.254.45.124,00000000000000000000000000000000000000000000000000000000000000,|||,|||,|||,|||,|||,|||,|||,|||,|||,|||
45.155.204.250,45.155.204.250,00000000000000000000000000000000000000000000000000000000000000,|||,|||,|||,|||,|||,|||,|||,|||,|||,|||
81.177.136.51,81.177.136.51,29d29d15d29d29d00042d42d0000005a20e7c153f1c1aa366f0402acd95cf4,c02f|0303|h2|ff01-0001-000b-0023-0010-0017,c02f|0303|h2|ff01-0001-000b-0023-0010-0017,009e|0303|h2|ff01-0001-0023-0010-0017,c02f|0303||ff01-0001-000b-0023-0017,c02f|0303||ff01-0001-000b-0023-0017,|||,1302|0303||002b-0033,1302|0303||002b-0033,|||,|||
78.188.36.197,78.188.36.197,00000000000000000000000000000000000000000000000000000000000000,|||,|||,|||,|||,|||,|||,|||,|||,|||,|||
69.63.68.195,69.63.68.195,00000000000000000000000000000000000000000000000000000000000000,|||,|||,|||,|||,|||,|||,|||,|||,|||,|||
83.11.221.86,83.11.221.86,00000000000000000000000000000000000000000000000000000000000000,|||,|||,|||,|||,|||,|||,|||,|||,|||,|||
42.192.222.181,42.192.222.181,00000000000000000000000000000000000000000000000000000000000000,|||,|||,|||,|||,|||,|||,|||,|||,|||,|||
45.207.31.122,45.207.31.122,00000000000000000000000000000000000000000000000000000000000000,|||,|||,|||,|||,|||,|||,|||,|||,|||,|||
45.157.235.225,45.157.235.225,00000000000000000000000000000000000000000000000000000000000000,|||,|||,|||,|||,|||,|||,|||,|||,|||,|||
80.210.58.250,80.210.58.250,00000000000000000000000000000000000000000000000000000000000000,|||,|||,|||,|||,|||,|||,|||,|||,|||,|||
77.238.111.32,77.238.111.32,29d29d15d29d29d00029d29d29d29dc821ba2da5961bed79f7bc8b1ab89dd1,c02f|0303|h2|ff01-0001-000b-0023-0010-0017,c02f|0303|h2|ff01-0001-000b-0023-0010-0017,009e|0303|h2|ff01-0001-0023-0010-0017,c02f|0303||ff01-0001-000b-0023-0017,c02f|0303||ff01-0001-000b-0023-0017,|||,c02f|0303|h2|ff01-0001-000b-0023-0010-0017,c02f|0303|h2|ff01-0001-000b-0023-0010-0017,c02f|0303|h2|ff01-0001-000b-0023-0010-0017,c02f|0303|h2|ff01-0001-000b-0023-0010-0017
84.238.113.12,84.238.113.12,00000000000000000000000000000000000000000000000000000000000000,|||,|||,|||,|||,|||,|||,|||,|||,|||,|||
45.238.36.35,45.238.36.35,00000000000000000000000000000000000000000000000000000000000000,|||,|||,|||,|||,|||,|||,|||,|||,|||,|||
42.192.95.160,42.192.95.160,00000000000000000000000000000000000000000000000000000000000000,|||,|||,|||,|||,|||,|||,|||,|||,|||,|||
83.191.164.229,83.191.164.229,00000000000000000000000000000000000000000000000000000000000000,|||,|||,|||,|||,|||,|||,|||,|||,|||,|||
79.114.0.52,79.114.0.52,00000000000000000000000000000000000000000000000000000000000000,|||,|||,|||,|||,|||,|||,|||,|||,|||,|||
78.188.150.98,78.188.150.98,00000000000000000000000000000000000000000000000000000000000000,|||,|||,|||,|||,|||,|||,|||,|||,|||,|||
84.195.240.176,84.195.240.176,00000000000000000000000000000000000000000000000000000000000000,|||,|||,|||,|||,|||,|||,|||,|||,|||,|||
82.76.105.125,82.76.105.125,00000000000000000000000000000000000000000000000000000000000000,|||,|||,|||,|||,|||,|||,|||,|||,|||,|||
45.191.79.210,45.191.79.210,00000000000000000000000000000000000000000000000000000000000000,|||,|||,|||,|||,|||,|||,|||,|||,|||,|||
85.187.115.60,85.187.115.60,00000000000000000000000000000000000000000000000000000000000000,|||,|||,|||,|||,|||,|||,|||,|||,|||,|||
82.62.66.70,82.62.66.70,00000000000000000000000000000000000000000000000000000000000000,|||,|||,|||,|||,|||,|||,|||,|||,|||,|||
45.166.107.16,45.166.107.16,00000000000000000000000000000000000000000000000000000000000000,|||,|||,|||,|||,|||,|||,|||,|||,|||,|||
85.195.97.201,85.195.97.201,00000000000000000000000000000000000000000000000000000000000000,|||,|||,|||,|||,|||,|||,|||,|||,|||,|||
45.43.63.6,45.43.63.6,00000000000000000000000000000000000000000000000000000000000000,|||,|||,|||,|||,|||,|||,|||,|||,|||,|||
45.191.232.132,45.191.232.132,00000000000000000000000000000000000000000000000000000000000000,|||,|||,|||,|||,|||,|||,|||,|||,|||,|||
45.175.29.238,45.175.29.238,00000000000000000000000000000000000000000000000000000000000000,|||,|||,|||,|||,|||,|||,|||,|||,|||,|||
82.221.105.7,82.221.105.7,00000000000000000000000000000000000000000000000000000000000000,|||,|||,|||,|||,|||,|||,|||,|||,|||,|||
82.208.151.125,82.208.151.125,00000000000000000000000000000000000000000000000000000000000000,|||,|||,|||,|||,|||,|||,|||,|||,|||,|||
84.212.221.58,84.212.221.58,00000000000000000000000000000000000000000000000000000000000000,|||,|||,|||,|||,|||,|||,|||,|||,|||,|||
84.246.85.42,84.246.85.42,00000000000000000000000000000000000000000000000000000000000000,|||,|||,|||,|||,|||,|||,|||,|||,|||,|||
78.189.139.133,78.189.139.133,00000000000000000000000000000000000000000000000000000000000000,|||,|||,|||,|||,|||,|||,|||,|||,|||,|||
82.76.229.229,82.76.229.229,00000000000000000000000000000000000000000000000000000000000000,|||,|||,|||,|||,|||,|||,|||,|||,|||,|||
78.39.200.219,78.39.200.219,07d0bd0fd21d21d07c42d43d0000009424803a662b126a748cf4f90707a33c,0033|0303|http/1.1|ff01-0001-0023-0010-0017,003d|0303|http/1.1|ff01-0001-0023-0010-0017,006b|0303|http/1.1|ff01-0001-0023-0010-0017,c013|0303|http/1.1|ff01-0001-000b-0023-0010-0017,c013|0303|http/1.1|ff01-0001-000b-0023-0010-0017,0033|0302|http/1.1|ff01-0001-0023-0010-0017,1302|0303||002b-0033,1303|0303||002b-0033,|||,|||
83.229.82.155,83.229.82.155,00000000000000000000000000000000000000000000000000000000000000,|||,|||,|||,|||,|||,|||,|||,|||,|||,|||
82.77.183.85,82.77.183.85,00000000000000000000000000000000000000000000000000000000000000,|||,|||,|||,|||,|||,|||,|||,|||,|||,|||
83.86.1.137,83.86.1.137,00000000000000000000000000000000000000000000000000000000000000,|||,|||,|||,|||,|||,|||,|||,|||,|||,|||
45.42.13.123,45.42.13.123,00000000000000000000000000000000000000000000000000000000000000,|||,|||,|||,|||,|||,|||,|||,|||,|||,|||
85.195.83.138,85.195.83.138,00000000000000000000000000000000000000000000000000000000000000,|||,|||,|||,|||,|||,|||,|||,|||,|||,|||
45.61.186.222,45.61.186.222,00000000000000000000000000000000000000000000000000000000000000,|||,|||,|||,|||,|||,|||,|||,|||,|||,|||
79.190.144.158,79.190.144.158,00000000000000000000000000000000000000000000000000000000000000,|||,|||,|||,|||,|||,|||,|||,|||,|||,|||
45.77.188.221,45.77.188.221,00000000000000000000000000000000000000000000000000000000000000,|||,|||,|||,|||,|||,|||,|||,|||,|||,|||
82.221.105.6,82.221.105.6,00000000000000000000000000000000000000000000000000000000000000,|||,|||,|||,|||,|||,|||,|||,|||,|||,|||
82.81.108.50,82.81.108.50,00000000000000000000000000000000000000000000000000000000000000,|||,|||,|||,|||,|||,|||,|||,|||,|||,|||
84.205.30.65,84.205.30.65,00000000000000000000000000000000000000000000000000000000000000,|||,|||,|||,|||,|||,|||,|||,|||,|||,|||
85.202.169.113,85.202.169.113,00000000000000000000000000000000000000000000000000000000000000,|||,|||,|||,|||,|||,|||,|||,|||,|||,|||
66.181.165.166,66.181.165.166,26d26d16d26d26d22c26d26d26d26dd7fc4c7c6ef19b77a4ca0787979cdc13,c028|0303||ff01,c028|0303||ff01,009f|0303||ff01,c028|0303||ff01,c028|0303||ff01,c014|0302||ff01,c028|0303||ff01,c028|0303||ff01,c028|0303||ff01,c028|0303||ff01
45.72.194.251,45.72.194.251,00000000000000000000000000000000000000000000000000000000000000,|||,|||,|||,|||,|||,|||,|||,|||,|||,|||
82.77.147.135,82.77.147.135,08d08d00008d08d08c08d08d08d08d9674c6b4e623ae36cc2d998e99e2262e,0035|0303||ff01-0023,0035|0303||ff01-0023,|||,0035|0303||ff01-0023,0035|0303||ff01-0023,0035|0302||ff01-0023,0035|0303||ff01-0023,0035|0303||ff01-0023,0035|0303||ff01-0023,0035|0303||ff01-0023
85.202.169.88,85.202.169.88,00000000000000000000000000000000000000000000000000000000000000,|||,|||,|||,|||,|||,|||,|||,|||,|||,|||
45.79.200.153,45.79.200.153,00000000000000000000000000000000000000000000000000000000000000,|||,|||,|||,|||,|||,|||,|||,|||,|||,|||
82.102.173.68,82.102.173.68,00000000000000000000000000000000000000000000000000000000000000,|||,|||,|||,|||,|||,|||,|||,|||,|||,|||
85.115.105.253,85.115.105.253,00000000000000000000000000000000000000000000000000000000000000,|||,|||,|||,|||,|||,|||,|||,|||,|||,|||
82.81.62.127,82.81.62.127,00000000000000000000000000000000000000000000000000000000000000,|||,|||,|||,|||,|||,|||,|||,|||,|||,|||
84.17.46.3,84.17.46.3,05d02d20d21d20d05c05d02d05d20da01e52cd5e3f9306da4ac348a0fe7af8,0016|0303||0000-ff01,0005|0303||0000-ff01,c012|0303||0000-ff01-000b,c013|0303||0000-ff01-000b,c012|0303||0000-ff01-000b,0016|0302||0000-ff01,0016|0303||0000-ff01,0005|0303||0000-ff01,0016|0303||0000-ff01,c012|0303||0000-ff01-000b
45.44.228.195,45.44.228.195,00000000000000000000000000000000000000000000000000000000000000,|||,|||,|||,|||,|||,|||,|||,|||,|||,|||
1.116.28.34,1.116.28.34,00000000000000000000000000000000000000000000000000000000000000,|||,|||,|||,|||,|||,|||,|||,|||,|||,|||
45.43.54.43,45.43.54.43,00000000000000000000000000000000000000000000000000000000000000,|||,|||,|||,|||,|||,|||,|||,|||,|||,|||
45.50.4.102,45.50.4.102,00000000000000000000000000000000000000000000000000000000000000,|||,|||,|||,|||,|||,|||,|||,|||,|||,|||
84.215.180.128,84.215.180.128,00000000000000000000000000000000000000000000000000000000000000,|||,|||,|||,|||,|||,|||,|||,|||,|||,|||
46.101.243.108,46.101.243.108,00000000000000000000000000000000000000000000000000000000000000,|||,|||,|||,|||,|||,|||,|||,|||,|||,|||
85.105.137.24,85.105.137.24,00000000000000000000000000000000000000000000000000000000000000,|||,|||,|||,|||,|||,|||,|||,|||,|||,|||
45.79.67.140,45.79.67.140,00000000000000000000000000000000000000000000000000000000000000,|||,|||,|||,|||,|||,|||,|||,|||,|||,|||
83.147.123.30,83.147.123.30,00000000000000000000000000000000000000000000000000000000000000,|||,|||,|||,|||,|||,|||,|||,|||,|||,|||
82.77.155.186,82.77.155.186,08d08d00008d08d08c08d08d08d08d9674c6b4e623ae36cc2d998e99e2262e,0035|0303||ff01-0023,0035|0303||ff01-0023,|||,0035|0303||ff01-0023,0035|0303||ff01-0023,0035|0302||ff01-0023,0035|0303||ff01-0023,0035|0303||ff01-0023,0035|0303||ff01-0023,0035|0303||ff01-0023
45.61.186.172,45.61.186.172,00000000000000000000000000000000000000000000000000000000000000,|||,|||,|||,|||,|||,|||,|||,|||,|||,|||
81.68.131.116,81.68.131.116,00000000000000000000000000000000000000000000000000000000000000,|||,|||,|||,|||,|||,|||,|||,|||,|||,|||
45.79.104.118,45.79.104.118,00000000000000000000000000000000000000000000000000000000000000,|||,|||,|||,|||,|||,|||,|||,|||,|||,|||
45.55.65.92,45.55.65.92,00000000000000000000000000000000000000000000000000000000000000,|||,|||,|||,|||,|||,|||,|||,|||,|||,|||
83.243.215.72,83.243.215.72,00000000000000000000000000000000000000000000000000000000000000,|||,|||,|||,|||,|||,|||,|||,|||,|||,|||
81.68.212.201,81.68.212.201,00000000000000000000000000000000000000000000000000000000000000,|||,|||,|||,|||,|||,|||,|||,|||,|||,|||
45.79.56.25,45.79.56.25,00000000000000000000000000000000000000000000000000000000000000,|||,|||,|||,|||,|||,|||,|||,|||,|||,|||
47.95.35.97,47.95.35.97,07d10d11d21d21d07c07d10d07d21d4c24f9a1cf1df168bb1f7ed5d7f42ac8,0033|0303|http/1.1|ff01-0023-0010,0084|0303|http/1.1|ff01-0023-0010,0088|0303|http/1.1|ff01-0023-0010,c013|0303||ff01-000b-0023,c013|0303||ff01-000b-0023,0033|0302|http/1.1|ff01-0023-0010,0033|0303|http/1.1|ff01-0023-0010,0084|0303|http/1.1|ff01-0023-0010,0033|0303|http/1.1|ff01-0023-0010,c013|0303|http/1.1|ff01-000b-0023-0010
85.94.95.249,85.94.95.249,00000000000000000000000000000000000000000000000000000000000000,|||,|||,|||,|||,|||,|||,|||,|||,|||,|||
84.210.23.216,84.210.23.216,00000000000000000000000000000000000000000000000000000000000000,|||,|||,|||,|||,|||,|||,|||,|||,|||,|||
60.2.27.226,60.2.27.226,00000000000000000000000000000000000000000000000000000000000000,|||,|||,|||,|||,|||,|||,|||,|||,|||,|||
81.68.210.156,81.68.210.156,00000000000000000000000000000000000000000000000000000000000000,|||,|||,|||,|||,|||,|||,|||,|||,|||,|||
82.156.7.135,82.156.7.135,00000000000000000000000000000000000000000000000000000000000000,|||,|||,|||,|||,|||,|||,|||,|||,|||,|||
45.74.173.73,45.74.173.73,00000000000000000000000000000000000000000000000000000000000000,|||,|||,|||,|||,|||,|||,|||,|||,|||,|||
85.202.169.42,85.202.169.42,00000000000000000000000000000000000000000000000000000000000000,|||,|||,|||,|||,|||,|||,|||,|||,|||,|||
45.238.117.82,45.238.117.82,00000000000000000000000000000000000000000000000000000000000000,|||,|||,|||,|||,|||,|||,|||,|||,|||,|||
81.68.227.46,81.68.227.46,00000000000000000000000000000000000000000000000000000000000000,|||,|||,|||,|||,|||,|||,|||,|||,|||,|||
82.78.13.2,82.78.13.2,08d08d00008d08d08c08d08d08d08d9674c6b4e623ae36cc2d998e99e2262e,0035|0303||ff01-0023,0035|0303||ff01-0023,|||,0035|0303||ff01-0023,0035|0303||ff01-0023,0035|0302||ff01-0023,0035|0303||ff01-0023,0035|0303||ff01-0023,0035|0303||ff01-0023,0035|0303||ff01-0023
81.68.254.218,81.68.254.218,00000000000000000000000000000000000000000000000000000000000000,|||,|||,|||,|||,|||,|||,|||,|||,|||,|||
45.71.184.55,45.71.184.55,00000000000000000000000000000000000000000000000000000000000000,|||,|||,|||,|||,|||,|||,|||,|||,|||,|||
85.104.112.200,85.104.112.200,00000000000000000000000000000000000000000000000000000000000000,|||,|||,|||,|||,|||,|||,|||,|||,|||,|||
45.33.46.249,45.33.46.249,00000000000000000000000000000000000000000000000000000000000000,|||,|||,|||,|||,|||,|||,|||,|||,|||,|||
84.201.241.141,84.201.241.141,00000000000000000000000000000000000000000000000000000000000000,|||,|||,|||,|||,|||,|||,|||,|||,|||,|||
81.68.72.19,81.68.72.19,00000000000000000000000000000000000000000000000000000000000000,|||,|||,|||,|||,|||,|||,|||,|||,|||,|||
81.68.247.131,81.68.247.131,00000000000000000000000000000000000000000000000000000000000000,|||,|||,|||,|||,|||,|||,|||,|||,|||,|||
81.68.246.230,81.68.246.230,00000000000000000000000000000000000000000000000000000000000000,|||,|||,|||,|||,|||,|||,|||,|||,|||,|||
83.1.196.108,83.1.196.108,00000000000000000000000000000000000000000000000000000000000000,|||,|||,|||,|||,|||,|||,|||,|||,|||,|||
83.171.236.12,83.171.236.12,2ad2ad0002ad2ad22c2ad2ad2ad2adce7a321e4956e8298ba917e9f2c22849,c030|0303|http/1.1|ff01-0001-000b-0023-0010-0017,c030|0303|http/1.1|ff01-0001-000b-0023-0010-0017,|||,c030|0303||ff01-0001-000b-0023-0017,c030|0303||ff01-0001-000b-0023-0017,c014|0302|http/1.1|ff01-0001-000b-0023-0010-0017,c030|0303|http/1.1|ff01-0001-000b-0023-0010-0017,c030|0303|http/1.1|ff01-0001-000b-0023-0010-0017,c030|0303|http/1.1|ff01-0001-000b-0023-0010-0017,c030|0303|http/1.1|ff01-0001-000b-0023-0010-0017
81.69.20.155,81.69.20.155,00000000000000000000000000000000000000000000000000000000000000,|||,|||,|||,|||,|||,|||,|||,|||,|||,|||
75.108.166.180,75.108.166.180,00000000000000000000000000000000000000000000000000000000000000,|||,|||,|||,|||,|||,|||,|||,|||,|||,|||
81.68.98.123,81.68.98.123,00000000000000000000000000000000000000000000000000000000000000,|||,|||,|||,|||,|||,|||,|||,|||,|||,|||
82.177.111.26,82.177.111.26,21d3fd00021d21d00042d43d0000000a5f02847ec7d262f8dcbfaa6508ecf9,c013|0303|h2|ff01-0001-000b-0023-0010-0017,cca8|0303|h2|ff01-0001-000b-0023-0010-0017,|||,c013|0303|http/1.1|ff01-0001-000b-0023-0010-0017,c013|0303|http/1.1|ff01-0001-000b-0023-0010-0017,|||,1302|0303||002b-0033,1303|0303||002b-0033,|||,|||
61.65.232.129,61.65.232.129,09d14d16d22d22d09c09d14d09d22dda8b6e7a3ce5ee9c4e61e8711c0252a5,0039|0303||0000-ff01,009d|0303||0000-ff01,009f|0303||0000-ff01,c014|0303||0000-ff01-000b,c014|0303||0000-ff01-000b,0039|0302||0000-ff01,0039|0303||0000-ff01,009d|0303||0000-ff01,0039|0303||0000-ff01,c014|0303||0000-ff01-000b
83.143.246.30,83.143.246.30,00000000000000000000000000000000000000000000000000000000000000,|||,|||,|||,|||,|||,|||,|||,|||,|||,|||
46.10.229.163,46.10.229.163,00000000000000000000000000000000000000000000000000000000000000,|||,|||,|||,|||,|||,|||,|||,|||,|||,|||
45.79.11.216,45.79.11.216,00000000000000000000000000000000000000000000000000000000000000,|||,|||,|||,|||,|||,|||,|||,|||,|||,|||
45.89.106.22,45.89.106.22,00000000000000000000000000000000000000000000000000000000000000,|||,|||,|||,|||,|||,|||,|||,|||,|||,|||
85.204.116.165,85.204.116.165,00000000000000000000000000000000000000000000000000000000000000,|||,|||,|||,|||,|||,|||,|||,|||,|||,|||
81.69.230.127,81.69.230.127,00000000000000000000000000000000000000000000000000000000000000,|||,|||,|||,|||,|||,|||,|||,|||,|||,|||
83.1.195.19,83.1.195.19,00000000000000000000000000000000000000000000000000000000000000,|||,|||,|||,|||,|||,|||,|||,|||,|||,|||
87.126.166.109,87.126.166.109,00000000000000000000000000000000000000000000000000000000000000,|||,|||,|||,|||,|||,|||,|||,|||,|||,|||
83.3.46.18,83.3.46.18,00000000000000000000000000000000000000000000000000000000000000,|||,|||,|||,|||,|||,|||,|||,|||,|||,|||
45.87.214.40,45.87.214.40,00000000000000000000000000000000000000000000000000000000000000,|||,|||,|||,|||,|||,|||,|||,|||,|||,|||
85.204.116.19,85.204.116.19,00000000000000000000000000000000000000000000000000000000000000,|||,|||,|||,|||,|||,|||,|||,|||,|||,|||
46.121.216.210,46.121.216.210,00000000000000000000000000000000000000000000000000000000000000,|||,|||,|||,|||,|||,|||,|||,|||,|||,|||
81.68.69.96,81.68.69.96,00000000000000000000000000000000000000000000000000000000000000,|||,|||,|||,|||,|||,|||,|||,|||,|||,|||
46.101.51.39,46.101.51.39,00000000000000000000000000000000000000000000000000000000000000,|||,|||,|||,|||,|||,|||,|||,|||,|||,|||
86.115.228.26,86.115.228.26,00000000000000000000000000000000000000000000000000000000000000,|||,|||,|||,|||,|||,|||,|||,|||,|||,|||
85.206.72.204,85.206.72.204,00000000000000000000000000000000000000000000000000000000000000,|||,|||,|||,|||,|||,|||,|||,|||,|||,|||
85.105.147.146,85.105.147.146,00000000000000000000000000000000000000000000000000000000000000,|||,|||,|||,|||,|||,|||,|||,|||,|||,|||
81.70.0.87,81.70.0.87,00000000000000000000000000000000000000000000000000000000000000,|||,|||,|||,|||,|||,|||,|||,|||,|||,|||
46.101.62.29,46.101.62.29,00000000000000000000000000000000000000000000000000000000000000,|||,|||,|||,|||,|||,|||,|||,|||,|||,|||
82.156.177.119,82.156.177.119,00000000000000000000000000000000000000000000000000000000000000,|||,|||,|||,|||,|||,|||,|||,|||,|||,|||
46.101.204.59,46.101.204.59,00000000000000000000000000000000000000000000000000000000000000,|||,|||,|||,|||,|||,|||,|||,|||,|||,|||
81.68.72.54,81.68.72.54,00000000000000000000000000000000000000000000000000000000000000,|||,|||,|||,|||,|||,|||,|||,|||,|||,|||
46.200.141.54,46.200.141.54,00000000000000000000000000000000000000000000000000000000000000,|||,|||,|||,|||,|||,|||,|||,|||,|||,|||
88.147.99.13,88.147.99.13,00000000000000000000000000000000000000000000000000000000000000,|||,|||,|||,|||,|||,|||,|||,|||,|||,|||
46.101.214.140,46.101.214.140,00000000000000000000000000000000000000000000000000000000000000,|||,|||,|||,|||,|||,|||,|||,|||,|||,|||
47.100.230.43,47.100.230.43,00000000000000000000000000000000000000000000000000000000000000,|||,|||,|||,|||,|||,|||,|||,|||,|||,|||
45.9.216.135,45.9.216.135,00000000000000000000000000000000000000000000000000000000000000,|||,|||,|||,|||,|||,|||,|||,|||,|||,|||
82.157.163.52,82.157.163.52,00000000000000000000000000000000000000000000000000000000000000,|||,|||,|||,|||,|||,|||,|||,|||,|||,|||
81.68.160.94,81.68.160.94,00000000000000000000000000000000000000000000000000000000000000,|||,|||,|||,|||,|||,|||,|||,|||,|||,|||
46.4.90.136,46.4.90.136,00000000000000000000000000000000000000000000000000000000000000,|||,|||,|||,|||,|||,|||,|||,|||,|||,|||
80.210.32.153,80.210.32.153,00000000000000000000000000000000000000000000000000000000000000,|||,|||,|||,|||,|||,|||,|||,|||,|||,|||
45.79.110.218,45.79.110.218,00000000000000000000000000000000000000000000000000000000000000,|||,|||,|||,|||,|||,|||,|||,|||,|||,|||
45.83.118.202,45.83.118.202,00000000000000000000000000000000000000000000000000000000000000,|||,|||,|||,|||,|||,|||,|||,|||,|||,|||
46.101.37.50,46.101.37.50,00000000000000000000000000000000000000000000000000000000000000,|||,|||,|||,|||,|||,|||,|||,|||,|||,|||
46.105.132.32,46.105.132.32,00000000000000000000000000000000000000000000000000000000000000,|||,|||,|||,|||,|||,|||,|||,|||,|||,|||
82.156.204.176,82.156.204.176,00000000000000000000000000000000000000000000000000000000000000,|||,|||,|||,|||,|||,|||,|||,|||,|||,|||
84.38.189.2,84.38.189.2,00000000000000000000000000000000000000000000000000000000000000,|||,|||,|||,|||,|||,|||,|||,|||,|||,|||
86.28.238.88,86.28.238.88,00000000000000000000000000000000000000000000000000000000000000,|||,|||,|||,|||,|||,|||,|||,|||,|||,|||
46.61.128.138,46.61.128.138,00000000000000000000000000000000000000000000000000000000000000,|||,|||,|||,|||,|||,|||,|||,|||,|||,|||
45.252.63.66,45.252.63.66,00000000000000000000000000000000000000000000000000000000000000,|||,|||,|||,|||,|||,|||,|||,|||,|||,|||
47.100.233.210,47.100.233.210,00000000000000000000000000000000000000000000000000000000000000,|||,|||,|||,|||,|||,|||,|||,|||,|||,|||
46.6.7.240,46.6.7.240,00000000000000000000000000000000000000000000000000000000000000,|||,|||,|||,|||,|||,|||,|||,|||,|||,|||
46.148.21.66,46.148.21.66,00000000000000000000000000000000000000000000000000000000000000,|||,|||,|||,|||,|||,|||,|||,|||,|||,|||
46.34.153.66,46.34.153.66,00000000000000000000000000000000000000000000000000000000000000,|||,|||,|||,|||,|||,|||,|||,|||,|||,|||
87.118.122.21,87.118.122.21,00000000000000000000000000000000000000000000000000000000000000,|||,|||,|||,|||,|||,|||,|||,|||,|||,|||
88.214.26.53,88.214.26.53,00000000000000000000000000000000000000000000000000000000000000,|||,|||,|||,|||,|||,|||,|||,|||,|||,|||
46.71.60.78,46.71.60.78,00000000000000000000000000000000000000000000000000000000000000,|||,|||,|||,|||,|||,|||,|||,|||,|||,|||
47.100.139.90,47.100.139.90,00000000000000000000000000000000000000000000000000000000000000,|||,|||,|||,|||,|||,|||,|||,|||,|||,|||
45.7.45.40,45.7.45.40,00000000000000000000000000000000000000000000000000000000000000,|||,|||,|||,|||,|||,|||,|||,|||,|||,|||
46.70.94.190,46.70.94.190,00000000000000000000000000000000000000000000000000000000000000,|||,|||,|||,|||,|||,|||,|||,|||,|||,|||
82.81.42.161,82.81.42.161,00000000000000000000000000000000000000000000000000000000000000,|||,|||,|||,|||,|||,|||,|||,|||,|||,|||
82.57.115.237,82.57.115.237,04d02d00004d04d04c04d02d04d04d9674c6b4e623ae36cc2d998e99e2262e,000a|0303||ff01-0023,0005|0303||ff01-0023,|||,000a|0303||ff01-0023,000a|0303||ff01-0023,000a|0302||ff01-0023,000a|0303||ff01-0023,0005|0303||ff01-0023,000a|0303||ff01-0023,000a|0303||ff01-0023
82.156.222.43,82.156.222.43,00000000000000000000000000000000000000000000000000000000000000,|||,|||,|||,|||,|||,|||,|||,|||,|||,|||
88.214.26.37,88.214.26.37,00000000000000000000000000000000000000000000000000000000000000,|||,|||,|||,|||,|||,|||,|||,|||,|||,|||
59.126.111.105,59.126.111.105,04b02b00004b04b04b04b02b04b04b9674c6b4e623ae36cc2d998e99e2262e,000a|0301||ff01-0023,0005|0301||ff01-0023,|||,000a|0301||ff01-0023,000a|0301||ff01-0023,000a|0301||ff01-0023,000a|0301||ff01-0023,0005|0301||ff01-0023,000a|0301||ff01-0023,000a|0301||ff01-0023
82.64.94.64,82.64.94.64,2ad2ad0002ad2ad00042d42d000000301510f56407964db9434a9bb0d4ee4a,c030|0303|http/1.1|ff01-0000-0001-000b-0023-0010-0017,c030|0303|http/1.1|ff01-0000-0001-000b-0023-0010-0017,|||,c030|0303||ff01-0000-0001-000b-0023-0017,c030|0303||ff01-0000-0001-000b-0023-0017,|||,1302|0303||002b-0033,1302|0303||002b-0033,|||,|||
81.68.66.106,81.68.66.106,00000000000000000000000000000000000000000000000000000000000000,|||,|||,|||,|||,|||,|||,|||,|||,|||,|||
82.157.169.245,82.157.169.245,00000000000000000000000000000000000000000000000000000000000000,|||,|||,|||,|||,|||,|||,|||,|||,|||,|||
85.87.128.96,85.87.128.96,00000000000000000000000000000000000000000000000000000000000000,|||,|||,|||,|||,|||,|||,|||,|||,|||,|||
82.157.148.211,82.157.148.211,00000000000000000000000000000000000000000000000000000000000000,|||,|||,|||,|||,|||,|||,|||,|||,|||,|||
86.127.233.175,86.127.233.175,00000000000000000000000000000000000000000000000000000000000000,|||,|||,|||,|||,|||,|||,|||,|||,|||,|||
46.105.132.33,46.105.132.33,00000000000000000000000000000000000000000000000000000000000000,|||,|||,|||,|||,|||,|||,|||,|||,|||,|||
85.62.209.29,85.62.209.29,00000000000000000000000000000000000000000000000000000000000000,|||,|||,|||,|||,|||,|||,|||,|||,|||,|||
46.48.170.120,46.48.170.120,00000000000000000000000000000000000000000000000000000000000000,|||,|||,|||,|||,|||,|||,|||,|||,|||,|||
47.104.216.216,47.104.216.216,00000000000000000000000000000000000000000000000000000000000000,|||,|||,|||,|||,|||,|||,|||,|||,|||,|||
47.101.45.186,47.101.45.186,00000000000000000000000000000000000000000000000000000000000000,|||,|||,|||,|||,|||,|||,|||,|||,|||,|||
47.103.6.114,47.103.6.114,00000000000000000000000000000000000000000000000000000000000000,|||,|||,|||,|||,|||,|||,|||,|||,|||,|||
47.104.143.26,47.104.143.26,00000000000000000000000000000000000000000000000000000000000000,|||,|||,|||,|||,|||,|||,|||,|||,|||,|||
46.17.102.83,46.17.102.83,00000000000000000000000000000000000000000000000000000000000000,|||,|||,|||,|||,|||,|||,|||,|||,|||,|||
47.104.218.22,47.104.218.22,00000000000000000000000000000000000000000000000000000000000000,|||,|||,|||,|||,|||,|||,|||,|||,|||,|||
46.160.179.117,46.160.179.117,00000000000000000000000000000000000000000000000000000000000000,|||,|||,|||,|||,|||,|||,|||,|||,|||,|||
46.105.132.35,46.105.132.35,00000000000000000000000000000000000000000000000000000000000000,|||,|||,|||,|||,|||,|||,|||,|||,|||,|||
47.104.28.169,47.104.28.169,00000000000000000000000000000000000000000000000000000000000000,|||,|||,|||,|||,|||,|||,|||,|||,|||,|||
84.198.173.253,84.198.173.253,08d08d00008d08d08c08d08d08d08d9674c6b4e623ae36cc2d998e99e2262e,0035|0303||ff01-0023,0035|0303||ff01-0023,|||,0035|0303||ff01-0023,0035|0303||ff01-0023,0035|0302||ff01-0023,0035|0303||ff01-0023,0035|0303||ff01-0023,0035|0303||ff01-0023,0035|0303||ff01-0023
85.204.111.61,85.204.111.61,00000000000000000000000000000000000000000000000000000000000000,|||,|||,|||,|||,|||,|||,|||,|||,|||,|||
47.104.197.19,47.104.197.19,00000000000000000000000000000000000000000000000000000000000000,|||,|||,|||,|||,|||,|||,|||,|||,|||,|||
46.70.98.242,46.70.98.242,00000000000000000000000000000000000000000000000000000000000000,|||,|||,|||,|||,|||,|||,|||,|||,|||,|||
47.106.138.59,47.106.138.59,00000000000000000000000000000000000000000000000000000000000000,|||,|||,|||,|||,|||,|||,|||,|||,|||,|||
46.8.169.8,46.8.169.8,00000000000000000000000000000000000000000000000000000000000000,|||,|||,|||,|||,|||,|||,|||,|||,|||,|||
46.26.235.102,46.26.235.102,00000000000000000000000000000000000000000000000000000000000000,|||,|||,|||,|||,|||,|||,|||,|||,|||,|||
47.103.67.77,47.103.67.77,00000000000000000000000000000000000000000000000000000000000000,|||,|||,|||,|||,|||,|||,|||,|||,|||,|||
46.118.104.122,46.118.104.122,00000000000000000000000000000000000000000000000000000000000000,|||,|||,|||,|||,|||,|||,|||,|||,|||,|||
87.106.125.220,87.106.125.220,00000000000000000000000000000000000000000000000000000000000000,|||,|||,|||,|||,|||,|||,|||,|||,|||,|||
82.157.150.175,82.157.150.175,00000000000000000000000000000000000000000000000000000000000000,|||,|||,|||,|||,|||,|||,|||,|||,|||,|||
46.161.54.57,46.161.54.57,00000000000000000000000000000000000000000000000000000000000000,|||,|||,|||,|||,|||,|||,|||,|||,|||,|||
82.193.158.50,82.193.158.50,00000000000000000000000000000000000000000000000000000000000000,|||,|||,|||,|||,|||,|||,|||,|||,|||,|||
86.35.35.99,86.35.35.99,00000000000000000000000000000000000000000000000000000000000000,|||,|||,|||,|||,|||,|||,|||,|||,|||,|||
81.68.182.180,81.68.182.180,00000000000000000000000000000000000000000000000000000000000000,|||,|||,|||,|||,|||,|||,|||,|||,|||,|||
46.4.89.232,46.4.89.232,00000000000000000000000000000000000000000000000000000000000000,|||,|||,|||,|||,|||,|||,|||,|||,|||,|||
86.124.131.5,86.124.131.5,00000000000000000000000000000000000000000000000000000000000000,|||,|||,|||,|||,|||,|||,|||,|||,|||,|||
85.158.60.2,85.158.60.2,29d29d15d29d29d21c42d42d000000e2ffebd7267034f6a05220d636ee4e2e,c02f|0303|http/1.1|ff01-0000-0001-000b-0023-0010-0017,c02f|0303|http/1.1|ff01-0000-0001-000b-0023-0010-0017,009e|0303|http/1.1|ff01-0000-0001-0023-0010-0017,c02f|0303||ff01-0000-0001-000b-0023-0017,c02f|0303||ff01-0000-0001-000b-0023-0017,c013|0302|http/1.1|ff01-0000-0001-000b-0023-0010-0017,1302|0303||002b-0033,1302|0303||002b-0033,|||,|||
46.22.254.218,46.22.254.218,00000000000000000000000000000000000000000000000000000000000000,|||,|||,|||,|||,|||,|||,|||,|||,|||,|||
46.152.192.153,46.152.192.153,00000000000000000000000000000000000000000000000000000000000000,|||,|||,|||,|||,|||,|||,|||,|||,|||,|||
47.105.215.190,47.105.215.190,00000000000000000000000000000000000000000000000000000000000000,|||,|||,|||,|||,|||,|||,|||,|||,|||,|||
88.214.57.253,88.214.57.253,2ad2ad16d2ad2ad22c42d42d0000006f254909a73bf62f6b28507e9fb451b5,c030|0303|http/1.1|ff01-0001-000b-0023-0010-0017,c030|0303|http/1.1|ff01-0001-000b-0023-0010-0017,009f|0303|http/1.1|ff01-0001-0023-0010-0017,c030|0303|http/1.1|ff01-0001-000b-0023-0010-0017,c030|0303|http/1.1|ff01-0001-000b-0023-0010-0017,c014|0302|http/1.1|ff01-0001-000b-0023-0010-0017,1302|0303||002b-0033,1302|0303||002b-0033,|||,|||
89.210.188.65,89.210.188.65,00000000000000000000000000000000000000000000000000000000000000,|||,|||,|||,|||,|||,|||,|||,|||,|||,|||
46.172.65.13,46.172.65.13,00000000000000000000000000000000000000000000000000000000000000,|||,|||,|||,|||,|||,|||,|||,|||,|||,|||
81.69.254.107,81.69.254.107,00000000000000000000000000000000000000000000000000000000000000,|||,|||,|||,|||,|||,|||,|||,|||,|||,|||
46.151.209.41,46.151.209.41,00000000000000000000000000000000000000000000000000000000000000,|||,|||,|||,|||,|||,|||,|||,|||,|||,|||
47.104.159.128,47.104.159.128,00000000000000000000000000000000000000000000000000000000000000,|||,|||,|||,|||,|||,|||,|||,|||,|||,|||
47.101.176.226,47.101.176.226,00000000000000000000000000000000000000000000000000000000000000,|||,|||,|||,|||,|||,|||,|||,|||,|||,|||
46.105.132.34,46.105.132.34,00000000000000000000000000000000000000000000000000000000000000,|||,|||,|||,|||,|||,|||,|||,|||,|||,|||
47.103.37.153,47.103.37.153,00000000000000000000000000000000000000000000000000000000000000,|||,|||,|||,|||,|||,|||,|||,|||,|||,|||
81.70.93.12,81.70.93.12,00000000000000000000000000000000000000000000000000000000000000,|||,|||,|||,|||,|||,|||,|||,|||,|||,|||
89.187.139.228,89.187.139.228,00000000000000000000000000000000000000000000000000000000000000,|||,|||,|||,|||,|||,|||,|||,|||,|||,|||
47.103.209.106,47.103.209.106,00000000000000000000000000000000000000000000000000000000000000,|||,|||,|||,|||,|||,|||,|||,|||,|||,|||
46.98.128.35,46.98.128.35,00000000000000000000000000000000000000000000000000000000000000,|||,|||,|||,|||,|||,|||,|||,|||,|||,|||
47.101.214.192,47.101.214.192,00000000000000000000000000000000000000000000000000000000000000,|||,|||,|||,|||,|||,|||,|||,|||,|||,|||
47.104.245.93,47.104.245.93,00000000000000000000000000000000000000000000000000000000000000,|||,|||,|||,|||,|||,|||,|||,|||,|||,|||
47.106.149.26,47.106.149.26,00000000000000000000000000000000000000000000000000000000000000,|||,|||,|||,|||,|||,|||,|||,|||,|||,|||
47.107.234.148,47.107.234.148,00000000000000000000000000000000000000000000000000000000000000,|||,|||,|||,|||,|||,|||,|||,|||,|||,|||
47.105.218.194,47.105.218.194,00000000000000000000000000000000000000000000000000000000000000,|||,|||,|||,|||,|||,|||,|||,|||,|||,|||
47.103.215.253,47.103.215.253,00000000000000000000000000000000000000000000000000000000000000,|||,|||,|||,|||,|||,|||,|||,|||,|||,|||
81.70.197.194,81.70.197.194,00000000000000000000000000000000000000000000000000000000000000,|||,|||,|||,|||,|||,|||,|||,|||,|||,|||
47.100.25.222,47.100.25.222,00000000000000000000000000000000000000000000000000000000000000,|||,|||,|||,|||,|||,|||,|||,|||,|||,|||
47.102.116.211,47.102.116.211,00000000000000000000000000000000000000000000000000000000000000,|||,|||,|||,|||,|||,|||,|||,|||,|||,|||
81.70.147.119,81.70.147.119,00000000000000000000000000000000000000000000000000000000000000,|||,|||,|||,|||,|||,|||,|||,|||,|||,|||
89.248.163.146,89.248.163.146,00000000000000000000000000000000000000000000000000000000000000,|||,|||,|||,|||,|||,|||,|||,|||,|||,|||
81.70.181.72,81.70.181.72,00000000000000000000000000000000000000000000000000000000000000,|||,|||,|||,|||,|||,|||,|||,|||,|||,|||
82.156.194.95,82.156.194.95,00000000000000000000000000000000000000000000000000000000000000,|||,|||,|||,|||,|||,|||,|||,|||,|||,|||
89.248.162.161,89.248.162.161,00000000000000000000000000000000000000000000000000000000000000,|||,|||,|||,|||,|||,|||,|||,|||,|||,|||
47.101.129.135,47.101.129.135,00000000000000000000000000000000000000000000000000000000000000,|||,|||,|||,|||,|||,|||,|||,|||,|||,|||
81.70.104.159,81.70.104.159,00000000000000000000000000000000000000000000000000000000000000,|||,|||,|||,|||,|||,|||,|||,|||,|||,|||
85.202.169.211,85.202.169.211,00000000000000000000000000000000000000000000000000000000000000,|||,|||,|||,|||,|||,|||,|||,|||,|||,|||
47.106.216.38,47.106.216.38,00000000000000000000000000000000000000000000000000000000000000,|||,|||,|||,|||,|||,|||,|||,|||,|||,|||
89.248.163.158,89.248.163.158,00000000000000000000000000000000000000000000000000000000000000,|||,|||,|||,|||,|||,|||,|||,|||,|||,|||
89.248.163.133,89.248.163.133,00000000000000000000000000000000000000000000000000000000000000,|||,|||,|||,|||,|||,|||,|||,|||,|||,|||
47.104.148.178,47.104.148.178,00000000000000000000000000000000000000000000000000000000000000,|||,|||,|||,|||,|||,|||,|||,|||,|||,|||
64.225.25.247,64.225.25.247,00000000000000000000000000000000000000000000000000000000000000,|||,|||,|||,|||,|||,|||,|||,|||,|||,|||
47.108.172.114,47.108.172.114,00000000000000000000000000000000000000000000000000000000000000,|||,|||,|||,|||,|||,|||,|||,|||,|||,|||
89.248.163.163,89.248.163.163,00000000000000000000000000000000000000000000000000000000000000,|||,|||,|||,|||,|||,|||,|||,|||,|||,|||
89.248.163.138,89.248.163.138,00000000000000000000000000000000000000000000000000000000000000,|||,|||,|||,|||,|||,|||,|||,|||,|||,|||
89.248.163.173,89.248.163.173,00000000000000000000000000000000000000000000000000000000000000,|||,|||,|||,|||,|||,|||,|||,|||,|||,|||
47.105.165.119,47.105.165.119,00000000000000000000000000000000000000000000000000000000000000,|||,|||,|||,|||,|||,|||,|||,|||,|||,|||
89.248.163.130,89.248.163.130,00000000000000000000000000000000000000000000000000000000000000,|||,|||,|||,|||,|||,|||,|||,|||,|||,|||
47.101.34.251,47.101.34.251,00000000000000000000000000000000000000000000000000000000000000,|||,|||,|||,|||,|||,|||,|||,|||,|||,|||
89.248.163.150,89.248.163.150,00000000000000000000000000000000000000000000000000000000000000,|||,|||,|||,|||,|||,|||,|||,|||,|||,|||
89.248.163.131,89.248.163.131,00000000000000000000000000000000000000000000000000000000000000,|||,|||,|||,|||,|||,|||,|||,|||,|||,|||
86.126.139.141,86.126.139.141,00000000000000000000000000000000000000000000000000000000000000,|||,|||,|||,|||,|||,|||,|||,|||,|||,|||
47.105.95.94,47.105.95.94,00000000000000000000000000000000000000000000000000000000000000,|||,|||,|||,|||,|||,|||,|||,|||,|||,|||
47.105.93.10,47.105.93.10,00000000000000000000000000000000000000000000000000000000000000,|||,|||,|||,|||,|||,|||,|||,|||,|||,|||
82.80.138.72,82.80.138.72,00000000000000000000000000000000000000000000000000000000000000,|||,|||,|||,|||,|||,|||,|||,|||,|||,|||
47.106.168.98,47.106.168.98,00000000000000000000000000000000000000000000000000000000000000,|||,|||,|||,|||,|||,|||,|||,|||,|||,|||
47.105.186.151,47.105.186.151,00000000000000000000000000000000000000000000000000000000000000,|||,|||,|||,|||,|||,|||,|||,|||,|||,|||
87.101.94.73,87.101.94.73,00000000000000000000000000000000000000000000000000000000000000,|||,|||,|||,|||,|||,|||,|||,|||,|||,|||
89.248.163.132,89.248.163.132,00000000000000000000000000000000000000000000000000000000000000,|||,|||,|||,|||,|||,|||,|||,|||,|||,|||
47.107.126.135,47.107.126.135,00000000000000000000000000000000000000000000000000000000000000,|||,|||,|||,|||,|||,|||,|||,|||,|||,|||
47.107.87.9,47.107.87.9,00000000000000000000000000000000000000000000000000000000000000,|||,|||,|||,|||,|||,|||,|||,|||,|||,|||
47.102.199.126,47.102.199.126,00000000000000000000000000000000000000000000000000000000000000,|||,|||,|||,|||,|||,|||,|||,|||,|||,|||
47.107.110.203,47.107.110.203,00000000000000000000000000000000000000000000000000000000000000,|||,|||,|||,|||,|||,|||,|||,|||,|||,|||
47.102.151.60,47.102.151.60,00000000000000000000000000000000000000000000000000000000000000,|||,|||,|||,|||,|||,|||,|||,|||,|||,|||
85.99.239.34,85.99.239.34,00000000000000000000000000000000000000000000000000000000000000,|||,|||,|||,|||,|||,|||,|||,|||,|||,|||
47.108.169.27,47.108.169.27,00000000000000000000000000000000000000000000000000000000000000,|||,|||,|||,|||,|||,|||,|||,|||,|||,|||
47.104.162.6,47.104.162.6,00000000000000000000000000000000000000000000000000000000000000,|||,|||,|||,|||,|||,|||,|||,|||,|||,|||
47.107.46.198,47.107.46.198,00000000000000000000000000000000000000000000000000000000000000,|||,|||,|||,|||,|||,|||,|||,|||,|||,|||
87.98.149.242,87.98.149.242,00000000000000000000000000000000000000000000000000000000000000,|||,|||,|||,|||,|||,|||,|||,|||,|||,|||
89.248.165.53,89.248.165.53,00000000000000000000000000000000000000000000000000000000000000,|||,|||,|||,|||,|||,|||,|||,|||,|||,|||
47.106.169.155,47.106.169.155,00000000000000000000000000000000000000000000000000000000000000,|||,|||,|||,|||,|||,|||,|||,|||,|||,|||
47.106.199.71,47.106.199.71,00000000000000000000000000000000000000000000000000000000000000,|||,|||,|||,|||,|||,|||,|||,|||,|||,|||
47.103.53.136,47.103.53.136,00000000000000000000000000000000000000000000000000000000000000,|||,|||,|||,|||,|||,|||,|||,|||,|||,|||
47.105.111.158,47.105.111.158,00000000000000000000000000000000000000000000000000000000000000,|||,|||,|||,|||,|||,|||,|||,|||,|||,|||
47.106.250.3,47.106.250.3,00000000000000000000000000000000000000000000000000000000000000,|||,|||,|||,|||,|||,|||,|||,|||,|||,|||
47.103.13.64,47.103.13.64,00000000000000000000000000000000000000000000000000000000000000,|||,|||,|||,|||,|||,|||,|||,|||,|||,|||
47.106.100.243,47.106.100.243,00000000000000000000000000000000000000000000000000000000000000,|||,|||,|||,|||,|||,|||,|||,|||,|||,|||
82.157.66.63,82.157.66.63,00000000000000000000000000000000000000000000000000000000000000,|||,|||,|||,|||,|||,|||,|||,|||,|||,|||
59.127.43.122,59.127.43.122,00000000000000000000000000000000000000000000000000000000000000,|||,|||,|||,|||,|||,|||,|||,|||,|||,|||
88.201.195.156,88.201.195.156,00000000000000000000000000000000000000000000000000000000000000,|||,|||,|||,|||,|||,|||,|||,|||,|||,|||
47.108.165.173,47.108.165.173,00000000000000000000000000000000000000000000000000000000000000,|||,|||,|||,|||,|||,|||,|||,|||,|||,|||
89.248.165.120,89.248.165.120,00000000000000000000000000000000000000000000000000000000000000,|||,|||,|||,|||,|||,|||,|||,|||,|||,|||
89.248.163.178,89.248.163.178,00000000000000000000000000000000000000000000000000000000000000,|||,|||,|||,|||,|||,|||,|||,|||,|||,|||
47.106.12.93,47.106.12.93,00000000000000000000000000000000000000000000000000000000000000,|||,|||,|||,|||,|||,|||,|||,|||,|||,|||
89.248.165.185,89.248.165.185,00000000000000000000000000000000000000000000000000000000000000,|||,|||,|||,|||,|||,|||,|||,|||,|||,|||
47.108.187.97,47.108.187.97,00000000000000000000000000000000000000000000000000000000000000,|||,|||,|||,|||,|||,|||,|||,|||,|||,|||
47.107.96.85,47.107.96.85,00000000000000000000000000000000000000000000000000000000000000,|||,|||,|||,|||,|||,|||,|||,|||,|||,|||
47.106.187.167,47.106.187.167,00000000000000000000000000000000000000000000000000000000000000,|||,|||,|||,|||,|||,|||,|||,|||,|||,|||
89.248.165.105,89.248.165.105,00000000000000000000000000000000000000000000000000000000000000,|||,|||,|||,|||,|||,|||,|||,|||,|||,|||
47.104.147.254,47.104.147.254,00000000000000000000000000000000000000000000000000000000000000,|||,|||,|||,|||,|||,|||,|||,|||,|||,|||
82.81.172.178,82.81.172.178,00000000000000000000000000000000000000000000000000000000000000,|||,|||,|||,|||,|||,|||,|||,|||,|||,|||
88.129.242.254,88.129.242.254,00000000000000000000000000000000000000000000000000000000000000,|||,|||,|||,|||,|||,|||,|||,|||,|||,|||
82.157.71.17,82.157.71.17,00000000000000000000000000000000000000000000000000000000000000,|||,|||,|||,|||,|||,|||,|||,|||,|||,|||
89.248.165.132,89.248.165.132,00000000000000000000000000000000000000000000000000000000000000,|||,|||,|||,|||,|||,|||,|||,|||,|||,|||
81.71.8.238,81.71.8.238,00000000000000000000000000000000000000000000000000000000000000,|||,|||,|||,|||,|||,|||,|||,|||,|||,|||
81.71.124.182,81.71.124.182,00000000000000000000000000000000000000000000000000000000000000,|||,|||,|||,|||,|||,|||,|||,|||,|||,|||
81.71.41.235,81.71.41.235,00000000000000000000000000000000000000000000000000000000000000,|||,|||,|||,|||,|||,|||,|||,|||,|||,|||
88.204.140.142,88.204.140.142,00000000000000000000000000000000000000000000000000000000000000,|||,|||,|||,|||,|||,|||,|||,|||,|||,|||
85.221.253.174,85.221.253.174,00000000000000000000000000000000000000000000000000000000000000,|||,|||,|||,|||,|||,|||,|||,|||,|||,|||
47.107.113.9,47.107.113.9,00000000000000000000000000000000000000000000000000000000000000,|||,|||,|||,|||,|||,|||,|||,|||,|||,|||
81.69.32.249,81.69.32.249,00000000000000000000000000000000000000000000000000000000000000,|||,|||,|||,|||,|||,|||,|||,|||,|||,|||
47.108.234.94,47.108.234.94,00000000000000000000000000000000000000000000000000000000000000,|||,|||,|||,|||,|||,|||,|||,|||,|||,|||
89.135.171.200,89.135.171.200,00000000000000000000000000000000000000000000000000000000000000,|||,|||,|||,|||,|||,|||,|||,|||,|||,|||
81.69.37.121,81.69.37.121,00000000000000000000000000000000000000000000000000000000000000,|||,|||,|||,|||,|||,|||,|||,|||,|||,|||
82.156.206.148,82.156.206.148,00000000000000000000000000000000000000000000000000000000000000,|||,|||,|||,|||,|||,|||,|||,|||,|||,|||
89.248.163.167,89.248.163.167,00000000000000000000000000000000000000000000000000000000000000,|||,|||,|||,|||,|||,|||,|||,|||,|||,|||
89.248.165.104,89.248.165.104,00000000000000000000000000000000000000000000000000000000000000,|||,|||,|||,|||,|||,|||,|||,|||,|||,|||
86.127.68.190,86.127.68.190,00000000000000000000000000000000000000000000000000000000000000,|||,|||,|||,|||,|||,|||,|||,|||,|||,|||
82.81.108.172,82.81.108.172,29d29d00029d29d22c29d29d29d29db1fed874fb1fbef1feb080db600660a9,c02f|0303||000b,c02f|0303||000b,|||,c02f|0303||000b,c02f|0303||000b,c014|0302||000b,c02f|0303||000b,c02f|0303||000b,c02f|0303||000b,c02f|0303||000b
89.185.85.100,89.185.85.100,00000000000000000000000000000000000000000000000000000000000000,|||,|||,|||,|||,|||,|||,|||,|||,|||,|||
87.218.224.72,87.218.224.72,00000000000000000000000000000000000000000000000000000000000000,|||,|||,|||,|||,|||,|||,|||,|||,|||,|||
89.248.165.146,89.248.165.146,00000000000000000000000000000000000000000000000000000000000000,|||,|||,|||,|||,|||,|||,|||,|||,|||,|||
89.248.165.247,89.248.165.247,00000000000000000000000000000000000000000000000000000000000000,|||,|||,|||,|||,|||,|||,|||,|||,|||,|||
47.111.113.53,47.111.113.53,00000000000000000000000000000000000000000000000000000000000000,|||,|||,|||,|||,|||,|||,|||,|||,|||,|||
89.248.165.242,89.248.165.242,00000000000000000000000000000000000000000000000000000000000000,|||,|||,|||,|||,|||,|||,|||,|||,|||,|||
89.248.165.160,89.248.165.160,00000000000000000000000000000000000000000000000000000000000000,|||,|||,|||,|||,|||,|||,|||,|||,|||,|||
89.248.165.108,89.248.165.108,00000000000000000000000000000000000000000000000000000000000000,|||,|||,|||,|||,|||,|||,|||,|||,|||,|||
89.248.165.246,89.248.165.246,00000000000000000000000000000000000000000000000000000000000000,|||,|||,|||,|||,|||,|||,|||,|||,|||,|||
89.248.163.136,89.248.163.136,00000000000000000000000000000000000000000000000000000000000000,|||,|||,|||,|||,|||,|||,|||,|||,|||,|||
89.248.163.166,89.248.163.166,00000000000000000000000000000000000000000000000000000000000000,|||,|||,|||,|||,|||,|||,|||,|||,|||,|||
82.157.147.216,82.157.147.216,00000000000000000000000000000000000000000000000000000000000000,|||,|||,|||,|||,|||,|||,|||,|||,|||,|||
89.248.165.87,89.248.165.87,00000000000000000000000000000000000000000000000000000000000000,|||,|||,|||,|||,|||,|||,|||,|||,|||,|||
89.248.165.100,89.248.165.100,00000000000000000000000000000000000000000000000000000000000000,|||,|||,|||,|||,|||,|||,|||,|||,|||,|||
47.108.94.154,47.108.94.154,00000000000000000000000000000000000000000000000000000000000000,|||,|||,|||,|||,|||,|||,|||,|||,|||,|||
89.248.165.210,89.248.165.210,00000000000000000000000000000000000000000000000000000000000000,|||,|||,|||,|||,|||,|||,|||,|||,|||,|||
47.111.186.107,47.111.186.107,00000000000000000000000000000000000000000000000000000000000000,|||,|||,|||,|||,|||,|||,|||,|||,|||,|||
47.108.248.137,47.108.248.137,00000000000000000000000000000000000000000000000000000000000000,|||,|||,|||,|||,|||,|||,|||,|||,|||,|||
47.102.219.98,47.102.219.98,00000000000000000000000000000000000000000000000000000000000000,|||,|||,|||,|||,|||,|||,|||,|||,|||,|||
82.156.208.167,82.156.208.167,00000000000000000000000000000000000000000000000000000000000000,|||,|||,|||,|||,|||,|||,|||,|||,|||,|||
89.248.163.164,89.248.163.164,00000000000000000000000000000000000000000000000000000000000000,|||,|||,|||,|||,|||,|||,|||,|||,|||,|||
47.111.146.184,47.111.146.184,00000000000000000000000000000000000000000000000000000000000000,|||,|||,|||,|||,|||,|||,|||,|||,|||,|||
47.105.84.27,47.105.84.27,00000000000000000000000000000000000000000000000000000000000000,|||,|||,|||,|||,|||,|||,|||,|||,|||,|||
89.138.40.85,89.138.40.85,00000000000000000000000000000000000000000000000000000000000000,|||,|||,|||,|||,|||,|||,|||,|||,|||,|||
80.11.45.119,80.11.45.119,06d14d00006d06d06c06d14d06d06d9674c6b4e623ae36cc2d998e99e2262e,002f|0303||ff01-0023,009d|0303||ff01-0023,|||,002f|0303||ff01-0023,002f|0303||ff01-0023,002f|0302||ff01-0023,002f|0303||ff01-0023,009d|0303||ff01-0023,002f|0303||ff01-0023,002f|0303||ff01-0023
89.248.163.137,89.248.163.137,00000000000000000000000000000000000000000000000000000000000000,|||,|||,|||,|||,|||,|||,|||,|||,|||,|||
47.112.213.153,47.112.213.153,00000000000000000000000000000000000000000000000000000000000000,|||,|||,|||,|||,|||,|||,|||,|||,|||,|||
89.248.165.154,89.248.165.154,00000000000000000000000000000000000000000000000000000000000000,|||,|||,|||,|||,|||,|||,|||,|||,|||,|||
89.248.167.140,89.248.167.140,00000000000000000000000000000000000000000000000000000000000000,|||,|||,|||,|||,|||,|||,|||,|||,|||,|||
85.112.44.103,85.112.44.103,00000000000000000000000000000000000000000000000000000000000000,|||,|||,|||,|||,|||,|||,|||,|||,|||,|||
47.113.191.186,47.113.191.186,00000000000000000000000000000000000000000000000000000000000000,|||,|||,|||,|||,|||,|||,|||,|||,|||,|||
88.248.246.35,88.248.246.35,00000000000000000000000000000000000000000000000000000000000000,|||,|||,|||,|||,|||,|||,|||,|||,|||,|||
89.248.165.205,89.248.165.205,00000000000000000000000000000000000000000000000000000000000000,|||,|||,|||,|||,|||,|||,|||,|||,|||,|||
89.248.165.207,89.248.165.207,00000000000000000000000000000000000000000000000000000000000000,|||,|||,|||,|||,|||,|||,|||,|||,|||,|||
89.248.163.154,89.248.163.154,00000000000000000000000000000000000000000000000000000000000000,|||,|||,|||,|||,|||,|||,|||,|||,|||,|||
89.248.165.122,89.248.165.122,00000000000000000000000000000000000000000000000000000000000000,|||,|||,|||,|||,|||,|||,|||,|||,|||,|||
89.248.171.2,89.248.171.2,00000000000000000000000000000000000000000000000000000000000000,|||,|||,|||,|||,|||,|||,|||,|||,|||,|||
89.248.165.119,89.248.165.119,00000000000000000000000000000000000000000000000000000000000000,|||,|||,|||,|||,|||,|||,|||,|||,|||,|||
89.248.163.168,89.248.163.168,00000000000000000000000000000000000000000000000000000000000000,|||,|||,|||,|||,|||,|||,|||,|||,|||,|||
89.248.165.252,89.248.165.252,00000000000000000000000000000000000000000000000000000000000000,|||,|||,|||,|||,|||,|||,|||,|||,|||,|||
89.248.165.204,89.248.165.204,00000000000000000000000000000000000000000000000000000000000000,|||,|||,|||,|||,|||,|||,|||,|||,|||,|||
82.157.137.185,82.157.137.185,00000000000000000000000000000000000000000000000000000000000000,|||,|||,|||,|||,|||,|||,|||,|||,|||,|||
89.248.165.48,89.248.165.48,00000000000000000000000000000000000000000000000000000000000000,|||,|||,|||,|||,|||,|||,|||,|||,|||,|||
89.248.163.160,89.248.163.160,00000000000000000000000000000000000000000000000000000000000000,|||,|||,|||,|||,|||,|||,|||,|||,|||,|||
82.157.179.94,82.157.179.94,00000000000000000000000000000000000000000000000000000000000000,|||,|||,|||,|||,|||,|||,|||,|||,|||,|||
89.248.165.56,89.248.165.56,00000000000000000000000000000000000000000000000000000000000000,|||,|||,|||,|||,|||,|||,|||,|||,|||,|||
89.248.174.178,89.248.174.178,00000000000000000000000000000000000000000000000000000000000000,|||,|||,|||,|||,|||,|||,|||,|||,|||,|||
89.248.165.8,89.248.165.8,00000000000000000000000000000000000000000000000000000000000000,|||,|||,|||,|||,|||,|||,|||,|||,|||,|||
89.248.165.52,89.248.165.52,00000000000000000000000000000000000000000000000000000000000000,|||,|||,|||,|||,|||,|||,|||,|||,|||,|||
89.185.85.253,89.185.85.253,00000000000000000000000000000000000000000000000000000000000000,|||,|||,|||,|||,|||,|||,|||,|||,|||,|||
47.117.127.152,47.117.127.152,00000000000000000000000000000000000000000000000000000000000000,|||,|||,|||,|||,|||,|||,|||,|||,|||,|||
89.248.165.248,89.248.165.248,00000000000000000000000000000000000000000000000000000000000000,|||,|||,|||,|||,|||,|||,|||,|||,|||,|||
47.113.113.10,47.113.113.10,00000000000000000000000000000000000000000000000000000000000000,|||,|||,|||,|||,|||,|||,|||,|||,|||,|||
89.248.163.165,89.248.163.165,00000000000000000000000000000000000000000000000000000000000000,|||,|||,|||,|||,|||,|||,|||,|||,|||,|||
81.69.0.39,81.69.0.39,00000000000000000000000000000000000000000000000000000000000000,|||,|||,|||,|||,|||,|||,|||,|||,|||,|||
47.118.23.63,47.118.23.63,00000000000000000000000000000000000000000000000000000000000000,|||,|||,|||,|||,|||,|||,|||,|||,|||,|||
88.80.188.96,88.80.188.96,00000000000000000000000000000000000000000000000000000000000000,|||,|||,|||,|||,|||,|||,|||,|||,|||,|||
89.185.21.198,89.185.21.198,00000000000000000000000000000000000000000000000000000000000000,|||,|||,|||,|||,|||,|||,|||,|||,|||,|||
89.248.163.162,89.248.163.162,00000000000000000000000000000000000000000000000000000000000000,|||,|||,|||,|||,|||,|||,|||,|||,|||,|||
89.248.163.153,89.248.163.153,00000000000000000000000000000000000000000000000000000000000000,|||,|||,|||,|||,|||,|||,|||,|||,|||,|||
89.248.165.121,89.248.165.121,00000000000000000000000000000000000000000000000000000000000000,|||,|||,|||,|||,|||,|||,|||,|||,|||,|||
82.157.54.70,82.157.54.70,00000000000000000000000000000000000000000000000000000000000000,|||,|||,|||,|||,|||,|||,|||,|||,|||,|||
89.248.165.209,89.248.165.209,00000000000000000000000000000000000000000000000000000000000000,|||,|||,|||,|||,|||,|||,|||,|||,|||,|||
89.248.163.157,89.248.163.157,00000000000000000000000000000000000000000000000000000000000000,|||,|||,|||,|||,|||,|||,|||,|||,|||,|||
82.156.14.77,82.156.14.77,00000000000000000000000000000000000000000000000000000000000000,|||,|||,|||,|||,|||,|||,|||,|||,|||,|||
87.241.163.232,87.241.163.232,00000000000000000000000000000000000000000000000000000000000000,|||,|||,|||,|||,|||,|||,|||,|||,|||,|||
89.248.165.134,89.248.165.134,00000000000000000000000000000000000000000000000000000000000000,|||,|||,|||,|||,|||,|||,|||,|||,|||,|||
89.248.163.149,89.248.163.149,00000000000000000000000000000000000000000000000000000000000000,|||,|||,|||,|||,|||,|||,|||,|||,|||,|||
47.117.71.116,47.117.71.116,00000000000000000000000000000000000000000000000000000000000000,|||,|||,|||,|||,|||,|||,|||,|||,|||,|||
89.248.165.68,89.248.165.68,00000000000000000000000000000000000000000000000000000000000000,|||,|||,|||,|||,|||,|||,|||,|||,|||,|||
82.98.163.34,82.98.163.34,26d26d00026d26d22c26d26d26d26dd3b67dd3674d9af9dd91c1955a35d0e9,c028|0303||0017-ff01,c028|0303||0017-ff01,|||,c028|0303||0017-ff01,c028|0303||0017-ff01,c014|0302||0017-ff01,c028|0303||0017-ff01,c028|0303||0017-ff01,c028|0303||0017-ff01,c028|0303||0017-ff01
47.18.5.226,47.18.5.226,00000000000000000000000000000000000000000000000000000000000000,|||,|||,|||,|||,|||,|||,|||,|||,|||,|||
89.238.21.169,89.238.21.169,00000000000000000000000000000000000000000000000000000000000000,|||,|||,|||,|||,|||,|||,|||,|||,|||,|||
47.242.0.19,47.242.0.19,00000000000000000000000000000000000000000000000000000000000000,|||,|||,|||,|||,|||,|||,|||,|||,|||,|||
84.17.35.84,84.17.35.84,21d14d00021d21d21c21d14d21d21dcade67768786e23ca695466fb7f94658,c013|0303||ff01-000b-0023-0017,009d|0303||ff01-0023-0017,|||,c013|0303||ff01-000b-0023-0017,c013|0303||ff01-000b-0023-0017,c013|0302||ff01-000b-0023-0017,c013|0303||ff01-000b-0023-0017,009d|0303||ff01-0023-0017,c013|0303||ff01-000b-0023-0017,c013|0303||ff01-000b-0023-0017
89.120.201.34,89.120.201.34,00000000000000000000000000000000000000000000000000000000000000,|||,|||,|||,|||,|||,|||,|||,|||,|||,|||
89.248.165.54,89.248.165.54,00000000000000000000000000000000000000000000000000000000000000,|||,|||,|||,|||,|||,|||,|||,|||,|||,|||
89.248.165.51,89.248.165.51,00000000000000000000000000000000000000000000000000000000000000,|||,|||,|||,|||,|||,|||,|||,|||,|||,|||
89.248.165.89,89.248.165.89,00000000000000000000000000000000000000000000000000000000000000,|||,|||,|||,|||,|||,|||,|||,|||,|||,|||
89.248.165.86,89.248.165.86,00000000000000000000000000000000000000000000000000000000000000,|||,|||,|||,|||,|||,|||,|||,|||,|||,|||
89.248.165.102,89.248.165.102,00000000000000000000000000000000000000000000000000000000000000,|||,|||,|||,|||,|||,|||,|||,|||,|||,|||
88.68.44.80,88.68.44.80,29d29d15d29d29d21c42d42d0000006f254909a73bf62f6b28507e9fb451b5,c02f|0303|http/1.1|ff01-0001-000b-0023-0010-0017,c02f|0303|http/1.1|ff01-0001-000b-0023-0010-0017,009e|0303|http/1.1|ff01-0001-0023-0010-0017,c02f|0303|http/1.1|ff01-0001-000b-0023-0010-0017,c02f|0303|http/1.1|ff01-0001-000b-0023-0010-0017,c013|0302|http/1.1|ff01-0001-000b-0023-0010-0017,1302|0303||002b-0033,1302|0303||002b-0033,|||,|||
87.245.138.242,87.245.138.242,00000000000000000000000000000000000000000000000000000000000000,|||,|||,|||,|||,|||,|||,|||,|||,|||,|||
47.115.150.229,47.115.150.229,00000000000000000000000000000000000000000000000000000000000000,|||,|||,|||,|||,|||,|||,|||,|||,|||,|||
47.115.216.226,47.115.216.226,00000000000000000000000000000000000000000000000000000000000000,|||,|||,|||,|||,|||,|||,|||,|||,|||,|||
89.248.165.249,89.248.165.249,00000000000000000000000000000000000000000000000000000000000000,|||,|||,|||,|||,|||,|||,|||,|||,|||,|||
47.222.34.8,47.222.34.8,00000000000000000000000000000000000000000000000000000000000000,|||,|||,|||,|||,|||,|||,|||,|||,|||,|||
89.218.32.2,89.218.32.2,00000000000000000000000000000000000000000000000000000000000000,|||,|||,|||,|||,|||,|||,|||,|||,|||,|||
47.117.124.176,47.117.124.176,00000000000000000000000000000000000000000000000000000000000000,|||,|||,|||,|||,|||,|||,|||,|||,|||,|||
47.113.178.100,47.113.178.100,00000000000000000000000000000000000000000000000000000000000000,|||,|||,|||,|||,|||,|||,|||,|||,|||,|||
47.119.127.104,47.119.127.104,00000000000000000000000000000000000000000000000000000000000000,|||,|||,|||,|||,|||,|||,|||,|||,|||,|||
47.242.111.101,47.242.111.101,00000000000000000000000000000000000000000000000000000000000000,|||,|||,|||,|||,|||,|||,|||,|||,|||,|||
47.117.45.245,47.117.45.245,00000000000000000000000000000000000000000000000000000000000000,|||,|||,|||,|||,|||,|||,|||,|||,|||,|||
89.248.165.70,89.248.165.70,00000000000000000000000000000000000000000000000000000000000000,|||,|||,|||,|||,|||,|||,|||,|||,|||,|||
47.243.206.11,47.243.206.11,00000000000000000000000000000000000000000000000000000000000000,|||,|||,|||,|||,|||,|||,|||,|||,|||,|||
89.248.165.72,89.248.165.72,00000000000000000000000000000000000000000000000000000000000000,|||,|||,|||,|||,|||,|||,|||,|||,|||,|||
47.115.13.115,47.115.13.115,00000000000000000000000000000000000000000000000000000000000000,|||,|||,|||,|||,|||,|||,|||,|||,|||,|||
82.157.119.32,82.157.119.32,00000000000000000000000000000000000000000000000000000000000000,|||,|||,|||,|||,|||,|||,|||,|||,|||,|||
47.119.161.2,47.119.161.2,00000000000000000000000000000000000000000000000000000000000000,|||,|||,|||,|||,|||,|||,|||,|||,|||,|||
47.232.238.239,47.232.238.239,00000000000000000000000000000000000000000000000000000000000000,|||,|||,|||,|||,|||,|||,|||,|||,|||,|||
81.70.77.250,81.70.77.250,00000000000000000000000000000000000000000000000000000000000000,|||,|||,|||,|||,|||,|||,|||,|||,|||,|||
47.214.121.198,47.214.121.198,00000000000000000000000000000000000000000000000000000000000000,|||,|||,|||,|||,|||,|||,|||,|||,|||,|||
47.243.193.43,47.243.193.43,00000000000000000000000000000000000000000000000000000000000000,|||,|||,|||,|||,|||,|||,|||,|||,|||,|||
47.187.96.84,47.187.96.84,00000000000000000000000000000000000000000000000000000000000000,|||,|||,|||,|||,|||,|||,|||,|||,|||,|||
89.248.165.39,89.248.165.39,00000000000000000000000000000000000000000000000000000000000000,|||,|||,|||,|||,|||,|||,|||,|||,|||,|||
89.248.165.74,89.248.165.74,00000000000000000000000000000000000000000000000000000000000000,|||,|||,|||,|||,|||,|||,|||,|||,|||,|||
88.64.137.35,88.64.137.35,00000000000000000000000000000000000000000000000000000000000000,|||,|||,|||,|||,|||,|||,|||,|||,|||,|||
47.242.105.242,47.242.105.242,00000000000000000000000000000000000000000000000000000000000000,|||,|||,|||,|||,|||,|||,|||,|||,|||,|||
89.248.165.145,89.248.165.145,00000000000000000000000000000000000000000000000000000000000000,|||,|||,|||,|||,|||,|||,|||,|||,|||,|||
89.248.165.90,89.248.165.90,00000000000000000000000000000000000000000000000000000000000000,|||,|||,|||,|||,|||,|||,|||,|||,|||,|||
47.119.153.64,47.119.153.64,00000000000000000000000000000000000000000000000000000000000000,|||,|||,|||,|||,|||,|||,|||,|||,|||,|||
89.248.168.197,89.248.168.197,00000000000000000000000000000000000000000000000000000000000000,|||,|||,|||,|||,|||,|||,|||,|||,|||,|||
89.248.167.147,89.248.167.147,00000000000000000000000000000000000000000000000000000000000000,|||,|||,|||,|||,|||,|||,|||,|||,|||,|||
89.248.165.71,89.248.165.71,00000000000000000000000000000000000000000000000000000000000000,|||,|||,|||,|||,|||,|||,|||,|||,|||,|||
89.248.165.55,89.248.165.55,00000000000000000000000000000000000000000000000000000000000000,|||,|||,|||,|||,|||,|||,|||,|||,|||,|||
47.114.113.26,47.114.113.26,00000000000000000000000000000000000000000000000000000000000000,|||,|||,|||,|||,|||,|||,|||,|||,|||,|||
89.248.167.193,89.248.167.193,00000000000000000000000000000000000000000000000000000000000000,|||,|||,|||,|||,|||,|||,|||,|||,|||,|||
47.243.175.158,47.243.175.158,00000000000000000000000000000000000000000000000000000000000000,|||,|||,|||,|||,|||,|||,|||,|||,|||,|||
89.248.167.165,89.248.167.165,00000000000000000000000000000000000000000000000000000000000000,|||,|||,|||,|||,|||,|||,|||,|||,|||,|||
89.248.163.159,89.248.163.159,00000000000000000000000000000000000000000000000000000000000000,|||,|||,|||,|||,|||,|||,|||,|||,|||,|||
89.248.167.132,89.248.167.132,00000000000000000000000000000000000000000000000000000000000000,|||,|||,|||,|||,|||,|||,|||,|||,|||,|||
84.22.139.99,84.22.139.99,3fd3fd15d3fd3fd00042d42d00000061256d32ed7779c14686ad100544dc8d,cca8|0303|http/1.1|ff01-0001-000b-0023-0010-0017,cca8|0303|http/1.1|ff01-0001-000b-0023-0010-0017,009e|0303|http/1.1|ff01-0001-0023-0010-0017,cca8|0303|http/1.1|ff01-0001-000b-0023-0010-0017,cca8|0303|http/1.1|ff01-0001-000b-0023-0010-0017,|||,1302|0303||002b-0033,1302|0303||002b-0033,|||,|||
89.248.165.73,89.248.165.73,00000000000000000000000000000000000000000000000000000000000000,|||,|||,|||,|||,|||,|||,|||,|||,|||,|||
81.70.97.132,81.70.97.132,00000000000000000000000000000000000000000000000000000000000000,|||,|||,|||,|||,|||,|||,|||,|||,|||,|||
89.248.173.131,89.248.173.131,00000000000000000000000000000000000000000000000000000000000000,|||,|||,|||,|||,|||,|||,|||,|||,|||,|||
47.135.1.197,47.135.1.197,00000000000000000000000000000000000000000000000000000000000000,|||,|||,|||,|||,|||,|||,|||,|||,|||,|||
89.248.165.81,89.248.165.81,00000000000000000000000000000000000000000000000000000000000000,|||,|||,|||,|||,|||,|||,|||,|||,|||,|||
89.153.91.15,89.153.91.15,00000000000000000000000000000000000000000000000000000000000000,|||,|||,|||,|||,|||,|||,|||,|||,|||,|||
89.248.165.59,89.248.165.59,00000000000000000000000000000000000000000000000000000000000000,|||,|||,|||,|||,|||,|||,|||,|||,|||,|||
89.248.163.147,89.248.163.147,00000000000000000000000000000000000000000000000000000000000000,|||,|||,|||,|||,|||,|||,|||,|||,|||,|||
89.248.167.164,89.248.167.164,00000000000000000000000000000000000000000000000000000000000000,|||,|||,|||,|||,|||,|||,|||,|||,|||,|||
91.138.181.172,91.138.181.172,00000000000000000000000000000000000000000000000000000000000000,|||,|||,|||,|||,|||,|||,|||,|||,|||,|||
91.134.185.88,91.134.185.88,00000000000000000000000000000000000000000000000000000000000000,|||,|||,|||,|||,|||,|||,|||,|||,|||,|||
89.248.172.16,89.248.172.16,00000000000000000000000000000000000000000000000000000000000000,|||,|||,|||,|||,|||,|||,|||,|||,|||,|||
81.70.94.161,81.70.94.161,00000000000000000000000000000000000000000000000000000000000000,|||,|||,|||,|||,|||,|||,|||,|||,|||,|||
90.177.244.100,90.177.244.100,00000000000000000000000000000000000000000000000000000000000000,|||,|||,|||,|||,|||,|||,|||,|||,|||,|||
89.248.167.131,89.248.167.131,00000000000000000000000000000000000000000000000000000000000000,|||,|||,|||,|||,|||,|||,|||,|||,|||,|||
89.249.73.130,89.249.73.130,00000000000000000000000000000000000000000000000000000000000000,|||,|||,|||,|||,|||,|||,|||,|||,|||,|||
85.120.160.235,85.120.160.235,00000000000000000000000000000000000000000000000000000000000000,|||,|||,|||,|||,|||,|||,|||,|||,|||,|||
81.70.194.80,81.70.194.80,00000000000000000000000000000000000000000000000000000000000000,|||,|||,|||,|||,|||,|||,|||,|||,|||,|||
47.253.56.104,47.253.56.104,00000000000000000000000000000000000000000000000000000000000000,|||,|||,|||,|||,|||,|||,|||,|||,|||,|||
47.253.45.222,47.253.45.222,00000000000000000000000000000000000000000000000000000000000000,|||,|||,|||,|||,|||,|||,|||,|||,|||,|||
47.110.229.0,47.110.229.0,00000000000000000000000000000000000000000000000000000000000000,|||,|||,|||,|||,|||,|||,|||,|||,|||,|||
47.244.45.12,47.244.45.12,00000000000000000000000000000000000000000000000000000000000000,|||,|||,|||,|||,|||,|||,|||,|||,|||,|||
85.105.23.179,85.105.23.179,04b02b00004b04b04b04b02b04b04b9674c6b4e623ae36cc2d998e99e2262e,000a|0301||ff01-0023,0005|0301||ff01-0023,|||,000a|0301||ff01-0023,000a|0301||ff01-0023,000a|0301||ff01-0023,000a|0301||ff01-0023,0005|0301||ff01-0023,000a|0301||ff01-0023,000a|0301||ff01-0023
47.253.60.219,47.253.60.219,00000000000000000000000000000000000000000000000000000000000000,|||,|||,|||,|||,|||,|||,|||,|||,|||,|||
47.119.158.160,47.119.158.160,00000000000000000000000000000000000000000000000000000000000000,|||,|||,|||,|||,|||,|||,|||,|||,|||,|||
47.252.34.201,47.252.34.201,00000000000000000000000000000000000000000000000000000000000000,|||,|||,|||,|||,|||,|||,|||,|||,|||,|||
89.165.211.209,89.165.211.209,00000000000000000000000000000000000000000000000000000000000000,|||,|||,|||,|||,|||,|||,|||,|||,|||,|||
47.115.181.69,47.115.181.69,00000000000000000000000000000000000000000000000000000000000000,|||,|||,|||,|||,|||,|||,|||,|||,|||,|||
81.68.96.37,81.68.96.37,00000000000000000000000000000000000000000000000000000000000000,|||,|||,|||,|||,|||,|||,|||,|||,|||,|||
47.243.62.189,47.243.62.189,00000000000000000000000000000000000000000000000000000000000000,|||,|||,|||,|||,|||,|||,|||,|||,|||,|||
47.115.170.242,47.115.170.242,00000000000000000000000000000000000000000000000000000000000000,|||,|||,|||,|||,|||,|||,|||,|||,|||,|||
89.248.163.145,89.248.163.145,00000000000000000000000000000000000000000000000000000000000000,|||,|||,|||,|||,|||,|||,|||,|||,|||,|||
89.248.165.85,89.248.165.85,00000000000000000000000000000000000000000000000000000000000000,|||,|||,|||,|||,|||,|||,|||,|||,|||,|||
85.214.81.149,85.214.81.149,29d29d15d29d29d00042d42d00000061256d32ed7779c14686ad100544dc8d,c02f|0303|http/1.1|ff01-0001-000b-0023-0010-0017,c02f|0303|http/1.1|ff01-0001-000b-0023-0010-0017,009e|0303|http/1.1|ff01-0001-0023-0010-0017,c02f|0303|http/1.1|ff01-0001-000b-0023-0010-0017,c02f|0303|http/1.1|ff01-0001-000b-0023-0010-0017,|||,1302|0303||002b-0033,1302|0303||002b-0033,|||,|||
89.248.165.65,89.248.165.65,00000000000000000000000000000000000000000000000000000000000000,|||,|||,|||,|||,|||,|||,|||,|||,|||,|||
91.134.185.92,91.134.185.92,00000000000000000000000000000000000000000000000000000000000000,|||,|||,|||,|||,|||,|||,|||,|||,|||,|||
89.234.183.183,89.234.183.183,29d3fd00029d29d00042d43d0000005d86ccb1a0567e012264097a0315d7a7,c02f|0303|h2|ff01-0000-0001-000b-0023-0010-0017,cca8|0303|h2|ff01-0000-0001-000b-0023-0010-0017,|||,c02f|0303||ff01-0000-0001-000b-0023-0017,c02f|0303||ff01-0000-0001-000b-0023-0017,|||,1302|0303||002b-0033,1303|0303||002b-0033,|||,|||
87.26.135.71,87.26.135.71,26d26d16d26d26d22c26d26d26d26dd7fc4c7c6ef19b77a4ca0787979cdc13,c028|0303||ff01,c028|0303||ff01,009f|0303||ff01,c028|0303||ff01,c028|0303||ff01,c014|0302||ff01,c028|0303||ff01,c028|0303||ff01,c028|0303||ff01,c028|0303||ff01
89.248.167.151,89.248.167.151,00000000000000000000000000000000000000000000000000000000000000,|||,|||,|||,|||,|||,|||,|||,|||,|||,|||
91.218.19.193,91.218.19.193,00000000000000000000000000000000000000000000000000000000000000,|||,|||,|||,|||,|||,|||,|||,|||,|||,|||
89.248.167.191,89.248.167.191,00000000000000000000000000000000000000000000000000000000000000,|||,|||,|||,|||,|||,|||,|||,|||,|||,|||
47.112.41.212,47.112.41.212,00000000000000000000000000000000000000000000000000000000000000,|||,|||,|||,|||,|||,|||,|||,|||,|||,|||
47.252.18.241,47.252.18.241,00000000000000000000000000000000000000000000000000000000000000,|||,|||,|||,|||,|||,|||,|||,|||,|||,|||
89.248.165.76,89.248.165.76,00000000000000000000000000000000000000000000000000000000000000,|||,|||,|||,|||,|||,|||,|||,|||,|||,|||
47.253.61.199,47.253.61.199,00000000000000000000000000000000000000000000000000000000000000,|||,|||,|||,|||,|||,|||,|||,|||,|||,|||
47.253.46.65,47.253.46.65,00000000000000000000000000000000000000000000000000000000000000,|||,|||,|||,|||,|||,|||,|||,|||,|||,|||
47.243.6.218,47.243.6.218,00000000000000000000000000000000000000000000000000000000000000,|||,|||,|||,|||,|||,|||,|||,|||,|||,|||
47.114.152.16,47.114.152.16,00000000000000000000000000000000000000000000000000000000000000,|||,|||,|||,|||,|||,|||,|||,|||,|||,|||
88.247.226.210,88.247.226.210,00000000000000000000000000000000000000000000000000000000000000,|||,|||,|||,|||,|||,|||,|||,|||,|||,|||
89.248.165.99,89.248.165.99,00000000000000000000000000000000000000000000000000000000000000,|||,|||,|||,|||,|||,|||,|||,|||,|||,|||
47.114.146.100,47.114.146.100,00000000000000000000000000000000000000000000000000000000000000,|||,|||,|||,|||,|||,|||,|||,|||,|||,|||
47.90.222.164,47.90.222.164,00000000000000000000000000000000000000000000000000000000000000,|||,|||,|||,|||,|||,|||,|||,|||,|||,|||
47.253.58.142,47.253.58.142,00000000000000000000000000000000000000000000000000000000000000,|||,|||,|||,|||,|||,|||,|||,|||,|||,|||
47.253.84.59,47.253.84.59,00000000000000000000000000000000000000000000000000000000000000,|||,|||,|||,|||,|||,|||,|||,|||,|||,|||
91.134.185.81,91.134.185.81,00000000000000000000000000000000000000000000000000000000000000,|||,|||,|||,|||,|||,|||,|||,|||,|||,|||
85.106.1.70,85.106.1.70,00000000000000000000000000000000000000000000000000000000000000,|||,|||,|||,|||,|||,|||,|||,|||,|||,|||
47.90.160.90,47.90.160.90,00000000000000000000000000000000000000000000000000000000000000,|||,|||,|||,|||,|||,|||,|||,|||,|||,|||
47.253.106.106,47.253.106.106,00000000000000000000000000000000000000000000000000000000000000,|||,|||,|||,|||,|||,|||,|||,|||,|||,|||
47.252.36.34,47.252.36.34,00000000000000000000000000000000000000000000000000000000000000,|||,|||,|||,|||,|||,|||,|||,|||,|||,|||
47.253.45.87,47.253.45.87,00000000000000000000000000000000000000000000000000000000000000,|||,|||,|||,|||,|||,|||,|||,|||,|||,|||
47.114.175.227,47.114.175.227,00000000000000000000000000000000000000000000000000000000000000,|||,|||,|||,|||,|||,|||,|||,|||,|||,|||
47.89.153.1,47.89.153.1,00000000000000000000000000000000000000000000000000000000000000,|||,|||,|||,|||,|||,|||,|||,|||,|||,|||
47.253.102.26,47.253.102.26,00000000000000000000000000000000000000000000000000000000000000,|||,|||,|||,|||,|||,|||,|||,|||,|||,|||
47.252.28.45,47.252.28.45,00000000000000000000000000000000000000000000000000000000000000,|||,|||,|||,|||,|||,|||,|||,|||,|||,|||
89.248.167.158,89.248.167.158,00000000000000000000000000000000000000000000000000000000000000,|||,|||,|||,|||,|||,|||,|||,|||,|||,|||
89.248.165.60,89.248.165.60,00000000000000000000000000000000000000000000000000000000000000,|||,|||,|||,|||,|||,|||,|||,|||,|||,|||
47.253.58.186,47.253.58.186,00000000000000000000000000000000000000000000000000000000000000,|||,|||,|||,|||,|||,|||,|||,|||,|||,|||
82.156.192.137,82.156.192.137,00000000000000000000000000000000000000000000000000000000000000,|||,|||,|||,|||,|||,|||,|||,|||,|||,|||
89.248.165.75,89.248.165.75,00000000000000000000000000000000000000000000000000000000000000,|||,|||,|||,|||,|||,|||,|||,|||,|||,|||
47.243.56.136,47.243.56.136,00000000000000000000000000000000000000000000000000000000000000,|||,|||,|||,|||,|||,|||,|||,|||,|||,|||
47.253.47.164,47.253.47.164,00000000000000000000000000000000000000000000000000000000000000,|||,|||,|||,|||,|||,|||,|||,|||,|||,|||
91.121.171.183,91.121.171.183,00000000000000000000000000000000000000000000000000000000000000,|||,|||,|||,|||,|||,|||,|||,|||,|||,|||
47.90.166.109,47.90.166.109,00000000000000000000000000000000000000000000000000000000000000,|||,|||,|||,|||,|||,|||,|||,|||,|||,|||
47.253.56.113,47.253.56.113,00000000000000000000000000000000000000000000000000000000000000,|||,|||,|||,|||,|||,|||,|||,|||,|||,|||
47.253.94.34,47.253.94.34,00000000000000000000000000000000000000000000000000000000000000,|||,|||,|||,|||,|||,|||,|||,|||,|||,|||
47.253.83.16,47.253.83.16,00000000000000000000000000000000000000000000000000000000000000,|||,|||,|||,|||,|||,|||,|||,|||,|||,|||
89.248.167.159,89.248.167.159,00000000000000000000000000000000000000000000000000000000000000,|||,|||,|||,|||,|||,|||,|||,|||,|||,|||
82.157.137.243,82.157.137.243,00000000000000000000000000000000000000000000000000000000000000,|||,|||,|||,|||,|||,|||,|||,|||,|||,|||
47.45.19.138,47.45.19.138,00000000000000000000000000000000000000000000000000000000000000,|||,|||,|||,|||,|||,|||,|||,|||,|||,|||
47.42.156.192,47.42.156.192,00000000000000000000000000000000000000000000000000000000000000,|||,|||,|||,|||,|||,|||,|||,|||,|||,|||
47.92.110.5,47.92.110.5,00000000000000000000000000000000000000000000000000000000000000,|||,|||,|||,|||,|||,|||,|||,|||,|||,|||
47.33.101.88,47.33.101.88,00000000000000000000000000000000000000000000000000000000000000,|||,|||,|||,|||,|||,|||,|||,|||,|||,|||
47.253.100.125,47.253.100.125,00000000000000000000000000000000000000000000000000000000000000,|||,|||,|||,|||,|||,|||,|||,|||,|||,|||
47.91.143.231,47.91.143.231,29d29d00029d29d22c29d29d29d29d881e59db99b9f67f908be168829ecef9,c02f|0303|http/1.1|ff01-000b-0023-0010,c02f|0303|http/1.1|ff01-000b-0023-0010,|||,c02f|0303||ff01-000b-0023,c02f|0303||ff01-000b-0023,c014|0302|http/1.1|ff01-000b-0023-0010,c02f|0303|http/1.1|ff01-000b-0023-0010,c02f|0303|http/1.1|ff01-000b-0023-0010,c02f|0303|http/1.1|ff01-000b-0023-0010,c02f|0303|http/1.1|ff01-000b-0023-0010
47.253.98.57,47.253.98.57,00000000000000000000000000000000000000000000000000000000000000,|||,|||,|||,|||,|||,|||,|||,|||,|||,|||
91.134.185.84,91.134.185.84,00000000000000000000000000000000000000000000000000000000000000,|||,|||,|||,|||,|||,|||,|||,|||,|||,|||
47.243.85.125,47.243.85.125,00000000000000000000000000000000000000000000000000000000000000,|||,|||,|||,|||,|||,|||,|||,|||,|||,|||
91.210.107.80,91.210.107.80,00000000000000000000000000000000000000000000000000000000000000,|||,|||,|||,|||,|||,|||,|||,|||,|||,|||
47.90.166.204,47.90.166.204,00000000000000000000000000000000000000000000000000000000000000,|||,|||,|||,|||,|||,|||,|||,|||,|||,|||
47.252.41.195,47.252.41.195,00000000000000000000000000000000000000000000000000000000000000,|||,|||,|||,|||,|||,|||,|||,|||,|||,|||
82.156.44.208,82.156.44.208,00000000000000000000000000000000000000000000000000000000000000,|||,|||,|||,|||,|||,|||,|||,|||,|||,|||
47.242.151.21,47.242.151.21,00000000000000000000000000000000000000000000000000000000000000,|||,|||,|||,|||,|||,|||,|||,|||,|||,|||
47.252.1.107,47.252.1.107,00000000000000000000000000000000000000000000000000000000000000,|||,|||,|||,|||,|||,|||,|||,|||,|||,|||
47.90.220.212,47.90.220.212,00000000000000000000000000000000000000000000000000000000000000,|||,|||,|||,|||,|||,|||,|||,|||,|||,|||
47.253.81.191,47.253.81.191,00000000000000000000000000000000000000000000000000000000000000,|||,|||,|||,|||,|||,|||,|||,|||,|||,|||
91.134.185.95,91.134.185.95,00000000000000000000000000000000000000000000000000000000000000,|||,|||,|||,|||,|||,|||,|||,|||,|||,|||
47.90.220.121,47.90.220.121,00000000000000000000000000000000000000000000000000000000000000,|||,|||,|||,|||,|||,|||,|||,|||,|||,|||
47.253.44.255,47.253.44.255,00000000000000000000000000000000000000000000000000000000000000,|||,|||,|||,|||,|||,|||,|||,|||,|||,|||
78.189.234.239,78.189.234.239,00000000000000000000000000000000000000000000000000000000000000,|||,|||,|||,|||,|||,|||,|||,|||,|||,|||
47.90.164.97,47.90.164.97,00000000000000000000000000000000000000000000000000000000000000,|||,|||,|||,|||,|||,|||,|||,|||,|||,|||
47.253.44.25,47.253.44.25,00000000000000000000000000000000000000000000000000000000000000,|||,|||,|||,|||,|||,|||,|||,|||,|||,|||
47.53.58.157,47.53.58.157,00000000000000000000000000000000000000000000000000000000000000,|||,|||,|||,|||,|||,|||,|||,|||,|||,|||
91.105.123.239,91.105.123.239,00000000000000000000000000000000000000000000000000000000000000,|||,|||,|||,|||,|||,|||,|||,|||,|||,|||
86.125.141.143,86.125.141.143,00000000000000000000000000000000000000000000000000000000000000,|||,|||,|||,|||,|||,|||,|||,|||,|||,|||
89.40.82.236,89.40.82.236,00000000000000000000000000000000000000000000000000000000000000,|||,|||,|||,|||,|||,|||,|||,|||,|||,|||
89.248.165.21,89.248.165.21,00000000000000000000000000000000000000000000000000000000000000,|||,|||,|||,|||,|||,|||,|||,|||,|||,|||
91.148.146.38,91.148.146.38,00000000000000000000000000000000000000000000000000000000000000,|||,|||,|||,|||,|||,|||,|||,|||,|||,|||
47.89.187.189,47.89.187.189,00000000000000000000000000000000000000000000000000000000000000,|||,|||,|||,|||,|||,|||,|||,|||,|||,|||
47.56.139.67,47.56.139.67,00000000000000000000000000000000000000000000000000000000000000,|||,|||,|||,|||,|||,|||,|||,|||,|||,|||
47.253.102.85,47.253.102.85,00000000000000000000000000000000000000000000000000000000000000,|||,|||,|||,|||,|||,|||,|||,|||,|||,|||
47.90.162.113,47.90.162.113,00000000000000000000000000000000000000000000000000000000000000,|||,|||,|||,|||,|||,|||,|||,|||,|||,|||
47.90.220.113,47.90.220.113,00000000000000000000000000000000000000000000000000000000000000,|||,|||,|||,|||,|||,|||,|||,|||,|||,|||
1.116.106.122,1.116.106.122,00000000000000000000000000000000000000000000000000000000000000,|||,|||,|||,|||,|||,|||,|||,|||,|||,|||
89.28.113.107,89.28.113.107,2ad2ad0002ad2ad0002ad2ad2ad2ad755a2cec4b52fb1bce1ac7f1e48c8a7d,c030|0303||ff01-000b,c030|0303||ff01-000b,|||,c030|0303||ff01-000b,c030|0303||ff01-000b,|||,c030|0303||ff01-000b,c030|0303||ff01-000b,c030|0303||ff01-000b,c030|0303||ff01-000b
91.226.221.191,91.226.221.191,00000000000000000000000000000000000000000000000000000000000000,|||,|||,|||,|||,|||,|||,|||,|||,|||,|||
91.134.185.90,91.134.185.90,00000000000000000000000000000000000000000000000000000000000000,|||,|||,|||,|||,|||,|||,|||,|||,|||,|||
47.92.199.192,47.92.199.192,00000000000000000000000000000000000000000000000000000000000000,|||,|||,|||,|||,|||,|||,|||,|||,|||,|||
47.90.179.197,47.90.179.197,00000000000000000000000000000000000000000000000000000000000000,|||,|||,|||,|||,|||,|||,|||,|||,|||,|||
91.240.118.11,91.240.118.11,00000000000000000000000000000000000000000000000000000000000000,|||,|||,|||,|||,|||,|||,|||,|||,|||,|||
47.253.99.78,47.253.99.78,00000000000000000000000000000000000000000000000000000000000000,|||,|||,|||,|||,|||,|||,|||,|||,|||,|||
91.240.118.71,91.240.118.71,00000000000000000000000000000000000000000000000000000000000000,|||,|||,|||,|||,|||,|||,|||,|||,|||,|||
47.89.157.190,47.89.157.190,00000000000000000000000000000000000000000000000000000000000000,|||,|||,|||,|||,|||,|||,|||,|||,|||,|||
47.90.213.59,47.90.213.59,00000000000000000000000000000000000000000000000000000000000000,|||,|||,|||,|||,|||,|||,|||,|||,|||,|||
47.90.219.144,47.90.219.144,00000000000000000000000000000000000000000000000000000000000000,|||,|||,|||,|||,|||,|||,|||,|||,|||,|||
47.253.47.16,47.253.47.16,00000000000000000000000000000000000000000000000000000000000000,|||,|||,|||,|||,|||,|||,|||,|||,|||,|||
92.63.196.25,92.63.196.25,00000000000000000000000000000000000000000000000000000000000000,|||,|||,|||,|||,|||,|||,|||,|||,|||,|||
47.93.245.108,47.93.245.108,00000000000000000000000000000000000000000000000000000000000000,|||,|||,|||,|||,|||,|||,|||,|||,|||,|||
47.103.14.193,47.103.14.193,00000000000000000000000000000000000000000000000000000000000000,|||,|||,|||,|||,|||,|||,|||,|||,|||,|||
47.253.98.117,47.253.98.117,00000000000000000000000000000000000000000000000000000000000000,|||,|||,|||,|||,|||,|||,|||,|||,|||,|||
47.93.20.100,47.93.20.100,00000000000000000000000000000000000000000000000000000000000000,|||,|||,|||,|||,|||,|||,|||,|||,|||,|||
47.93.226.133,47.93.226.133,00000000000000000000000000000000000000000000000000000000000000,|||,|||,|||,|||,|||,|||,|||,|||,|||,|||
47.93.249.79,47.93.249.79,00000000000000000000000000000000000000000000000000000000000000,|||,|||,|||,|||,|||,|||,|||,|||,|||,|||
47.93.221.224,47.93.221.224,00000000000000000000000000000000000000000000000000000000000000,|||,|||,|||,|||,|||,|||,|||,|||,|||,|||
86.124.131.1,86.124.131.1,00000000000000000000000000000000000000000000000000000000000000,|||,|||,|||,|||,|||,|||,|||,|||,|||,|||
47.94.151.7,47.94.151.7,00000000000000000000000000000000000000000000000000000000000000,|||,|||,|||,|||,|||,|||,|||,|||,|||,|||
47.90.133.63,47.90.133.63,00000000000000000000000000000000000000000000000000000000000000,|||,|||,|||,|||,|||,|||,|||,|||,|||,|||
91.134.185.87,91.134.185.87,00000000000000000000000000000000000000000000000000000000000000,|||,|||,|||,|||,|||,|||,|||,|||,|||,|||
47.93.191.64,47.93.191.64,00000000000000000000000000000000000000000000000000000000000000,|||,|||,|||,|||,|||,|||,|||,|||,|||,|||
47.93.27.3,47.93.27.3,00000000000000000000000000000000000000000000000000000000000000,|||,|||,|||,|||,|||,|||,|||,|||,|||,|||
91.240.118.13,91.240.118.13,00000000000000000000000000000000000000000000000000000000000000,|||,|||,|||,|||,|||,|||,|||,|||,|||,|||
91.132.3.202,91.132.3.202,00000000000000000000000000000000000000000000000000000000000000,|||,|||,|||,|||,|||,|||,|||,|||,|||,|||
47.90.243.124,47.90.243.124,00000000000000000000000000000000000000000000000000000000000000,|||,|||,|||,|||,|||,|||,|||,|||,|||,|||
47.93.174.13,47.93.174.13,00000000000000000000000000000000000000000000000000000000000000,|||,|||,|||,|||,|||,|||,|||,|||,|||,|||
47.253.97.45,47.253.97.45,00000000000000000000000000000000000000000000000000000000000000,|||,|||,|||,|||,|||,|||,|||,|||,|||,|||
47.90.242.9,47.90.242.9,00000000000000000000000000000000000000000000000000000000000000,|||,|||,|||,|||,|||,|||,|||,|||,|||,|||
91.151.88.129,91.151.88.129,00000000000000000000000000000000000000000000000000000000000000,|||,|||,|||,|||,|||,|||,|||,|||,|||,|||
47.94.149.158,47.94.149.158,00000000000000000000000000000000000000000000000000000000000000,|||,|||,|||,|||,|||,|||,|||,|||,|||,|||
89.97.64.171,89.97.64.171,00000000000000000000000000000000000000000000000000000000000000,|||,|||,|||,|||,|||,|||,|||,|||,|||,|||
90.84.231.230,90.84.231.230,00000000000000000000000000000000000000000000000000000000000000,|||,|||,|||,|||,|||,|||,|||,|||,|||,|||
92.63.197.86,92.63.197.86,00000000000000000000000000000000000000000000000000000000000000,|||,|||,|||,|||,|||,|||,|||,|||,|||,|||
47.94.159.182,47.94.159.182,00000000000000000000000000000000000000000000000000000000000000,|||,|||,|||,|||,|||,|||,|||,|||,|||,|||
92.63.197.71,92.63.197.71,00000000000000000000000000000000000000000000000000000000000000,|||,|||,|||,|||,|||,|||,|||,|||,|||,|||
47.93.54.55,47.93.54.55,00000000000000000000000000000000000000000000000000000000000000,|||,|||,|||,|||,|||,|||,|||,|||,|||,|||
91.224.206.27,91.224.206.27,00000000000000000000000000000000000000000000000000000000000000,|||,|||,|||,|||,|||,|||,|||,|||,|||,|||
47.93.45.103,47.93.45.103,00000000000000000000000000000000000000000000000000000000000000,|||,|||,|||,|||,|||,|||,|||,|||,|||,|||
27.75.138.151,27.75.138.151,00000000000000000000000000000000000000000000000000000000000000,|||,|||,|||,|||,|||,|||,|||,|||,|||,|||
47.90.241.122,47.90.241.122,00000000000000000000000000000000000000000000000000000000000000,|||,|||,|||,|||,|||,|||,|||,|||,|||,|||
91.240.118.75,91.240.118.75,00000000000000000000000000000000000000000000000000000000000000,|||,|||,|||,|||,|||,|||,|||,|||,|||,|||
91.239.97.246,91.239.97.246,07d10d11d21d21d07c07d10d07d21d7f94927a800698f72ad8146900120abe,0033|0303|http/1.1|ff01-0023-0010,0084|0303|http/1.1|ff01-0023-0010,0088|0303|http/1.1|ff01-0023-0010,c013|0303|http/1.1|ff01-000b-0023-0010,c013|0303|http/1.1|ff01-000b-0023-0010,0033|0302|http/1.1|ff01-0023-0010,0033|0303|http/1.1|ff01-0023-0010,0084|0303|http/1.1|ff01-0023-0010,0033|0303|http/1.1|ff01-0023-0010,c013|0303|http/1.1|ff01-000b-0023-0010
89.190.180.212,89.190.180.212,2ad2ad16d2ad2ad22b2ad2ad2ad2ad6de0c14efa19c3fd51d31152d2c663a1,c030|0303||ff01-000b-0017,c030|0303||ff01-000b-0017,009f|0303||ff01-0017,c030|0303||ff01-000b-0017,c030|0303||ff01-000b-0017,c014|0301||ff01-000b,c030|0303||ff01-000b-0017,c030|0303||ff01-000b-0017,c030|0303||ff01-000b-0017,c030|0303||ff01-000b-0017
89.45.189.216,89.45.189.216,00000000000000000000000000000000000000000000000000000000000000,|||,|||,|||,|||,|||,|||,|||,|||,|||,|||
93.174.95.106,93.174.95.106,00000000000000000000000000000000000000000000000000000000000000,|||,|||,|||,|||,|||,|||,|||,|||,|||,|||
91.121.30.56,91.121.30.56,3fd21b20d00000021c43d21b21b43de0a012c76cf078b8d06f4620c2286f5e,cca8|0303|h2|0023-ff01-0010-000b,c013|0301|h2|0023-ff01-0010-000b,c012|0303|h2|0023-ff01-0010-000b,|||,|||,c013|0302|h2|0023-ff01-0010-000b,1303|0303||002b-0033,c013|0301|h2|0023-ff01-0010-000b,c013|0301|h2|0023-ff01-0010-000b,1303|0303||002b-0033
91.240.118.15,91.240.118.15,00000000000000000000000000000000000000000000000000000000000000,|||,|||,|||,|||,|||,|||,|||,|||,|||,|||
89.248.165.63,89.248.165.63,00000000000000000000000000000000000000000000000000000000000000,|||,|||,|||,|||,|||,|||,|||,|||,|||,|||
92.63.196.61,92.63.196.61,00000000000000000000000000000000000000000000000000000000000000,|||,|||,|||,|||,|||,|||,|||,|||,|||,|||
91.171.89.181,91.171.89.181,00000000000000000000000000000000000000000000000000000000000000,|||,|||,|||,|||,|||,|||,|||,|||,|||,|||
47.94.167.81,47.94.167.81,00000000000000000000000000000000000000000000000000000000000000,|||,|||,|||,|||,|||,|||,|||,|||,|||,|||
92.63.197.83,92.63.197.83,00000000000000000000000000000000000000000000000000000000000000,|||,|||,|||,|||,|||,|||,|||,|||,|||,|||
92.249.99.15,92.249.99.15,00000000000000000000000000000000000000000000000000000000000000,|||,|||,|||,|||,|||,|||,|||,|||,|||,|||
91.143.61.18,91.143.61.18,00000000000000000000000000000000000000000000000000000000000000,|||,|||,|||,|||,|||,|||,|||,|||,|||,|||
82.157.192.136,82.157.192.136,00000000000000000000000000000000000000000000000000000000000000,|||,|||,|||,|||,|||,|||,|||,|||,|||,|||
91.240.118.17,91.240.118.17,00000000000000000000000000000000000000000000000000000000000000,|||,|||,|||,|||,|||,|||,|||,|||,|||,|||
91.240.118.164,91.240.118.164,00000000000000000000000000000000000000000000000000000000000000,|||,|||,|||,|||,|||,|||,|||,|||,|||,|||
81.68.251.26,81.68.251.26,2ad2ad0002ad2ad22c2ad2ad2ad2ad6a7bd8f51d54bfc07e1cd34e5ca50bb3,c030|0303|http/1.1|0000-ff01-000b-0023-0010,c030|0303|http/1.1|0000-ff01-000b-0023-0010,|||,c030|0303||0000-ff01-000b-0023,c030|0303||0000-ff01-000b-0023,c014|0302|http/1.1|0000-ff01-000b-0023-0010,c030|0303|http/1.1|0000-ff01-000b-0023-0010,c030|0303|http/1.1|0000-ff01-000b-0023-0010,c030|0303|http/1.1|0000-ff01-000b-0023-0010,c030|0303|http/1.1|0000-ff01-000b-0023-0010
47.115.24.108,47.115.24.108,00000000000000000000000000000000000000000000000000000000000000,|||,|||,|||,|||,|||,|||,|||,|||,|||,|||
89.175.217.98,89.175.217.98,00000000000000000000000000000000000000000000000000000000000000,|||,|||,|||,|||,|||,|||,|||,|||,|||,|||
91.240.242.18,91.240.242.18,00000000000000000000000000000000000000000000000000000000000000,|||,|||,|||,|||,|||,|||,|||,|||,|||,|||
91.210.226.32,91.210.226.32,15d3fd16d29d29d00042d43d000000ed1cf37c9a169b41886e27ba8fad60b0,009e|0303|http/1.1|ff01-0001-0010-0017,cca8|0303|http/1.1|ff01-0001-000b-0010-0017,009f|0303|http/1.1|ff01-0001-0010-0017,c02f|0303|http/1.1|ff01-0001-000b-0010-0017,c02f|0303|http/1.1|ff01-0001-000b-0010-0017,|||,1302|0303||002b-0033,1303|0303||002b-0033,|||,|||
47.96.125.40,47.96.125.40,00000000000000000000000000000000000000000000000000000000000000,|||,|||,|||,|||,|||,|||,|||,|||,|||,|||
79.158.118.249,79.158.118.249,04b02b00004b04b04b04b02b04b04bf75d31ed09f72642b3ff007ac204e7c1,000a|0301||0023,0005|0301||0023,|||,000a|0301||0023,000a|0301||0023,000a|0301||0023,000a|0301||0023,0005|0301||0023,000a|0301||0023,000a|0301||0023
85.204.110.41,85.204.110.41,00000000000000000000000000000000000000000000000000000000000000,|||,|||,|||,|||,|||,|||,|||,|||,|||,|||
92.63.197.110,92.63.197.110,00000000000000000000000000000000000000000000000000000000000000,|||,|||,|||,|||,|||,|||,|||,|||,|||,|||
47.96.180.41,47.96.180.41,00000000000000000000000000000000000000000000000000000000000000,|||,|||,|||,|||,|||,|||,|||,|||,|||,|||
91.199.93.103,91.199.93.103,08d08d00008d08d08c08d08d08d08d9674c6b4e623ae36cc2d998e99e2262e,0035|0303||ff01-0023,0035|0303||ff01-0023,|||,0035|0303||ff01-0023,0035|0303||ff01-0023,0035|0302||ff01-0023,0035|0303||ff01-0023,0035|0303||ff01-0023,0035|0303||ff01-0023,0035|0303||ff01-0023
91.194.246.154,91.194.246.154,00000000000000000000000000000000000000000000000000000000000000,|||,|||,|||,|||,|||,|||,|||,|||,|||,|||
91.151.88.25,91.151.88.25,05d10d20d21d20d05c05d10d05d20d74fcf6501ae7a92319e575bfafd2a827,0016|0303||ff01-0023,0084|0303||ff01-0023,c012|0303||ff01-000b-0023,c013|0303||ff01-000b-0023,c012|0303||ff01-000b-0023,0016|0302||ff01-0023,0016|0303||ff01-0023,0084|0303||ff01-0023,0016|0303||ff01-0023,c012|0303||ff01-000b-0023
47.96.83.225,47.96.83.225,00000000000000000000000000000000000000000000000000000000000000,|||,|||,|||,|||,|||,|||,|||,|||,|||,|||
47.94.255.26,47.94.255.26,00000000000000000000000000000000000000000000000000000000000000,|||,|||,|||,|||,|||,|||,|||,|||,|||,|||
47.96.185.18,47.96.185.18,00000000000000000000000000000000000000000000000000000000000000,|||,|||,|||,|||,|||,|||,|||,|||,|||,|||
47.94.227.170,47.94.227.170,00000000000000000000000000000000000000000000000000000000000000,|||,|||,|||,|||,|||,|||,|||,|||,|||,|||
47.96.185.224,47.96.185.224,00000000000000000000000000000000000000000000000000000000000000,|||,|||,|||,|||,|||,|||,|||,|||,|||,|||
82.157.148.23,82.157.148.23,00000000000000000000000000000000000000000000000000000000000000,|||,|||,|||,|||,|||,|||,|||,|||,|||,|||
91.92.130.228,91.92.130.228,00000000000000000000000000000000000000000000000000000000000000,|||,|||,|||,|||,|||,|||,|||,|||,|||,|||
90.227.107.172,90.227.107.172,08d08d00008d08d08c08d08d08d08d9674c6b4e623ae36cc2d998e99e2262e,0035|0303||ff01-0023,0035|0303||ff01-0023,|||,0035|0303||ff01-0023,0035|0303||ff01-0023,0035|0302||ff01-0023,0035|0303||ff01-0023,0035|0303||ff01-0023,0035|0303||ff01-0023,0035|0303||ff01-0023
89.248.167.133,89.248.167.133,00000000000000000000000000000000000000000000000000000000000000,|||,|||,|||,|||,|||,|||,|||,|||,|||,|||
47.97.199.242,47.97.199.242,00000000000000000000000000000000000000000000000000000000000000,|||,|||,|||,|||,|||,|||,|||,|||,|||,|||
47.98.107.58,47.98.107.58,00000000000000000000000000000000000000000000000000000000000000,|||,|||,|||,|||,|||,|||,|||,|||,|||,|||
47.96.189.7,47.96.189.7,00000000000000000000000000000000000000000000000000000000000000,|||,|||,|||,|||,|||,|||,|||,|||,|||,|||
91.240.118.163,91.240.118.163,00000000000000000000000000000000000000000000000000000000000000,|||,|||,|||,|||,|||,|||,|||,|||,|||,|||
47.95.215.83,47.95.215.83,00000000000000000000000000000000000000000000000000000000000000,|||,|||,|||,|||,|||,|||,|||,|||,|||,|||
47.96.29.233,47.96.29.233,00000000000000000000000000000000000000000000000000000000000000,|||,|||,|||,|||,|||,|||,|||,|||,|||,|||
47.96.161.103,47.96.161.103,00000000000000000000000000000000000000000000000000000000000000,|||,|||,|||,|||,|||,|||,|||,|||,|||,|||
47.94.239.204,47.94.239.204,00000000000000000000000000000000000000000000000000000000000000,|||,|||,|||,|||,|||,|||,|||,|||,|||,|||
47.94.68.124,47.94.68.124,00000000000000000000000000000000000000000000000000000000000000,|||,|||,|||,|||,|||,|||,|||,|||,|||,|||
85.105.34.253,85.105.34.253,00000000000000000000000000000000000000000000000000000000000000,|||,|||,|||,|||,|||,|||,|||,|||,|||,|||
90.150.21.34,90.150.21.34,00000000000000000000000000000000000000000000000000000000000000,|||,|||,|||,|||,|||,|||,|||,|||,|||,|||
92.38.45.250,92.38.45.250,00000000000000000000000000000000000000000000000000000000000000,|||,|||,|||,|||,|||,|||,|||,|||,|||,|||
91.240.118.55,91.240.118.55,00000000000000000000000000000000000000000000000000000000000000,|||,|||,|||,|||,|||,|||,|||,|||,|||,|||
82.157.126.24,82.157.126.24,00000000000000000000000000000000000000000000000000000000000000,|||,|||,|||,|||,|||,|||,|||,|||,|||,|||
91.240.118.73,91.240.118.73,00000000000000000000000000000000000000000000000000000000000000,|||,|||,|||,|||,|||,|||,|||,|||,|||,|||
91.240.118.77,91.240.118.77,00000000000000000000000000000000000000000000000000000000000000,|||,|||,|||,|||,|||,|||,|||,|||,|||,|||
92.118.160.29,92.118.160.29,00000000000000000000000000000000000000000000000000000000000000,|||,|||,|||,|||,|||,|||,|||,|||,|||,|||
82.157.2.106,82.157.2.106,00000000000000000000000000000000000000000000000000000000000000,|||,|||,|||,|||,|||,|||,|||,|||,|||,|||
92.222.120.150,92.222.120.150,00000000000000000000000000000000000000000000000000000000000000,|||,|||,|||,|||,|||,|||,|||,|||,|||,|||
92.118.160.5,92.118.160.5,00000000000000000000000000000000000000000000000000000000000000,|||,|||,|||,|||,|||,|||,|||,|||,|||,|||
93.46.113.172,93.46.113.172,00000000000000000000000000000000000000000000000000000000000000,|||,|||,|||,|||,|||,|||,|||,|||,|||,|||
93.152.157.174,93.152.157.174,00000000000000000000000000000000000000000000000000000000000000,|||,|||,|||,|||,|||,|||,|||,|||,|||,|||
92.118.160.37,92.118.160.37,00000000000000000000000000000000000000000000000000000000000000,|||,|||,|||,|||,|||,|||,|||,|||,|||,|||
92.118.160.41,92.118.160.41,00000000000000000000000000000000000000000000000000000000000000,|||,|||,|||,|||,|||,|||,|||,|||,|||,|||
47.100.89.2,47.100.89.2,00000000000000000000000000000000000000000000000000000000000000,|||,|||,|||,|||,|||,|||,|||,|||,|||,|||
92.251.115.221,92.251.115.221,00000000000000000000000000000000000000000000000000000000000000,|||,|||,|||,|||,|||,|||,|||,|||,|||,|||
91.207.244.212,91.207.244.212,00000000000000000000000000000000000000000000000000000000000000,|||,|||,|||,|||,|||,|||,|||,|||,|||,|||
92.63.197.94,92.63.197.94,00000000000000000000000000000000000000000000000000000000000000,|||,|||,|||,|||,|||,|||,|||,|||,|||,|||
89.44.201.54,89.44.201.54,21d14d00021d21d21c21d14d21d21dcade67768786e23ca695466fb7f94658,c013|0303||ff01-000b-0023-0017,009d|0303||ff01-0023-0017,|||,c013|0303||ff01-000b-0023-0017,c013|0303||ff01-000b-0023-0017,c013|0302||ff01-000b-0023-0017,c013|0303||ff01-000b-0023-0017,009d|0303||ff01-0023-0017,c013|0303||ff01-000b-0023-0017,c013|0303||ff01-000b-0023-0017
91.239.97.29,91.239.97.29,07d19d1ad21d21d07c42d43d0000009424803a662b126a748cf4f90707a33c,0033|0303|http/1.1|ff01-0001-0023-0010-0017,00c0|0303|http/1.1|ff01-0001-0023-0010-0017,00c4|0303|http/1.1|ff01-0001-0023-0010-0017,c013|0303|http/1.1|ff01-0001-000b-0023-0010-0017,c013|0303|http/1.1|ff01-0001-000b-0023-0010-0017,0033|0302|http/1.1|ff01-0001-0023-0010-0017,1302|0303||002b-0033,1303|0303||002b-0033,|||,|||
91.241.19.221,91.241.19.221,00000000000000000000000000000000000000000000000000000000000000,|||,|||,|||,|||,|||,|||,|||,|||,|||,|||
91.214.124.51,91.214.124.51,3fd3fd0003fd3fd21c42d42d00000053159b1774e85efa5daee9eb6c5fb552,cca8|0303|h2|ff01-0000-0001-000b-0023-0010-0017,cca8|0303|h2|ff01-0000-0001-000b-0023-0010-0017,|||,cca8|0303|http/1.1|ff01-0000-0001-000b-0023-0010-0017,cca8|0303|http/1.1|ff01-0000-0001-000b-0023-0010-0017,c013|0302|http/1.1|ff01-0000-0001-000b-0023-0010-0017,1302|0303||002b-0033,1302|0303||002b-0033,|||,|||
92.118.160.25,92.118.160.25,00000000000000000000000000000000000000000000000000000000000000,|||,|||,|||,|||,|||,|||,|||,|||,|||,|||
92.118.161.13,92.118.161.13,00000000000000000000000000000000000000000000000000000000000000,|||,|||,|||,|||,|||,|||,|||,|||,|||,|||
92.118.160.53,92.118.160.53,00000000000000000000000000000000000000000000000000000000000000,|||,|||,|||,|||,|||,|||,|||,|||,|||,|||
92.118.161.17,92.118.161.17,00000000000000000000000000000000000000000000000000000000000000,|||,|||,|||,|||,|||,|||,|||,|||,|||,|||
91.218.115.137,91.218.115.137,00000000000000000000000000000000000000000000000000000000000000,|||,|||,|||,|||,|||,|||,|||,|||,|||,|||
94.124.78.172,94.124.78.172,00000000000000000000000000000000000000000000000000000000000000,|||,|||,|||,|||,|||,|||,|||,|||,|||,|||
91.224.207.139,91.224.207.139,00000000000000000000000000000000000000000000000000000000000000,|||,|||,|||,|||,|||,|||,|||,|||,|||,|||
92.118.161.21,92.118.161.21,00000000000000000000000000000000000000000000000000000000000000,|||,|||,|||,|||,|||,|||,|||,|||,|||,|||
47.97.206.102,47.97.206.102,00000000000000000000000000000000000000000000000000000000000000,|||,|||,|||,|||,|||,|||,|||,|||,|||,|||
47.94.238.68,47.94.238.68,00000000000000000000000000000000000000000000000000000000000000,|||,|||,|||,|||,|||,|||,|||,|||,|||,|||
47.97.10.252,47.97.10.252,00000000000000000000000000000000000000000000000000000000000000,|||,|||,|||,|||,|||,|||,|||,|||,|||,|||
47.96.237.207,47.96.237.207,00000000000000000000000000000000000000000000000000000000000000,|||,|||,|||,|||,|||,|||,|||,|||,|||,|||
92.118.160.33,92.118.160.33,00000000000000000000000000000000000000000000000000000000000000,|||,|||,|||,|||,|||,|||,|||,|||,|||,|||
47.98.104.219,47.98.104.219,00000000000000000000000000000000000000000000000000000000000000,|||,|||,|||,|||,|||,|||,|||,|||,|||,|||
89.187.173.251,89.187.173.251,21d14d00021d21d21c21d14d21d21dcade67768786e23ca695466fb7f94658,c013|0303||ff01-000b-0023-0017,009d|0303||ff01-0023-0017,|||,c013|0303||ff01-000b-0023-0017,c013|0303||ff01-000b-0023-0017,c013|0302||ff01-000b-0023-0017,c013|0303||ff01-000b-0023-0017,009d|0303||ff01-0023-0017,c013|0303||ff01-000b-0023-0017,c013|0303||ff01-000b-0023-0017
47.95.124.117,47.95.124.117,00000000000000000000000000000000000000000000000000000000000000,|||,|||,|||,|||,|||,|||,|||,|||,|||,|||
47.98.114.62,47.98.114.62,00000000000000000000000000000000000000000000000000000000000000,|||,|||,|||,|||,|||,|||,|||,|||,|||,|||
81.71.16.120,81.71.16.120,05b02b09b04b04b05b05b02b05b04b3e8a1b5604574eeb71824bf1efaba5aa,0016|0301||0000-0023,0005|0301||0000-0023,0039|0301||0000-0023,000a|0301||0000-0023,000a|0301||0000-0023,0016|0301||0000-0023,0016|0301||0000-0023,0005|0301||0000-0023,0016|0301||0000-0023,000a|0301||0000-0023
47.96.80.72,47.96.80.72,00000000000000000000000000000000000000000000000000000000000000,|||,|||,|||,|||,|||,|||,|||,|||,|||,|||
47.98.232.114,47.98.232.114,00000000000000000000000000000000000000000000000000000000000000,|||,|||,|||,|||,|||,|||,|||,|||,|||,|||
47.98.183.9,47.98.183.9,00000000000000000000000000000000000000000000000000000000000000,|||,|||,|||,|||,|||,|||,|||,|||,|||,|||
47.97.156.112,47.97.156.112,00000000000000000000000000000000000000000000000000000000000000,|||,|||,|||,|||,|||,|||,|||,|||,|||,|||
47.98.231.153,47.98.231.153,00000000000000000000000000000000000000000000000000000000000000,|||,|||,|||,|||,|||,|||,|||,|||,|||,|||
47.98.110.115,47.98.110.115,00000000000000000000000000000000000000000000000000000000000000,|||,|||,|||,|||,|||,|||,|||,|||,|||,|||
93.79.96.199,93.79.96.199,00000000000000000000000000000000000000000000000000000000000000,|||,|||,|||,|||,|||,|||,|||,|||,|||,|||
93.103.244.63,93.103.244.63,00000000000000000000000000000000000000000000000000000000000000,|||,|||,|||,|||,|||,|||,|||,|||,|||,|||
92.247.114.88,92.247.114.88,00000000000000000000000000000000000000000000000000000000000000,|||,|||,|||,|||,|||,|||,|||,|||,|||,|||
93.42.75.111,93.42.75.111,00000000000000000000000000000000000000000000000000000000000000,|||,|||,|||,|||,|||,|||,|||,|||,|||,|||
92.118.161.29,92.118.161.29,00000000000000000000000000000000000000000000000000000000000000,|||,|||,|||,|||,|||,|||,|||,|||,|||,|||
47.98.214.214,47.98.214.214,00000000000000000000000000000000000000000000000000000000000000,|||,|||,|||,|||,|||,|||,|||,|||,|||,|||
47.97.109.100,47.97.109.100,00000000000000000000000000000000000000000000000000000000000000,|||,|||,|||,|||,|||,|||,|||,|||,|||,|||
49.119.97.44,49.119.97.44,00000000000000000000000000000000000000000000000000000000000000,|||,|||,|||,|||,|||,|||,|||,|||,|||,|||
93.185.219.212,93.185.219.212,00000000000000000000000000000000000000000000000000000000000000,|||,|||,|||,|||,|||,|||,|||,|||,|||,|||
47.99.172.131,47.99.172.131,00000000000000000000000000000000000000000000000000000000000000,|||,|||,|||,|||,|||,|||,|||,|||,|||,|||
47.98.96.123,47.98.96.123,00000000000000000000000000000000000000000000000000000000000000,|||,|||,|||,|||,|||,|||,|||,|||,|||,|||
47.97.6.192,47.97.6.192,00000000000000000000000000000000000000000000000000000000000000,|||,|||,|||,|||,|||,|||,|||,|||,|||,|||
47.98.135.223,47.98.135.223,00000000000000000000000000000000000000000000000000000000000000,|||,|||,|||,|||,|||,|||,|||,|||,|||,|||
92.118.160.49,92.118.160.49,00000000000000000000000000000000000000000000000000000000000000,|||,|||,|||,|||,|||,|||,|||,|||,|||,|||
49.171.94.30,49.171.94.30,00000000000000000000000000000000000000000000000000000000000000,|||,|||,|||,|||,|||,|||,|||,|||,|||,|||
92.118.161.37,92.118.161.37,00000000000000000000000000000000000000000000000000000000000000,|||,|||,|||,|||,|||,|||,|||,|||,|||,|||
47.95.208.224,47.95.208.224,00000000000000000000000000000000000000000000000000000000000000,|||,|||,|||,|||,|||,|||,|||,|||,|||,|||
92.118.161.45,92.118.161.45,00000000000000000000000000000000000000000000000000000000000000,|||,|||,|||,|||,|||,|||,|||,|||,|||,|||
49.118.160.37,49.118.160.37,00000000000000000000000000000000000000000000000000000000000000,|||,|||,|||,|||,|||,|||,|||,|||,|||,|||
92.118.161.5,92.118.161.5,00000000000000000000000000000000000000000000000000000000000000,|||,|||,|||,|||,|||,|||,|||,|||,|||,|||
92.118.161.1,92.118.161.1,00000000000000000000000000000000000000000000000000000000000000,|||,|||,|||,|||,|||,|||,|||,|||,|||,|||
94.102.49.159,94.102.49.159,00000000000000000000000000000000000000000000000000000000000000,|||,|||,|||,|||,|||,|||,|||,|||,|||,|||
93.44.179.237,93.44.179.237,00000000000000000000000000000000000000000000000000000000000000,|||,|||,|||,|||,|||,|||,|||,|||,|||,|||
92.63.197.14,92.63.197.14,00000000000000000000000000000000000000000000000000000000000000,|||,|||,|||,|||,|||,|||,|||,|||,|||,|||
95.169.197.246,95.169.197.246,00000000000000000000000000000000000000000000000000000000000000,|||,|||,|||,|||,|||,|||,|||,|||,|||,|||
94.102.49.193,94.102.49.193,00000000000000000000000000000000000000000000000000000000000000,|||,|||,|||,|||,|||,|||,|||,|||,|||,|||
94.102.49.97,94.102.49.97,00000000000000000000000000000000000000000000000000000000000000,|||,|||,|||,|||,|||,|||,|||,|||,|||,|||
68.183.180.54,68.183.180.54,2ad2ad0002ad2ad00042d42d000000b906c61c02c1194a121d828bc93b5bd3,c030|0303||ff01-0000-0001-000b-0017,c030|0303||ff01-0000-0001-000b-0017,|||,c030|0303||ff01-0000-0001-000b-0017,c030|0303||ff01-0000-0001-000b-0017,|||,1302|0303||002b-0033,1302|0303||002b-0033,|||,|||
94.102.56.151,94.102.56.151,00000000000000000000000000000000000000000000000000000000000000,|||,|||,|||,|||,|||,|||,|||,|||,|||,|||
92.118.161.57,92.118.161.57,00000000000000000000000000000000000000000000000000000000000000,|||,|||,|||,|||,|||,|||,|||,|||,|||,|||
92.118.161.41,92.118.161.41,00000000000000000000000000000000000000000000000000000000000000,|||,|||,|||,|||,|||,|||,|||,|||,|||,|||
93.79.25.193,93.79.25.193,00000000000000000000000000000000000000000000000000000000000000,|||,|||,|||,|||,|||,|||,|||,|||,|||,|||
91.245.159.184,91.245.159.184,00000000000000000000000000000000000000000000000000000000000000,|||,|||,|||,|||,|||,|||,|||,|||,|||,|||
92.118.161.9,92.118.161.9,00000000000000000000000000000000000000000000000000000000000000,|||,|||,|||,|||,|||,|||,|||,|||,|||,|||
92.118.161.61,92.118.161.61,00000000000000000000000000000000000000000000000000000000000000,|||,|||,|||,|||,|||,|||,|||,|||,|||,|||
81.70.39.153,81.70.39.153,00000000000000000000000000000000000000000000000000000000000000,|||,|||,|||,|||,|||,|||,|||,|||,|||,|||
92.118.160.1,92.118.160.1,00000000000000000000000000000000000000000000000000000000000000,|||,|||,|||,|||,|||,|||,|||,|||,|||,|||
85.105.19.95,85.105.19.95,00000000000000000000000000000000000000000000000000000000000000,|||,|||,|||,|||,|||,|||,|||,|||,|||,|||
92.118.160.17,92.118.160.17,00000000000000000000000000000000000000000000000000000000000000,|||,|||,|||,|||,|||,|||,|||,|||,|||,|||
92.118.160.9,92.118.160.9,00000000000000000000000000000000000000000000000000000000000000,|||,|||,|||,|||,|||,|||,|||,|||,|||,|||
47.97.215.94,47.97.215.94,00000000000000000000000000000000000000000000000000000000000000,|||,|||,|||,|||,|||,|||,|||,|||,|||,|||
89.122.13.206,89.122.13.206,00000000000000000000000000000000000000000000000000000000000000,|||,|||,|||,|||,|||,|||,|||,|||,|||,|||
95.137.209.226,95.137.209.226,00000000000000000000000000000000000000000000000000000000000000,|||,|||,|||,|||,|||,|||,|||,|||,|||,|||
92.118.161.33,92.118.161.33,00000000000000000000000000000000000000000000000000000000000000,|||,|||,|||,|||,|||,|||,|||,|||,|||,|||
93.73.195.19,93.73.195.19,00000000000000000000000000000000000000000000000000000000000000,|||,|||,|||,|||,|||,|||,|||,|||,|||,|||
47.99.53.175,47.99.53.175,00000000000000000000000000000000000000000000000000000000000000,|||,|||,|||,|||,|||,|||,|||,|||,|||,|||
92.82.75.189,92.82.75.189,00000000000000000000000000000000000000000000000000000000000000,|||,|||,|||,|||,|||,|||,|||,|||,|||,|||
94.232.45.12,94.232.45.12,00000000000000000000000000000000000000000000000000000000000000,|||,|||,|||,|||,|||,|||,|||,|||,|||,|||
82.156.199.78,82.156.199.78,21d19d00021d21d21c21d19d21d21d3b0d229d76f2fd7cb8e23bb87da38a20,c013|0303|http/1.1|ff01-0000-0001-000b-0023-0010-0017,00c0|0303|http/1.1|ff01-0000-0001-0023-0010-0017,|||,c013|0303||ff01-0000-0001-000b-0023-0017,c013|0303||ff01-0000-0001-000b-0023-0017,c013|0302|http/1.1|ff01-0000-0001-000b-0023-0010-0017,c013|0303|http/1.1|ff01-0000-0001-000b-0023-0010-0017,00c0|0303|http/1.1|ff01-0000-0001-0023-0010-0017,c013|0303|http/1.1|ff01-0000-0001-000b-0023-0010-0017,c013|0303|http/1.1|ff01-0000-0001-000b-0023-0010-0017
94.23.34.80,94.23.34.80,00000000000000000000000000000000000000000000000000000000000000,|||,|||,|||,|||,|||,|||,|||,|||,|||,|||
94.232.46.20,94.232.46.20,00000000000000000000000000000000000000000000000000000000000000,|||,|||,|||,|||,|||,|||,|||,|||,|||,|||
92.118.160.61,92.118.160.61,00000000000000000000000000000000000000000000000000000000000000,|||,|||,|||,|||,|||,|||,|||,|||,|||,|||
94.230.76.140,94.230.76.140,00000000000000000000000000000000000000000000000000000000000000,|||,|||,|||,|||,|||,|||,|||,|||,|||,|||
92.118.161.49,92.118.161.49,00000000000000000000000000000000000000000000000000000000000000,|||,|||,|||,|||,|||,|||,|||,|||,|||,|||
47.99.121.152,47.99.121.152,00000000000000000000000000000000000000000000000000000000000000,|||,|||,|||,|||,|||,|||,|||,|||,|||,|||
47.95.202.101,47.95.202.101,00000000000000000000000000000000000000000000000000000000000000,|||,|||,|||,|||,|||,|||,|||,|||,|||,|||
94.232.45.44,94.232.45.44,00000000000000000000000000000000000000000000000000000000000000,|||,|||,|||,|||,|||,|||,|||,|||,|||,|||
47.95.247.145,47.95.247.145,00000000000000000000000000000000000000000000000000000000000000,|||,|||,|||,|||,|||,|||,|||,|||,|||,|||
92.118.160.13,92.118.160.13,00000000000000000000000000000000000000000000000000000000000000,|||,|||,|||,|||,|||,|||,|||,|||,|||,|||
93.174.93.218,93.174.93.218,15d2ad16d29d29d00015d2ad15d29d67edd16014aa8d87eb613c543d04cbe2,009e|0303||ff01-0023,c030|0303||ff01-000b-0023,009f|0303||ff01-0023,c02f|0303||ff01-000b-0023,c02f|0303||ff01-000b-0023,|||,009e|0303||ff01-0023,c030|0303||ff01-000b-0023,009e|0303||ff01-0023,c02f|0303||ff01-000b-0023
95.232.195.102,95.232.195.102,00000000000000000000000000000000000000000000000000000000000000,|||,|||,|||,|||,|||,|||,|||,|||,|||,|||
92.114.18.12,92.114.18.12,2ad2ad16d2ad2ad22c2ad2ad2ad2adc80334825071f8ff93376ac14c5a331f,c030|0303||ff01-000b-0023,c030|0303||ff01-000b-0023,009f|0303||ff01-0023,c030|0303||ff01-000b-0023,c030|0303||ff01-000b-0023,c014|0302||ff01-000b-0023,c030|0303||ff01-000b-0023,c030|0303||ff01-000b-0023,c030|0303||ff01-000b-0023,c030|0303||ff01-000b-0023
49.228.226.128,49.228.226.128,00000000000000000000000000000000000000000000000000000000000000,|||,|||,|||,|||,|||,|||,|||,|||,|||,|||
95.137.237.19,95.137.237.19,00000000000000000000000000000000000000000000000000000000000000,|||,|||,|||,|||,|||,|||,|||,|||,|||,|||
94.127.145.183,94.127.145.183,00000000000000000000000000000000000000000000000000000000000000,|||,|||,|||,|||,|||,|||,|||,|||,|||,|||
94.30.217.15,94.30.217.15,00000000000000000000000000000000000000000000000000000000000000,|||,|||,|||,|||,|||,|||,|||,|||,|||,|||
89.22.174.150,89.22.174.150,00000000000000000000000000000000000000000000000000000000000000,|||,|||,|||,|||,|||,|||,|||,|||,|||,|||
88.247.177.166,88.247.177.166,00000000000000000000000000000000000000000000000000000000000000,|||,|||,|||,|||,|||,|||,|||,|||,|||,|||
47.97.229.246,47.97.229.246,00000000000000000000000000000000000000000000000000000000000000,|||,|||,|||,|||,|||,|||,|||,|||,|||,|||
89.248.167.149,89.248.167.149,00000000000000000000000000000000000000000000000000000000000000,|||,|||,|||,|||,|||,|||,|||,|||,|||,|||
92.84.225.50,92.84.225.50,00000000000000000000000000000000000000000000000000000000000000,|||,|||,|||,|||,|||,|||,|||,|||,|||,|||
86.96.249.162,86.96.249.162,13d13d00013d13d08c13d13d13d13d9674c6b4e623ae36cc2d998e99e2262e,009c|0303||ff01-0023,009c|0303||ff01-0023,|||,009c|0303||ff01-0023,009c|0303||ff01-0023,0035|0302||ff01-0023,009c|0303||ff01-0023,009c|0303||ff01-0023,009c|0303||ff01-0023,009c|0303||ff01-0023
92.118.161.25,92.118.161.25,00000000000000000000000000000000000000000000000000000000000000,|||,|||,|||,|||,|||,|||,|||,|||,|||,|||
92.124.129.138,92.124.129.138,00000000000000000000000000000000000000000000000000000000000000,|||,|||,|||,|||,|||,|||,|||,|||,|||,|||
92.118.160.57,92.118.160.57,00000000000000000000000000000000000000000000000000000000000000,|||,|||,|||,|||,|||,|||,|||,|||,|||,|||
95.132.166.42,95.132.166.42,00000000000000000000000000000000000000000000000000000000000000,|||,|||,|||,|||,|||,|||,|||,|||,|||,|||
82.156.246.115,82.156.246.115,00000000000000000000000000000000000000000000000000000000000000,|||,|||,|||,|||,|||,|||,|||,|||,|||,|||
92.205.20.56,92.205.20.56,07d19d1ad21d21d00042d43d00000076e5b3c488a88e5790970b78ffb8afc2,0033|0303|http/1.1|ff01-0001-0023-0010-0017,00c0|0303|http/1.1|ff01-0001-0023-0010-0017,00c4|0303|http/1.1|ff01-0001-0023-0010-0017,c013|0303|http/1.1|ff01-0001-000b-0023-0010-0017,c013|0303|http/1.1|ff01-0001-000b-0023-0010-0017,|||,1302|0303||002b-0033,1303|0303||002b-0033,|||,|||
93.171.45.12,93.171.45.12,00000000000000000000000000000000000000000000000000000000000000,|||,|||,|||,|||,|||,|||,|||,|||,|||,|||
47.98.179.14,47.98.179.14,00000000000000000000000000000000000000000000000000000000000000,|||,|||,|||,|||,|||,|||,|||,|||,|||,|||
92.81.10.94,92.81.10.94,00000000000000000000000000000000000000000000000000000000000000,|||,|||,|||,|||,|||,|||,|||,|||,|||,|||
94.232.45.43,94.232.45.43,00000000000000000000000000000000000000000000000000000000000000,|||,|||,|||,|||,|||,|||,|||,|||,|||,|||
82.156.44.87,82.156.44.87,00000000000000000000000000000000000000000000000000000000000000,|||,|||,|||,|||,|||,|||,|||,|||,|||,|||
95.180.254.65,95.180.254.65,00000000000000000000000000000000000000000000000000000000000000,|||,|||,|||,|||,|||,|||,|||,|||,|||,|||
92.82.75.51,92.82.75.51,00000000000000000000000000000000000000000000000000000000000000,|||,|||,|||,|||,|||,|||,|||,|||,|||,|||
91.207.175.154,91.207.175.154,00000000000000000000000000000000000000000000000000000000000000,|||,|||,|||,|||,|||,|||,|||,|||,|||,|||
49.235.63.213,49.235.63.213,00000000000000000000000000000000000000000000000000000000000000,|||,|||,|||,|||,|||,|||,|||,|||,|||,|||
93.104.215.184,93.104.215.184,07d10d11d21d21d00007d10d07d21d2e85c890498be4da9c54ee0ea77b1062,0033|0303||ff01-0023,0084|0303||ff01-0023,0088|0303||ff01-0023,c013|0303||ff01-000b-0023,c013|0303||ff01-000b-0023,|||,0033|0303||ff01-0023,0084|0303||ff01-0023,0033|0303||ff01-0023,c013|0303||ff01-000b-0023
95.94.168.17,95.94.168.17,00000000000000000000000000000000000000000000000000000000000000,|||,|||,|||,|||,|||,|||,|||,|||,|||,|||
92.205.31.205,92.205.31.205,15d3fd16d29d29d00042d43d000000fe02290512647416dcf0a400ccbc0b6b,009e|0303|http/1.1|ff01-0000-0001-0010-0017,cca8|0303|http/1.1|ff01-0000-0001-000b-0010-0017,009f|0303|http/1.1|ff01-0000-0001-0010-0017,c02f|0303||ff01-0000-0001-000b-0017,c02f|0303||ff01-0000-0001-000b-0017,|||,1302|0303||002b-0033,1303|0303||002b-0033,|||,|||
49.77.59.100,49.77.59.100,00000000000000000000000000000000000000000000000000000000000000,|||,|||,|||,|||,|||,|||,|||,|||,|||,|||
47.94.53.247,47.94.53.247,00000000000000000000000000000000000000000000000000000000000000,|||,|||,|||,|||,|||,|||,|||,|||,|||,|||
49.65.100.124,49.65.100.124,00000000000000000000000000000000000000000000000000000000000000,|||,|||,|||,|||,|||,|||,|||,|||,|||,|||
49.234.4.245,49.234.4.245,00000000000000000000000000000000000000000000000000000000000000,|||,|||,|||,|||,|||,|||,|||,|||,|||,|||
47.99.119.173,47.99.119.173,00000000000000000000000000000000000000000000000000000000000000,|||,|||,|||,|||,|||,|||,|||,|||,|||,|||
89.187.187.69,89.187.187.69,21d14d00021d21d21c21d14d21d21dcade67768786e23ca695466fb7f94658,c013|0303||ff01-000b-0023-0017,009d|0303||ff01-0023-0017,|||,c013|0303||ff01-000b-0023-0017,c013|0303||ff01-000b-0023-0017,c013|0302||ff01-000b-0023-0017,c013|0303||ff01-000b-0023-0017,009d|0303||ff01-0023-0017,c013|0303||ff01-000b-0023-0017,c013|0303||ff01-000b-0023-0017
49.236.192.136,49.236.192.136,00000000000000000000000000000000000000000000000000000000000000,|||,|||,|||,|||,|||,|||,|||,|||,|||,|||
47.98.246.164,47.98.246.164,00000000000000000000000000000000000000000000000000000000000000,|||,|||,|||,|||,|||,|||,|||,|||,|||,|||
49.213.186.133,49.213.186.133,00000000000000000000000000000000000000000000000000000000000000,|||,|||,|||,|||,|||,|||,|||,|||,|||,|||
49.229.58.134,49.229.58.134,00000000000000000000000000000000000000000000000000000000000000,|||,|||,|||,|||,|||,|||,|||,|||,|||,|||
49.233.252.119,49.233.252.119,00000000000000000000000000000000000000000000000000000000000000,|||,|||,|||,|||,|||,|||,|||,|||,|||,|||
49.207.184.238,49.207.184.238,00000000000000000000000000000000000000000000000000000000000000,|||,|||,|||,|||,|||,|||,|||,|||,|||,|||
49.234.206.98,49.234.206.98,00000000000000000000000000000000000000000000000000000000000000,|||,|||,|||,|||,|||,|||,|||,|||,|||,|||
47.99.62.194,47.99.62.194,00000000000000000000000000000000000000000000000000000000000000,|||,|||,|||,|||,|||,|||,|||,|||,|||,|||
49.234.44.187,49.234.44.187,00000000000000000000000000000000000000000000000000000000000000,|||,|||,|||,|||,|||,|||,|||,|||,|||,|||
49.174.169.116,49.174.169.116,00000000000000000000000000000000000000000000000000000000000000,|||,|||,|||,|||,|||,|||,|||,|||,|||,|||
49.233.145.200,49.233.145.200,00000000000000000000000000000000000000000000000000000000000000,|||,|||,|||,|||,|||,|||,|||,|||,|||,|||
92.44.110.170,92.44.110.170,00000000000000000000000000000000000000000000000000000000000000,|||,|||,|||,|||,|||,|||,|||,|||,|||,|||
50.213.219.229,50.213.219.229,00000000000000000000000000000000000000000000000000000000000000,|||,|||,|||,|||,|||,|||,|||,|||,|||,|||
47.98.255.175,47.98.255.175,00000000000000000000000000000000000000000000000000000000000000,|||,|||,|||,|||,|||,|||,|||,|||,|||,|||
49.36.46.240,49.36.46.240,00000000000000000000000000000000000000000000000000000000000000,|||,|||,|||,|||,|||,|||,|||,|||,|||,|||
47.98.127.26,47.98.127.26,00000000000000000000000000000000000000000000000000000000000000,|||,|||,|||,|||,|||,|||,|||,|||,|||,|||
47.98.61.171,47.98.61.171,00000000000000000000000000000000000000000000000000000000000000,|||,|||,|||,|||,|||,|||,|||,|||,|||,|||
47.99.118.122,47.99.118.122,00000000000000000000000000000000000000000000000000000000000000,|||,|||,|||,|||,|||,|||,|||,|||,|||,|||
49.234.109.14,49.234.109.14,00000000000000000000000000000000000000000000000000000000000000,|||,|||,|||,|||,|||,|||,|||,|||,|||,|||
49.233.34.96,49.233.34.96,00000000000000000000000000000000000000000000000000000000000000,|||,|||,|||,|||,|||,|||,|||,|||,|||,|||
49.48.21.110,49.48.21.110,00000000000000000000000000000000000000000000000000000000000000,|||,|||,|||,|||,|||,|||,|||,|||,|||,|||
50.239.224.21,50.239.224.21,00000000000000000000000000000000000000000000000000000000000000,|||,|||,|||,|||,|||,|||,|||,|||,|||,|||
49.232.155.135,49.232.155.135,00000000000000000000000000000000000000000000000000000000000000,|||,|||,|||,|||,|||,|||,|||,|||,|||,|||
81.68.110.82,81.68.110.82,2ad2ad16d2ad2ad22c2ad2ad2ad2adc7639a2c8ee8049d85e08031e30b69d9,c030|0303|http/1.1|ff01-000b-0023-0010,c030|0303|http/1.1|ff01-000b-0023-0010,009f|0303|http/1.1|ff01-0023-0010,c030|0303|http/1.1|ff01-000b-0023-0010,c030|0303|http/1.1|ff01-000b-0023-0010,c014|0302|http/1.1|ff01-000b-0023-0010,c030|0303|http/1.1|ff01-000b-0023-0010,c030|0303|http/1.1|ff01-000b-0023-0010,c030|0303|http/1.1|ff01-000b-0023-0010,c030|0303|http/1.1|ff01-000b-0023-0010
49.248.35.138,49.248.35.138,00000000000000000000000000000000000000000000000000000000000000,|||,|||,|||,|||,|||,|||,|||,|||,|||,|||
49.235.64.46,49.235.64.46,00000000000000000000000000000000000000000000000000000000000000,|||,|||,|||,|||,|||,|||,|||,|||,|||,|||
92.46.186.105,92.46.186.105,00000000000000000000000000000000000000000000000000000000000000,|||,|||,|||,|||,|||,|||,|||,|||,|||,|||
49.234.90.62,49.234.90.62,00000000000000000000000000000000000000000000000000000000000000,|||,|||,|||,|||,|||,|||,|||,|||,|||,|||
95.6.62.24,95.6.62.24,00000000000000000000000000000000000000000000000000000000000000,|||,|||,|||,|||,|||,|||,|||,|||,|||,|||
49.68.23.236,49.68.23.236,00000000000000000000000000000000000000000000000000000000000000,|||,|||,|||,|||,|||,|||,|||,|||,|||,|||
94.251.244.141,94.251.244.141,04b02b00004b04b04b04b02b04b04be3b0c44298fc1c149afbf4c8996fb924,000a|0301||,0005|0301||,|||,000a|0301||,000a|0301||,000a|0301||,000a|0301||,0005|0301||,000a|0301||,000a|0301||
95.244.216.187,95.244.216.187,00000000000000000000000000000000000000000000000000000000000000,|||,|||,|||,|||,|||,|||,|||,|||,|||,|||
49.235.97.72,49.235.97.72,00000000000000000000000000000000000000000000000000000000000000,|||,|||,|||,|||,|||,|||,|||,|||,|||,|||
51.158.25.171,51.158.25.171,00000000000000000000000000000000000000000000000000000000000000,|||,|||,|||,|||,|||,|||,|||,|||,|||,|||
51.159.67.165,51.159.67.165,00000000000000000000000000000000000000000000000000000000000000,|||,|||,|||,|||,|||,|||,|||,|||,|||,|||
49.232.172.250,49.232.172.250,00000000000000000000000000000000000000000000000000000000000000,|||,|||,|||,|||,|||,|||,|||,|||,|||,|||
49.232.215.38,49.232.215.38,21d10d00021d21d21c21d10d21d21dfa4f2d467cfc282d8a9029b2af1af43b,c013|0303|http/1.1|0000-ff01-000b-0023-0010,0084|0303|http/1.1|0000-ff01-0023-0010,|||,c013|0303||0000-ff01-000b-0023,c013|0303||0000-ff01-000b-0023,c013|0302|http/1.1|0000-ff01-000b-0023-0010,c013|0303|http/1.1|0000-ff01-000b-0023-0010,0084|0303|http/1.1|0000-ff01-0023-0010,c013|0303|http/1.1|0000-ff01-000b-0023-0010,c013|0303|http/1.1|0000-ff01-000b-0023-0010
49.235.86.97,49.235.86.97,00000000000000000000000000000000000000000000000000000000000000,|||,|||,|||,|||,|||,|||,|||,|||,|||,|||
47.99.87.84,47.99.87.84,00000000000000000000000000000000000000000000000000000000000000,|||,|||,|||,|||,|||,|||,|||,|||,|||,|||
49.234.26.170,49.234.26.170,00000000000000000000000000000000000000000000000000000000000000,|||,|||,|||,|||,|||,|||,|||,|||,|||,|||
50.255.134.90,50.255.134.90,00000000000000000000000000000000000000000000000000000000000000,|||,|||,|||,|||,|||,|||,|||,|||,|||,|||
81.70.81.237,81.70.81.237,00000000000000000000000000000000000000000000000000000000000000,|||,|||,|||,|||,|||,|||,|||,|||,|||,|||
81.69.240.64,81.69.240.64,00000000000000000000000000000000000000000000000000000000000000,|||,|||,|||,|||,|||,|||,|||,|||,|||,|||
95.35.195.155,95.35.195.155,00000000000000000000000000000000000000000000000000000000000000,|||,|||,|||,|||,|||,|||,|||,|||,|||,|||
97.107.136.17,97.107.136.17,00000000000000000000000000000000000000000000000000000000000000,|||,|||,|||,|||,|||,|||,|||,|||,|||,|||
95.158.36.113,95.158.36.113,3fd3fd0003fd3fd21c42d42d000000f7be33a964d0daa97a97a8068db17dd3,cca8|0303|http/1.1|ff01-0001-000b-0023-0010-0017,cca8|0303|http/1.1|ff01-0001-000b-0023-0010-0017,|||,cca8|0303|http/1.1|ff01-0001-000b-0023-0010-0017,cca8|0303|http/1.1|ff01-0001-000b-0023-0010-0017,c013|0302|http/1.1|ff01-0001-000b-0023-0010-0017,1302|0303||002b-0033,1302|0303||002b-0033,|||,|||
83.20.41.39,83.20.41.39,00000000000000000000000000000000000000000000000000000000000000,|||,|||,|||,|||,|||,|||,|||,|||,|||,|||
49.234.68.56,49.234.68.56,00000000000000000000000000000000000000000000000000000000000000,|||,|||,|||,|||,|||,|||,|||,|||,|||,|||
47.99.47.192,47.99.47.192,00000000000000000000000000000000000000000000000000000000000000,|||,|||,|||,|||,|||,|||,|||,|||,|||,|||
51.15.117.46,51.15.117.46,00000000000000000000000000000000000000000000000000000000000000,|||,|||,|||,|||,|||,|||,|||,|||,|||,|||
49.72.29.156,49.72.29.156,00000000000000000000000000000000000000000000000000000000000000,|||,|||,|||,|||,|||,|||,|||,|||,|||,|||
50.231.115.237,50.231.115.237,00000000000000000000000000000000000000000000000000000000000000,|||,|||,|||,|||,|||,|||,|||,|||,|||,|||
81.70.71.163,81.70.71.163,29d29d00029d29d22c29d29d29d29d881e59db99b9f67f908be168829ecef9,c02f|0303|http/1.1|ff01-000b-0023-0010,c02f|0303|http/1.1|ff01-000b-0023-0010,|||,c02f|0303||ff01-000b-0023,c02f|0303||ff01-000b-0023,c014|0302|http/1.1|ff01-000b-0023-0010,c02f|0303|http/1.1|ff01-000b-0023-0010,c02f|0303|http/1.1|ff01-000b-0023-0010,c02f|0303|http/1.1|ff01-000b-0023-0010,c02f|0303|http/1.1|ff01-000b-0023-0010
94.128.16.160,94.128.16.160,00000000000000000000000000000000000000000000000000000000000000,|||,|||,|||,|||,|||,|||,|||,|||,|||,|||
94.198.50.119,94.198.50.119,2ad2ad0002ad2ad22c2ad2ad2ad2adc2ddcfd203d071c45b4b0ffe3d7b4b89,c030|0303|http/1.1|ff01-0000-0001-000b-0023-0010-0017,c030|0303|http/1.1|ff01-0000-0001-000b-0023-0010-0017,|||,c030|0303||ff01-0000-0001-000b-0023-0017,c030|0303||ff01-0000-0001-000b-0023-0017,c014|0302|http/1.1|ff01-0000-0001-000b-0023-0010-0017,c030|0303|http/1.1|ff01-0000-0001-000b-0023-0010-0017,c030|0303|http/1.1|ff01-0000-0001-000b-0023-0010-0017,c030|0303|http/1.1|ff01-0000-0001-000b-0023-0010-0017,c030|0303|http/1.1|ff01-0000-0001-000b-0023-0010-0017
49.79.43.248,49.79.43.248,00000000000000000000000000000000000000000000000000000000000000,|||,|||,|||,|||,|||,|||,|||,|||,|||,|||
94.20.200.122,94.20.200.122,22b22b09b22b22b22b22b22b22b22bfd9c9d14e4f4f67f94f0359f8b28f532,c014|0301||0017-ff01,c014|0301||0017-ff01,0039|0301||0017-ff01,c014|0301||0017-ff01,c014|0301||0017-ff01,c014|0301||0017-ff01,c014|0301||0017-ff01,c014|0301||0017-ff01,c014|0301||0017-ff01,c014|0301||0017-ff01
99.247.176.200,99.247.176.200,00000000000000000000000000000000000000000000000000000000000000,|||,|||,|||,|||,|||,|||,|||,|||,|||,|||
96.126.98.163,96.126.98.163,00000000000000000000000000000000000000000000000000000000000000,|||,|||,|||,|||,|||,|||,|||,|||,|||,|||
94.245.7.26,94.245.7.26,00000000000000000000000000000000000000000000000000000000000000,|||,|||,|||,|||,|||,|||,|||,|||,|||,|||
101.36.97.99,101.36.97.99,00000000000000000000000000000000000000000000000000000000000000,|||,|||,|||,|||,|||,|||,|||,|||,|||,|||
101.36.97.131,101.36.97.131,00000000000000000000000000000000000000000000000000000000000000,|||,|||,|||,|||,|||,|||,|||,|||,|||,|||
51.15.146.240,51.15.146.240,00000000000000000000000000000000000000000000000000000000000000,|||,|||,|||,|||,|||,|||,|||,|||,|||,|||
51.158.21.3,51.158.21.3,00000000000000000000000000000000000000000000000000000000000000,|||,|||,|||,|||,|||,|||,|||,|||,|||,|||
91.75.177.113,91.75.177.113,07d0bd0fd21d21d07c42d43d0000009424803a662b126a748cf4f90707a33c,0033|0303|http/1.1|ff01-0001-0023-0010-0017,003d|0303|http/1.1|ff01-0001-0023-0010-0017,006b|0303|http/1.1|ff01-0001-0023-0010-0017,c013|0303|http/1.1|ff01-0001-000b-0023-0010-0017,c013|0303|http/1.1|ff01-0001-000b-0023-0010-0017,0033|0302|http/1.1|ff01-0001-0023-0010-0017,1302|0303||002b-0033,1303|0303||002b-0033,|||,|||
51.211.112.201,51.211.112.201,00000000000000000000000000000000000000000000000000000000000000,|||,|||,|||,|||,|||,|||,|||,|||,|||,|||
51.195.167.160,51.195.167.160,00000000000000000000000000000000000000000000000000000000000000,|||,|||,|||,|||,|||,|||,|||,|||,|||,|||
52.170.74.12,52.170.74.12,00000000000000000000000000000000000000000000000000000000000000,|||,|||,|||,|||,|||,|||,|||,|||,|||,|||
100.33.231.44,100.33.231.44,00000000000000000000000000000000000000000000000000000000000000,|||,|||,|||,|||,|||,|||,|||,|||,|||,|||
52.253.88.209,52.253.88.209,00000000000000000000000000000000000000000000000000000000000000,|||,|||,|||,|||,|||,|||,|||,|||,|||,|||
82.156.97.16,82.156.97.16,00000000000000000000000000000000000000000000000000000000000000,|||,|||,|||,|||,|||,|||,|||,|||,|||,|||
52.188.120.52,52.188.120.52,00000000000000000000000000000000000000000000000000000000000000,|||,|||,|||,|||,|||,|||,|||,|||,|||,|||
52.168.164.230,52.168.164.230,00000000000000000000000000000000000000000000000000000000000000,|||,|||,|||,|||,|||,|||,|||,|||,|||,|||
51.211.92.153,51.211.92.153,00000000000000000000000000000000000000000000000000000000000000,|||,|||,|||,|||,|||,|||,|||,|||,|||,|||
51.158.31.196,51.158.31.196,00000000000000000000000000000000000000000000000000000000000000,|||,|||,|||,|||,|||,|||,|||,|||,|||,|||
51.38.12.12,51.38.12.12,00000000000000000000000000000000000000000000000000000000000000,|||,|||,|||,|||,|||,|||,|||,|||,|||,|||
49.48.16.171,49.48.16.171,00000000000000000000000000000000000000000000000000000000000000,|||,|||,|||,|||,|||,|||,|||,|||,|||,|||
50.71.172.213,50.71.172.213,00000000000000000000000000000000000000000000000000000000000000,|||,|||,|||,|||,|||,|||,|||,|||,|||,|||
51.235.18.58,51.235.18.58,00000000000000000000000000000000000000000000000000000000000000,|||,|||,|||,|||,|||,|||,|||,|||,|||,|||
96.29.130.214,96.29.130.214,00000000000000000000000000000000000000000000000000000000000000,|||,|||,|||,|||,|||,|||,|||,|||,|||,|||
49.49.190.243,49.49.190.243,00000000000000000000000000000000000000000000000000000000000000,|||,|||,|||,|||,|||,|||,|||,|||,|||,|||
51.38.12.14,51.38.12.14,00000000000000000000000000000000000000000000000000000000000000,|||,|||,|||,|||,|||,|||,|||,|||,|||,|||
50.60.6.50,50.60.6.50,00000000000000000000000000000000000000000000000000000000000000,|||,|||,|||,|||,|||,|||,|||,|||,|||,|||
51.38.12.13,51.38.12.13,00000000000000000000000000000000000000000000000000000000000000,|||,|||,|||,|||,|||,|||,|||,|||,|||,|||
50.116.55.230,50.116.55.230,00000000000000000000000000000000000000000000000000000000000000,|||,|||,|||,|||,|||,|||,|||,|||,|||,|||
52.229.107.63,52.229.107.63,00000000000000000000000000000000000000000000000000000000000000,|||,|||,|||,|||,|||,|||,|||,|||,|||,|||
52.149.153.186,52.149.153.186,00000000000000000000000000000000000000000000000000000000000000,|||,|||,|||,|||,|||,|||,|||,|||,|||,|||
52.168.135.75,52.168.135.75,00000000000000000000000000000000000000000000000000000000000000,|||,|||,|||,|||,|||,|||,|||,|||,|||,|||
52.234.31.231,52.234.31.231,00000000000000000000000000000000000000000000000000000000000000,|||,|||,|||,|||,|||,|||,|||,|||,|||,|||
52.242.122.178,52.242.122.178,00000000000000000000000000000000000000000000000000000000000000,|||,|||,|||,|||,|||,|||,|||,|||,|||,|||
51.15.112.70,51.15.112.70,00000000000000000000000000000000000000000000000000000000000000,|||,|||,|||,|||,|||,|||,|||,|||,|||,|||
52.229.104.91,52.229.104.91,00000000000000000000000000000000000000000000000000000000000000,|||,|||,|||,|||,|||,|||,|||,|||,|||,|||
52.131.209.82,52.131.209.82,00000000000000000000000000000000000000000000000000000000000000,|||,|||,|||,|||,|||,|||,|||,|||,|||,|||
52.226.38.169,52.226.38.169,00000000000000000000000000000000000000000000000000000000000000,|||,|||,|||,|||,|||,|||,|||,|||,|||,|||
52.82.124.70,52.82.124.70,00000000000000000000000000000000000000000000000000000000000000,|||,|||,|||,|||,|||,|||,|||,|||,|||,|||
101.36.97.198,101.36.97.198,00000000000000000000000000000000000000000000000000000000000000,|||,|||,|||,|||,|||,|||,|||,|||,|||,|||
52.174.144.106,52.174.144.106,00000000000000000000000000000000000000000000000000000000000000,|||,|||,|||,|||,|||,|||,|||,|||,|||,|||
52.255.199.133,52.255.199.133,00000000000000000000000000000000000000000000000000000000000000,|||,|||,|||,|||,|||,|||,|||,|||,|||,|||
51.77.2.87,51.77.2.87,00000000000000000000000000000000000000000000000000000000000000,|||,|||,|||,|||,|||,|||,|||,|||,|||,|||
54.232.176.48,54.232.176.48,00000000000000000000000000000000000000000000000000000000000000,|||,|||,|||,|||,|||,|||,|||,|||,|||,|||
91.238.228.8,91.238.228.8,00000000000000000000000000000000000000000000000000000000000000,|||,|||,|||,|||,|||,|||,|||,|||,|||,|||
52.188.106.59,52.188.106.59,00000000000000000000000000000000000000000000000000000000000000,|||,|||,|||,|||,|||,|||,|||,|||,|||,|||
50.53.184.37,50.53.184.37,00000000000000000000000000000000000000000000000000000000000000,|||,|||,|||,|||,|||,|||,|||,|||,|||,|||
54.226.202.5,54.226.202.5,00000000000000000000000000000000000000000000000000000000000000,|||,|||,|||,|||,|||,|||,|||,|||,|||,|||
52.140.16.169,52.140.16.169,00000000000000000000000000000000000000000000000000000000000000,|||,|||,|||,|||,|||,|||,|||,|||,|||,|||
51.38.12.15,51.38.12.15,00000000000000000000000000000000000000000000000000000000000000,|||,|||,|||,|||,|||,|||,|||,|||,|||,|||
96.126.98.190,96.126.98.190,00000000000000000000000000000000000000000000000000000000000000,|||,|||,|||,|||,|||,|||,|||,|||,|||,|||
54.152.78.169,54.152.78.169,00000000000000000000000000000000000000000000000000000000000000,|||,|||,|||,|||,|||,|||,|||,|||,|||,|||
96.126.98.168,96.126.98.168,00000000000000000000000000000000000000000000000000000000000000,|||,|||,|||,|||,|||,|||,|||,|||,|||,|||
96.126.98.11,96.126.98.11,00000000000000000000000000000000000000000000000000000000000000,|||,|||,|||,|||,|||,|||,|||,|||,|||,|||
96.126.98.126,96.126.98.126,00000000000000000000000000000000000000000000000000000000000000,|||,|||,|||,|||,|||,|||,|||,|||,|||,|||
92.46.204.242,92.46.204.242,00000000000000000000000000000000000000000000000000000000000000,|||,|||,|||,|||,|||,|||,|||,|||,|||,|||
98.184.109.51,98.184.109.51,00000000000000000000000000000000000000000000000000000000000000,|||,|||,|||,|||,|||,|||,|||,|||,|||,|||
82.157.167.43,82.157.167.43,29d29d00029d29d22c29d29d29d29dc2ddcfd203d071c45b4b0ffe3d7b4b89,c02f|0303|http/1.1|ff01-0000-0001-000b-0023-0010-0017,c02f|0303|http/1.1|ff01-0000-0001-000b-0023-0010-0017,|||,c02f|0303||ff01-0000-0001-000b-0023-0017,c02f|0303||ff01-0000-0001-000b-0023-0017,c014|0302|http/1.1|ff01-0000-0001-000b-0023-0010-0017,c02f|0303|http/1.1|ff01-0000-0001-000b-0023-0010-0017,c02f|0303|http/1.1|ff01-0000-0001-000b-0023-0010-0017,c02f|0303|http/1.1|ff01-0000-0001-000b-0023-0010-0017,c02f|0303|http/1.1|ff01-0000-0001-000b-0023-0010-0017
97.74.81.123,97.74.81.123,00000000000000000000000000000000000000000000000000000000000000,|||,|||,|||,|||,|||,|||,|||,|||,|||,|||
52.255.156.30,52.255.156.30,00000000000000000000000000000000000000000000000000000000000000,|||,|||,|||,|||,|||,|||,|||,|||,|||,|||
52.191.211.58,52.191.211.58,00000000000000000000000000000000000000000000000000000000000000,|||,|||,|||,|||,|||,|||,|||,|||,|||,|||
100.21.18.176,100.21.18.176,00000000000000000000000000000000000000000000000000000000000000,|||,|||,|||,|||,|||,|||,|||,|||,|||,|||
52.83.66.150,52.83.66.150,00000000000000000000000000000000000000000000000000000000000000,|||,|||,|||,|||,|||,|||,|||,|||,|||,|||
52.131.247.15,52.131.247.15,00000000000000000000000000000000000000000000000000000000000000,|||,|||,|||,|||,|||,|||,|||,|||,|||,|||
49.246.4.58,49.246.4.58,00000000000000000000000000000000000000000000000000000000000000,|||,|||,|||,|||,|||,|||,|||,|||,|||,|||
52.79.55.212,52.79.55.212,00000000000000000000000000000000000000000000000000000000000000,|||,|||,|||,|||,|||,|||,|||,|||,|||,|||
42.192.77.133,42.192.77.133,00000000000000000000000000000000000000000000000000000000000000,|||,|||,|||,|||,|||,|||,|||,|||,|||,|||
98.126.7.234,98.126.7.234,00000000000000000000000000000000000000000000000000000000000000,|||,|||,|||,|||,|||,|||,|||,|||,|||,|||
59.8.98.215,59.8.98.215,00000000000000000000000000000000000000000000000000000000000000,|||,|||,|||,|||,|||,|||,|||,|||,|||,|||
52.73.169.169,52.73.169.169,00000000000000000000000000000000000000000000000000000000000000,|||,|||,|||,|||,|||,|||,|||,|||,|||,|||
92.204.139.216,92.204.139.216,15d3fd16d29d29d00042d43d0000009ec686233a4398bea334ba5e62e34a01,009e|0303|http/1.1|ff01-0001-0023-0010-0017,cca8|0303|http/1.1|ff01-0001-000b-0023-0010-0017,009f|0303|http/1.1|ff01-0001-0023-0010-0017,c02f|0303|http/1.1|ff01-0001-000b-0023-0010-0017,c02f|0303|http/1.1|ff01-0001-000b-0023-0010-0017,|||,1302|0303||002b-0033,1303|0303||002b-0033,|||,|||
58.152.192.6,58.152.192.6,00000000000000000000000000000000000000000000000000000000000000,|||,|||,|||,|||,|||,|||,|||,|||,|||,|||
99.165.34.49,99.165.34.49,00000000000000000000000000000000000000000000000000000000000000,|||,|||,|||,|||,|||,|||,|||,|||,|||,|||
54.177.199.96,54.177.199.96,00000000000000000000000000000000000000000000000000000000000000,|||,|||,|||,|||,|||,|||,|||,|||,|||,|||
52.188.159.80,52.188.159.80,00000000000000000000000000000000000000000000000000000000000000,|||,|||,|||,|||,|||,|||,|||,|||,|||,|||
52.131.208.254,52.131.208.254,00000000000000000000000000000000000000000000000000000000000000,|||,|||,|||,|||,|||,|||,|||,|||,|||,|||
94.74.90.13,94.74.90.13,00000000000000000000000000000000000000000000000000000000000000,|||,|||,|||,|||,|||,|||,|||,|||,|||,|||
49.7.220.89,49.7.220.89,00000000000000000000000000000000000000000000000000000000000000,|||,|||,|||,|||,|||,|||,|||,|||,|||,|||
58.215.4.86,58.215.4.86,00000000000000000000000000000000000000000000000000000000000000,|||,|||,|||,|||,|||,|||,|||,|||,|||,|||
101.36.97.137,101.36.97.137,00000000000000000000000000000000000000000000000000000000000000,|||,|||,|||,|||,|||,|||,|||,|||,|||,|||
52.243.45.19,52.243.45.19,00000000000000000000000000000000000000000000000000000000000000,|||,|||,|||,|||,|||,|||,|||,|||,|||,|||
52.151.118.75,52.151.118.75,00000000000000000000000000000000000000000000000000000000000000,|||,|||,|||,|||,|||,|||,|||,|||,|||,|||
54.39.16.25,54.39.16.25,00000000000000000000000000000000000000000000000000000000000000,|||,|||,|||,|||,|||,|||,|||,|||,|||,|||
54.94.24.162,54.94.24.162,00000000000000000000000000000000000000000000000000000000000000,|||,|||,|||,|||,|||,|||,|||,|||,|||,|||
58.20.243.15,58.20.243.15,00000000000000000000000000000000000000000000000000000000000000,|||,|||,|||,|||,|||,|||,|||,|||,|||,|||
58.136.16.9,58.136.16.9,00000000000000000000000000000000000000000000000000000000000000,|||,|||,|||,|||,|||,|||,|||,|||,|||,|||
58.18.189.68,58.18.189.68,00000000000000000000000000000000000000000000000000000000000000,|||,|||,|||,|||,|||,|||,|||,|||,|||,|||
58.182.162.49,58.182.162.49,00000000000000000000000000000000000000000000000000000000000000,|||,|||,|||,|||,|||,|||,|||,|||,|||,|||
58.213.134.120,58.213.134.120,00000000000000000000000000000000000000000000000000000000000000,|||,|||,|||,|||,|||,|||,|||,|||,|||,|||
52.162.239.241,52.162.239.241,00000000000000000000000000000000000000000000000000000000000000,|||,|||,|||,|||,|||,|||,|||,|||,|||,|||
58.216.205.170,58.216.205.170,00000000000000000000000000000000000000000000000000000000000000,|||,|||,|||,|||,|||,|||,|||,|||,|||,|||
58.177.46.171,58.177.46.171,00000000000000000000000000000000000000000000000000000000000000,|||,|||,|||,|||,|||,|||,|||,|||,|||,|||
54.39.207.213,54.39.207.213,00000000000000000000000000000000000000000000000000000000000000,|||,|||,|||,|||,|||,|||,|||,|||,|||,|||
51.77.2.88,51.77.2.88,00000000000000000000000000000000000000000000000000000000000000,|||,|||,|||,|||,|||,|||,|||,|||,|||,|||
52.179.101.82,52.179.101.82,00000000000000000000000000000000000000000000000000000000000000,|||,|||,|||,|||,|||,|||,|||,|||,|||,|||
52.57.164.218,52.57.164.218,00000000000000000000000000000000000000000000000000000000000000,|||,|||,|||,|||,|||,|||,|||,|||,|||,|||
58.221.149.150,58.221.149.150,00000000000000000000000000000000000000000000000000000000000000,|||,|||,|||,|||,|||,|||,|||,|||,|||,|||
58.215.243.234,58.215.243.234,00000000000000000000000000000000000000000000000000000000000000,|||,|||,|||,|||,|||,|||,|||,|||,|||,|||
52.142.62.63,52.142.62.63,00000000000000000000000000000000000000000000000000000000000000,|||,|||,|||,|||,|||,|||,|||,|||,|||,|||
58.210.186.190,58.210.186.190,00000000000000000000000000000000000000000000000000000000000000,|||,|||,|||,|||,|||,|||,|||,|||,|||,|||
58.122.119.36,58.122.119.36,00000000000000000000000000000000000000000000000000000000000000,|||,|||,|||,|||,|||,|||,|||,|||,|||,|||
58.20.231.172,58.20.231.172,00000000000000000000000000000000000000000000000000000000000000,|||,|||,|||,|||,|||,|||,|||,|||,|||,|||
58.18.72.192,58.18.72.192,00000000000000000000000000000000000000000000000000000000000000,|||,|||,|||,|||,|||,|||,|||,|||,|||,|||
58.153.186.161,58.153.186.161,00000000000000000000000000000000000000000000000000000000000000,|||,|||,|||,|||,|||,|||,|||,|||,|||,|||
94.182.7.228,94.182.7.228,00000000000000000000000000000000000000000000000000000000000000,|||,|||,|||,|||,|||,|||,|||,|||,|||,|||
58.176.179.252,58.176.179.252,00000000000000000000000000000000000000000000000000000000000000,|||,|||,|||,|||,|||,|||,|||,|||,|||,|||
58.215.201.86,58.215.201.86,00000000000000000000000000000000000000000000000000000000000000,|||,|||,|||,|||,|||,|||,|||,|||,|||,|||
59.175.212.34,59.175.212.34,00000000000000000000000000000000000000000000000000000000000000,|||,|||,|||,|||,|||,|||,|||,|||,|||,|||
58.20.30.43,58.20.30.43,00000000000000000000000000000000000000000000000000000000000000,|||,|||,|||,|||,|||,|||,|||,|||,|||,|||
58.153.14.164,58.153.14.164,00000000000000000000000000000000000000000000000000000000000000,|||,|||,|||,|||,|||,|||,|||,|||,|||,|||
58.210.89.180,58.210.89.180,00000000000000000000000000000000000000000000000000000000000000,|||,|||,|||,|||,|||,|||,|||,|||,|||,|||
58.210.105.226,58.210.105.226,00000000000000000000000000000000000000000000000000000000000000,|||,|||,|||,|||,|||,|||,|||,|||,|||,|||
101.132.124.110,101.132.124.110,00000000000000000000000000000000000000000000000000000000000000,|||,|||,|||,|||,|||,|||,|||,|||,|||,|||
54.38.4.8,54.38.4.8,00000000000000000000000000000000000000000000000000000000000000,|||,|||,|||,|||,|||,|||,|||,|||,|||,|||
59.32.209.210,59.32.209.210,00000000000000000000000000000000000000000000000000000000000000,|||,|||,|||,|||,|||,|||,|||,|||,|||,|||
58.16.139.170,58.16.139.170,00000000000000000000000000000000000000000000000000000000000000,|||,|||,|||,|||,|||,|||,|||,|||,|||,|||
52.188.109.195,52.188.109.195,00000000000000000000000000000000000000000000000000000000000000,|||,|||,|||,|||,|||,|||,|||,|||,|||,|||
101.132.245.119,101.132.245.119,00000000000000000000000000000000000000000000000000000000000000,|||,|||,|||,|||,|||,|||,|||,|||,|||,|||
58.222.233.42,58.222.233.42,00000000000000000000000000000000000000000000000000000000000000,|||,|||,|||,|||,|||,|||,|||,|||,|||,|||
101.133.148.41,101.133.148.41,00000000000000000000000000000000000000000000000000000000000000,|||,|||,|||,|||,|||,|||,|||,|||,|||,|||
101.132.245.84,101.132.245.84,00000000000000000000000000000000000000000000000000000000000000,|||,|||,|||,|||,|||,|||,|||,|||,|||,|||
58.72.115.69,58.72.115.69,00000000000000000000000000000000000000000000000000000000000000,|||,|||,|||,|||,|||,|||,|||,|||,|||,|||
94.102.49.190,94.102.49.190,00000000000000000000000000000000000000000000000000000000000000,|||,|||,|||,|||,|||,|||,|||,|||,|||,|||
59.14.229.135,59.14.229.135,00000000000000000000000000000000000000000000000000000000000000,|||,|||,|||,|||,|||,|||,|||,|||,|||,|||
58.211.153.62,58.211.153.62,00000000000000000000000000000000000000000000000000000000000000,|||,|||,|||,|||,|||,|||,|||,|||,|||,|||
85.133.196.103,85.133.196.103,00000000000000000000000000000000000000000000000000000000000000,|||,|||,|||,|||,|||,|||,|||,|||,|||,|||
58.153.19.60,58.153.19.60,00000000000000000000000000000000000000000000000000000000000000,|||,|||,|||,|||,|||,|||,|||,|||,|||,|||
51.158.47.138,51.158.47.138,00000000000000000000000000000000000000000000000000000000000000,|||,|||,|||,|||,|||,|||,|||,|||,|||,|||
99.104.219.19,99.104.219.19,00000000000000000000000000000000000000000000000000000000000000,|||,|||,|||,|||,|||,|||,|||,|||,|||,|||
101.206.108.14,101.206.108.14,00000000000000000000000000000000000000000000000000000000000000,|||,|||,|||,|||,|||,|||,|||,|||,|||,|||
101.34.51.87,101.34.51.87,00000000000000000000000000000000000000000000000000000000000000,|||,|||,|||,|||,|||,|||,|||,|||,|||,|||
58.20.232.148,58.20.232.148,00000000000000000000000000000000000000000000000000000000000000,|||,|||,|||,|||,|||,|||,|||,|||,|||,|||
101.132.77.176,101.132.77.176,00000000000000000000000000000000000000000000000000000000000000,|||,|||,|||,|||,|||,|||,|||,|||,|||,|||
101.34.147.116,101.34.147.116,00000000000000000000000000000000000000000000000000000000000000,|||,|||,|||,|||,|||,|||,|||,|||,|||,|||
58.221.223.162,58.221.223.162,00000000000000000000000000000000000000000000000000000000000000,|||,|||,|||,|||,|||,|||,|||,|||,|||,|||
58.34.159.197,58.34.159.197,00000000000000000000000000000000000000000000000000000000000000,|||,|||,|||,|||,|||,|||,|||,|||,|||,|||
58.42.185.78,58.42.185.78,00000000000000000000000000000000000000000000000000000000000000,|||,|||,|||,|||,|||,|||,|||,|||,|||,|||
49.235.70.74,49.235.70.74,00000000000000000000000000000000000000000000000000000000000000,|||,|||,|||,|||,|||,|||,|||,|||,|||,|||
58.34.251.147,58.34.251.147,00000000000000000000000000000000000000000000000000000000000000,|||,|||,|||,|||,|||,|||,|||,|||,|||,|||
59.49.185.106,59.49.185.106,00000000000000000000000000000000000000000000000000000000000000,|||,|||,|||,|||,|||,|||,|||,|||,|||,|||
59.50.38.226,59.50.38.226,00000000000000000000000000000000000000000000000000000000000000,|||,|||,|||,|||,|||,|||,|||,|||,|||,|||
58.57.90.154,58.57.90.154,00000000000000000000000000000000000000000000000000000000000000,|||,|||,|||,|||,|||,|||,|||,|||,|||,|||
58.221.11.50,58.221.11.50,00000000000000000000000000000000000000000000000000000000000000,|||,|||,|||,|||,|||,|||,|||,|||,|||,|||
59.127.232.127,59.127.232.127,00000000000000000000000000000000000000000000000000000000000000,|||,|||,|||,|||,|||,|||,|||,|||,|||,|||
58.221.220.6,58.221.220.6,00000000000000000000000000000000000000000000000000000000000000,|||,|||,|||,|||,|||,|||,|||,|||,|||,|||
59.26.220.107,59.26.220.107,00000000000000000000000000000000000000000000000000000000000000,|||,|||,|||,|||,|||,|||,|||,|||,|||,|||
58.209.234.81,58.209.234.81,00000000000000000000000000000000000000000000000000000000000000,|||,|||,|||,|||,|||,|||,|||,|||,|||,|||
58.211.117.163,58.211.117.163,00000000000000000000000000000000000000000000000000000000000000,|||,|||,|||,|||,|||,|||,|||,|||,|||,|||
58.22.190.106,58.22.190.106,00000000000000000000000000000000000000000000000000000000000000,|||,|||,|||,|||,|||,|||,|||,|||,|||,|||
58.246.35.222,58.246.35.222,00000000000000000000000000000000000000000000000000000000000000,|||,|||,|||,|||,|||,|||,|||,|||,|||,|||
58.215.57.240,58.215.57.240,00000000000000000000000000000000000000000000000000000000000000,|||,|||,|||,|||,|||,|||,|||,|||,|||,|||
59.34.76.157,59.34.76.157,00000000000000000000000000000000000000000000000000000000000000,|||,|||,|||,|||,|||,|||,|||,|||,|||,|||
101.133.164.24,101.133.164.24,00000000000000000000000000000000000000000000000000000000000000,|||,|||,|||,|||,|||,|||,|||,|||,|||,|||
101.133.161.239,101.133.161.239,00000000000000000000000000000000000000000000000000000000000000,|||,|||,|||,|||,|||,|||,|||,|||,|||,|||
101.251.242.66,101.251.242.66,00000000000000000000000000000000000000000000000000000000000000,|||,|||,|||,|||,|||,|||,|||,|||,|||,|||
70.185.93.158,70.185.93.158,2ad2ad16d2ad2ad22c2ad2ad2ad2adc7639a2c8ee8049d85e08031e30b69d9,c030|0303|http/1.1|ff01-000b-0023-0010,c030|0303|http/1.1|ff01-000b-0023-0010,009f|0303|http/1.1|ff01-0023-0010,c030|0303|http/1.1|ff01-000b-0023-0010,c030|0303|http/1.1|ff01-000b-0023-0010,c014|0302|http/1.1|ff01-000b-0023-0010,c030|0303|http/1.1|ff01-000b-0023-0010,c030|0303|http/1.1|ff01-000b-0023-0010,c030|0303|http/1.1|ff01-000b-0023-0010,c030|0303|http/1.1|ff01-000b-0023-0010
81.71.32.41,81.71.32.41,00000000000000000000000000000000000000000000000000000000000000,|||,|||,|||,|||,|||,|||,|||,|||,|||,|||
101.35.108.124,101.35.108.124,00000000000000000000000000000000000000000000000000000000000000,|||,|||,|||,|||,|||,|||,|||,|||,|||,|||
59.110.221.80,59.110.221.80,00000000000000000000000000000000000000000000000000000000000000,|||,|||,|||,|||,|||,|||,|||,|||,|||,|||
58.222.117.98,58.222.117.98,00000000000000000000000000000000000000000000000000000000000000,|||,|||,|||,|||,|||,|||,|||,|||,|||,|||
58.18.12.57,58.18.12.57,00000000000000000000000000000000000000000000000000000000000000,|||,|||,|||,|||,|||,|||,|||,|||,|||,|||
58.65.201.174,58.65.201.174,00000000000000000000000000000000000000000000000000000000000000,|||,|||,|||,|||,|||,|||,|||,|||,|||,|||
58.242.101.206,58.242.101.206,00000000000000000000000000000000000000000000000000000000000000,|||,|||,|||,|||,|||,|||,|||,|||,|||,|||
58.57.123.166,58.57.123.166,00000000000000000000000000000000000000000000000000000000000000,|||,|||,|||,|||,|||,|||,|||,|||,|||,|||
58.62.110.130,58.62.110.130,00000000000000000000000000000000000000000000000000000000000000,|||,|||,|||,|||,|||,|||,|||,|||,|||,|||
58.244.111.90,58.244.111.90,00000000000000000000000000000000000000000000000000000000000000,|||,|||,|||,|||,|||,|||,|||,|||,|||,|||
59.172.28.45,59.172.28.45,00000000000000000000000000000000000000000000000000000000000000,|||,|||,|||,|||,|||,|||,|||,|||,|||,|||
58.48.209.50,58.48.209.50,00000000000000000000000000000000000000000000000000000000000000,|||,|||,|||,|||,|||,|||,|||,|||,|||,|||
58.57.210.50,58.57.210.50,00000000000000000000000000000000000000000000000000000000000000,|||,|||,|||,|||,|||,|||,|||,|||,|||,|||
59.13.10.195,59.13.10.195,00000000000000000000000000000000000000000000000000000000000000,|||,|||,|||,|||,|||,|||,|||,|||,|||,|||
59.110.10.129,59.110.10.129,00000000000000000000000000000000000000000000000000000000000000,|||,|||,|||,|||,|||,|||,|||,|||,|||,|||
59.110.173.206,59.110.173.206,00000000000000000000000000000000000000000000000000000000000000,|||,|||,|||,|||,|||,|||,|||,|||,|||,|||
59.110.214.107,59.110.214.107,00000000000000000000000000000000000000000000000000000000000000,|||,|||,|||,|||,|||,|||,|||,|||,|||,|||
103.145.13.170,103.145.13.170,00000000000000000000000000000000000000000000000000000000000000,|||,|||,|||,|||,|||,|||,|||,|||,|||,|||
94.183.231.81,94.183.231.81,00000000000000000000000000000000000000000000000000000000000000,|||,|||,|||,|||,|||,|||,|||,|||,|||,|||
95.111.199.91,95.111.199.91,00000000000000000000000000000000000000000000000000000000000000,|||,|||,|||,|||,|||,|||,|||,|||,|||,|||
101.35.131.26,101.35.131.26,00000000000000000000000000000000000000000000000000000000000000,|||,|||,|||,|||,|||,|||,|||,|||,|||,|||
101.36.97.125,101.36.97.125,00000000000000000000000000000000000000000000000000000000000000,|||,|||,|||,|||,|||,|||,|||,|||,|||,|||
59.56.61.117,59.56.61.117,00000000000000000000000000000000000000000000000000000000000000,|||,|||,|||,|||,|||,|||,|||,|||,|||,|||
101.33.200.102,101.33.200.102,00000000000000000000000000000000000000000000000000000000000000,|||,|||,|||,|||,|||,|||,|||,|||,|||,|||
60.162.183.71,60.162.183.71,00000000000000000000000000000000000000000000000000000000000000,|||,|||,|||,|||,|||,|||,|||,|||,|||,|||
60.191.3.10,60.191.3.10,00000000000000000000000000000000000000000000000000000000000000,|||,|||,|||,|||,|||,|||,|||,|||,|||,|||
60.168.130.253,60.168.130.253,00000000000000000000000000000000000000000000000000000000000000,|||,|||,|||,|||,|||,|||,|||,|||,|||,|||
60.15.230.254,60.15.230.254,00000000000000000000000000000000000000000000000000000000000000,|||,|||,|||,|||,|||,|||,|||,|||,|||,|||
60.10.41.234,60.10.41.234,00000000000000000000000000000000000000000000000000000000000000,|||,|||,|||,|||,|||,|||,|||,|||,|||,|||
60.181.69.119,60.181.69.119,00000000000000000000000000000000000000000000000000000000000000,|||,|||,|||,|||,|||,|||,|||,|||,|||,|||
59.110.213.204,59.110.213.204,00000000000000000000000000000000000000000000000000000000000000,|||,|||,|||,|||,|||,|||,|||,|||,|||,|||
60.162.36.94,60.162.36.94,00000000000000000000000000000000000000000000000000000000000000,|||,|||,|||,|||,|||,|||,|||,|||,|||,|||
60.190.231.99,60.190.231.99,00000000000000000000000000000000000000000000000000000000000000,|||,|||,|||,|||,|||,|||,|||,|||,|||,|||
59.19.8.160,59.19.8.160,00000000000000000000000000000000000000000000000000000000000000,|||,|||,|||,|||,|||,|||,|||,|||,|||,|||
58.27.236.194,58.27.236.194,00000000000000000000000000000000000000000000000000000000000000,|||,|||,|||,|||,|||,|||,|||,|||,|||,|||
101.35.245.146,101.35.245.146,00000000000000000000000000000000000000000000000000000000000000,|||,|||,|||,|||,|||,|||,|||,|||,|||,|||
60.2.245.166,60.2.245.166,00000000000000000000000000000000000000000000000000000000000000,|||,|||,|||,|||,|||,|||,|||,|||,|||,|||
60.169.144.27,60.169.144.27,00000000000000000000000000000000000000000000000000000000000000,|||,|||,|||,|||,|||,|||,|||,|||,|||,|||
101.34.240.170,101.34.240.170,00000000000000000000000000000000000000000000000000000000000000,|||,|||,|||,|||,|||,|||,|||,|||,|||,|||
103.178.236.23,103.178.236.23,00000000000000000000000000000000000000000000000000000000000000,|||,|||,|||,|||,|||,|||,|||,|||,|||,|||
59.149.6.27,59.149.6.27,00000000000000000000000000000000000000000000000000000000000000,|||,|||,|||,|||,|||,|||,|||,|||,|||,|||
59.49.77.118,59.49.77.118,00000000000000000000000000000000000000000000000000000000000000,|||,|||,|||,|||,|||,|||,|||,|||,|||,|||
59.51.85.4,59.51.85.4,00000000000000000000000000000000000000000000000000000000000000,|||,|||,|||,|||,|||,|||,|||,|||,|||,|||
59.6.177.233,59.6.177.233,00000000000000000000000000000000000000000000000000000000000000,|||,|||,|||,|||,|||,|||,|||,|||,|||,|||
101.132.76.96,101.132.76.96,00000000000000000000000000000000000000000000000000000000000000,|||,|||,|||,|||,|||,|||,|||,|||,|||,|||
60.171.225.226,60.171.225.226,00000000000000000000000000000000000000000000000000000000000000,|||,|||,|||,|||,|||,|||,|||,|||,|||,|||
59.55.128.147,59.55.128.147,00000000000000000000000000000000000000000000000000000000000000,|||,|||,|||,|||,|||,|||,|||,|||,|||,|||
59.49.145.53,59.49.145.53,00000000000000000000000000000000000000000000000000000000000000,|||,|||,|||,|||,|||,|||,|||,|||,|||,|||
59.110.241.228,59.110.241.228,00000000000000000000000000000000000000000000000000000000000000,|||,|||,|||,|||,|||,|||,|||,|||,|||,|||
59.149.168.144,59.149.168.144,00000000000000000000000000000000000000000000000000000000000000,|||,|||,|||,|||,|||,|||,|||,|||,|||,|||
60.174.55.78,60.174.55.78,00000000000000000000000000000000000000000000000000000000000000,|||,|||,|||,|||,|||,|||,|||,|||,|||,|||
60.162.185.209,60.162.185.209,00000000000000000000000000000000000000000000000000000000000000,|||,|||,|||,|||,|||,|||,|||,|||,|||,|||
59.120.245.77,59.120.245.77,00000000000000000000000000000000000000000000000000000000000000,|||,|||,|||,|||,|||,|||,|||,|||,|||,|||
59.38.34.69,59.38.34.69,00000000000000000000000000000000000000000000000000000000000000,|||,|||,|||,|||,|||,|||,|||,|||,|||,|||
101.37.162.219,101.37.162.219,00000000000000000000000000000000000000000000000000000000000000,|||,|||,|||,|||,|||,|||,|||,|||,|||,|||
59.46.96.38,59.46.96.38,00000000000000000000000000000000000000000000000000000000000000,|||,|||,|||,|||,|||,|||,|||,|||,|||,|||
58.30.64.130,58.30.64.130,00000000000000000000000000000000000000000000000000000000000000,|||,|||,|||,|||,|||,|||,|||,|||,|||,|||
59.49.241.185,59.49.241.185,00000000000000000000000000000000000000000000000000000000000000,|||,|||,|||,|||,|||,|||,|||,|||,|||,|||
59.50.145.53,59.50.145.53,00000000000000000000000000000000000000000000000000000000000000,|||,|||,|||,|||,|||,|||,|||,|||,|||,|||
60.189.192.96,60.189.192.96,00000000000000000000000000000000000000000000000000000000000000,|||,|||,|||,|||,|||,|||,|||,|||,|||,|||
60.167.92.50,60.167.92.50,00000000000000000000000000000000000000000000000000000000000000,|||,|||,|||,|||,|||,|||,|||,|||,|||,|||
58.42.237.23,58.42.237.23,00000000000000000000000000000000000000000000000000000000000000,|||,|||,|||,|||,|||,|||,|||,|||,|||,|||
60.162.83.25,60.162.83.25,00000000000000000000000000000000000000000000000000000000000000,|||,|||,|||,|||,|||,|||,|||,|||,|||,|||
59.38.100.118,59.38.100.118,00000000000000000000000000000000000000000000000000000000000000,|||,|||,|||,|||,|||,|||,|||,|||,|||,|||
60.11.120.136,60.11.120.136,00000000000000000000000000000000000000000000000000000000000000,|||,|||,|||,|||,|||,|||,|||,|||,|||,|||
59.49.12.69,59.49.12.69,00000000000000000000000000000000000000000000000000000000000000,|||,|||,|||,|||,|||,|||,|||,|||,|||,|||
59.151.17.4,59.151.17.4,00000000000000000000000000000000000000000000000000000000000000,|||,|||,|||,|||,|||,|||,|||,|||,|||,|||
58.51.40.180,58.51.40.180,00000000000000000000000000000000000000000000000000000000000000,|||,|||,|||,|||,|||,|||,|||,|||,|||,|||
59.98.146.249,59.98.146.249,00000000000000000000000000000000000000000000000000000000000000,|||,|||,|||,|||,|||,|||,|||,|||,|||,|||
59.47.78.237,59.47.78.237,00000000000000000000000000000000000000000000000000000000000000,|||,|||,|||,|||,|||,|||,|||,|||,|||,|||
60.162.67.104,60.162.67.104,00000000000000000000000000000000000000000000000000000000000000,|||,|||,|||,|||,|||,|||,|||,|||,|||,|||
60.162.80.0,60.162.80.0,00000000000000000000000000000000000000000000000000000000000000,|||,|||,|||,|||,|||,|||,|||,|||,|||,|||
60.162.185.168,60.162.185.168,00000000000000000000000000000000000000000000000000000000000000,|||,|||,|||,|||,|||,|||,|||,|||,|||,|||
60.18.128.4,60.18.128.4,00000000000000000000000000000000000000000000000000000000000000,|||,|||,|||,|||,|||,|||,|||,|||,|||,|||
58.251.19.126,58.251.19.126,00000000000000000000000000000000000000000000000000000000000000,|||,|||,|||,|||,|||,|||,|||,|||,|||,|||
60.190.157.146,60.190.157.146,00000000000000000000000000000000000000000000000000000000000000,|||,|||,|||,|||,|||,|||,|||,|||,|||,|||
101.200.154.182,101.200.154.182,00000000000000000000000000000000000000000000000000000000000000,|||,|||,|||,|||,|||,|||,|||,|||,|||,|||
59.99.206.170,59.99.206.170,00000000000000000000000000000000000000000000000000000000000000,|||,|||,|||,|||,|||,|||,|||,|||,|||,|||
59.39.128.130,59.39.128.130,00000000000000000000000000000000000000000000000000000000000000,|||,|||,|||,|||,|||,|||,|||,|||,|||,|||
60.164.174.62,60.164.174.62,00000000000000000000000000000000000000000000000000000000000000,|||,|||,|||,|||,|||,|||,|||,|||,|||,|||
101.43.100.239,101.43.100.239,00000000000000000000000000000000000000000000000000000000000000,|||,|||,|||,|||,|||,|||,|||,|||,|||,|||
60.167.83.132,60.167.83.132,00000000000000000000000000000000000000000000000000000000000000,|||,|||,|||,|||,|||,|||,|||,|||,|||,|||
59.22.37.116,59.22.37.116,00000000000000000000000000000000000000000000000000000000000000,|||,|||,|||,|||,|||,|||,|||,|||,|||,|||
85.99.113.150,85.99.113.150,00000000000000000000000000000000000000000000000000000000000000,|||,|||,|||,|||,|||,|||,|||,|||,|||,|||
59.111.59.171,59.111.59.171,00000000000000000000000000000000000000000000000000000000000000,|||,|||,|||,|||,|||,|||,|||,|||,|||,|||
59.42.90.7,59.42.90.7,00000000000000000000000000000000000000000000000000000000000000,|||,|||,|||,|||,|||,|||,|||,|||,|||,|||
58.65.71.131,58.65.71.131,00000000000000000000000000000000000000000000000000000000000000,|||,|||,|||,|||,|||,|||,|||,|||,|||,|||
101.200.212.225,101.200.212.225,00000000000000000000000000000000000000000000000000000000000000,|||,|||,|||,|||,|||,|||,|||,|||,|||,|||
58.252.14.93,58.252.14.93,00000000000000000000000000000000000000000000000000000000000000,|||,|||,|||,|||,|||,|||,|||,|||,|||,|||
101.33.254.27,101.33.254.27,00000000000000000000000000000000000000000000000000000000000000,|||,|||,|||,|||,|||,|||,|||,|||,|||,|||
103.203.57.17,103.203.57.17,00000000000000000000000000000000000000000000000000000000000000,|||,|||,|||,|||,|||,|||,|||,|||,|||,|||
60.210.41.206,60.210.41.206,00000000000000000000000000000000000000000000000000000000000000,|||,|||,|||,|||,|||,|||,|||,|||,|||,|||
101.33.201.236,101.33.201.236,00000000000000000000000000000000000000000000000000000000000000,|||,|||,|||,|||,|||,|||,|||,|||,|||,|||
60.191.125.35,60.191.125.35,00000000000000000000000000000000000000000000000000000000000000,|||,|||,|||,|||,|||,|||,|||,|||,|||,|||
59.4.235.111,59.4.235.111,00000000000000000000000000000000000000000000000000000000000000,|||,|||,|||,|||,|||,|||,|||,|||,|||,|||
60.186.165.95,60.186.165.95,00000000000000000000000000000000000000000000000000000000000000,|||,|||,|||,|||,|||,|||,|||,|||,|||,|||
60.165.160.228,60.165.160.228,00000000000000000000000000000000000000000000000000000000000000,|||,|||,|||,|||,|||,|||,|||,|||,|||,|||
60.242.66.231,60.242.66.231,00000000000000000000000000000000000000000000000000000000000000,|||,|||,|||,|||,|||,|||,|||,|||,|||,|||
58.42.80.28,58.42.80.28,00000000000000000000000000000000000000000000000000000000000000,|||,|||,|||,|||,|||,|||,|||,|||,|||,|||
58.255.218.221,58.255.218.221,00000000000000000000000000000000000000000000000000000000000000,|||,|||,|||,|||,|||,|||,|||,|||,|||,|||
60.12.66.110,60.12.66.110,00000000000000000000000000000000000000000000000000000000000000,|||,|||,|||,|||,|||,|||,|||,|||,|||,|||
60.247.41.19,60.247.41.19,00000000000000000000000000000000000000000000000000000000000000,|||,|||,|||,|||,|||,|||,|||,|||,|||,|||
60.173.244.211,60.173.244.211,00000000000000000000000000000000000000000000000000000000000000,|||,|||,|||,|||,|||,|||,|||,|||,|||,|||
60.11.120.137,60.11.120.137,00000000000000000000000000000000000000000000000000000000000000,|||,|||,|||,|||,|||,|||,|||,|||,|||,|||
58.251.76.166,58.251.76.166,00000000000000000000000000000000000000000000000000000000000000,|||,|||,|||,|||,|||,|||,|||,|||,|||,|||
58.61.28.210,58.61.28.210,00000000000000000000000000000000000000000000000000000000000000,|||,|||,|||,|||,|||,|||,|||,|||,|||,|||
60.215.198.35,60.215.198.35,00000000000000000000000000000000000000000000000000000000000000,|||,|||,|||,|||,|||,|||,|||,|||,|||,|||
59.152.190.135,59.152.190.135,00000000000000000000000000000000000000000000000000000000000000,|||,|||,|||,|||,|||,|||,|||,|||,|||,|||
59.126.108.96,59.126.108.96,00000000000000000000000000000000000000000000000000000000000000,|||,|||,|||,|||,|||,|||,|||,|||,|||,|||
101.33.226.39,101.33.226.39,00000000000000000000000000000000000000000000000000000000000000,|||,|||,|||,|||,|||,|||,|||,|||,|||,|||
101.35.95.183,101.35.95.183,00000000000000000000000000000000000000000000000000000000000000,|||,|||,|||,|||,|||,|||,|||,|||,|||,|||
101.33.198.152,101.33.198.152,00000000000000000000000000000000000000000000000000000000000000,|||,|||,|||,|||,|||,|||,|||,|||,|||,|||
60.222.235.143,60.222.235.143,00000000000000000000000000000000000000000000000000000000000000,|||,|||,|||,|||,|||,|||,|||,|||,|||,|||
101.34.182.83,101.34.182.83,00000000000000000000000000000000000000000000000000000000000000,|||,|||,|||,|||,|||,|||,|||,|||,|||,|||
101.35.122.121,101.35.122.121,00000000000000000000000000000000000000000000000000000000000000,|||,|||,|||,|||,|||,|||,|||,|||,|||,|||
101.43.126.26,101.43.126.26,00000000000000000000000000000000000000000000000000000000000000,|||,|||,|||,|||,|||,|||,|||,|||,|||,|||
101.34.10.122,101.34.10.122,00000000000000000000000000000000000000000000000000000000000000,|||,|||,|||,|||,|||,|||,|||,|||,|||,|||
101.133.219.176,101.133.219.176,00000000000000000000000000000000000000000000000000000000000000,|||,|||,|||,|||,|||,|||,|||,|||,|||,|||
60.190.234.146,60.190.234.146,00000000000000000000000000000000000000000000000000000000000000,|||,|||,|||,|||,|||,|||,|||,|||,|||,|||
59.53.173.63,59.53.173.63,00000000000000000000000000000000000000000000000000000000000000,|||,|||,|||,|||,|||,|||,|||,|||,|||,|||
60.174.97.94,60.174.97.94,00000000000000000000000000000000000000000000000000000000000000,|||,|||,|||,|||,|||,|||,|||,|||,|||,|||
60.214.127.162,60.214.127.162,00000000000000000000000000000000000000000000000000000000000000,|||,|||,|||,|||,|||,|||,|||,|||,|||,|||
60.181.68.55,60.181.68.55,00000000000000000000000000000000000000000000000000000000000000,|||,|||,|||,|||,|||,|||,|||,|||,|||,|||
60.222.235.14,60.222.235.14,00000000000000000000000000000000000000000000000000000000000000,|||,|||,|||,|||,|||,|||,|||,|||,|||,|||
60.205.182.212,60.205.182.212,00000000000000000000000000000000000000000000000000000000000000,|||,|||,|||,|||,|||,|||,|||,|||,|||,|||
60.165.200.183,60.165.200.183,00000000000000000000000000000000000000000000000000000000000000,|||,|||,|||,|||,|||,|||,|||,|||,|||,|||
60.186.169.160,60.186.169.160,00000000000000000000000000000000000000000000000000000000000000,|||,|||,|||,|||,|||,|||,|||,|||,|||,|||
60.20.103.95,60.20.103.95,00000000000000000000000000000000000000000000000000000000000000,|||,|||,|||,|||,|||,|||,|||,|||,|||,|||
60.167.92.68,60.167.92.68,00000000000000000000000000000000000000000000000000000000000000,|||,|||,|||,|||,|||,|||,|||,|||,|||,|||
101.133.149.100,101.133.149.100,00000000000000000000000000000000000000000000000000000000000000,|||,|||,|||,|||,|||,|||,|||,|||,|||,|||
60.223.38.81,60.223.38.81,00000000000000000000000000000000000000000000000000000000000000,|||,|||,|||,|||,|||,|||,|||,|||,|||,|||
60.11.148.89,60.11.148.89,00000000000000000000000000000000000000000000000000000000000000,|||,|||,|||,|||,|||,|||,|||,|||,|||,|||
59.127.35.8,59.127.35.8,00000000000000000000000000000000000000000000000000000000000000,|||,|||,|||,|||,|||,|||,|||,|||,|||,|||
60.12.33.9,60.12.33.9,00000000000000000000000000000000000000000000000000000000000000,|||,|||,|||,|||,|||,|||,|||,|||,|||,|||
60.191.72.135,60.191.72.135,00000000000000000000000000000000000000000000000000000000000000,|||,|||,|||,|||,|||,|||,|||,|||,|||,|||
60.191.35.78,60.191.35.78,00000000000000000000000000000000000000000000000000000000000000,|||,|||,|||,|||,|||,|||,|||,|||,|||,|||
60.190.200.42,60.190.200.42,00000000000000000000000000000000000000000000000000000000000000,|||,|||,|||,|||,|||,|||,|||,|||,|||,|||
101.34.16.172,101.34.16.172,00000000000000000000000000000000000000000000000000000000000000,|||,|||,|||,|||,|||,|||,|||,|||,|||,|||
60.223.254.67,60.223.254.67,00000000000000000000000000000000000000000000000000000000000000,|||,|||,|||,|||,|||,|||,|||,|||,|||,|||
101.33.199.170,101.33.199.170,00000000000000000000000000000000000000000000000000000000000000,|||,|||,|||,|||,|||,|||,|||,|||,|||,|||
60.172.1.227,60.172.1.227,00000000000000000000000000000000000000000000000000000000000000,|||,|||,|||,|||,|||,|||,|||,|||,|||,|||
101.35.107.110,101.35.107.110,00000000000000000000000000000000000000000000000000000000000000,|||,|||,|||,|||,|||,|||,|||,|||,|||,|||
60.16.16.223,60.16.16.223,00000000000000000000000000000000000000000000000000000000000000,|||,|||,|||,|||,|||,|||,|||,|||,|||,|||
101.34.188.77,101.34.188.77,00000000000000000000000000000000000000000000000000000000000000,|||,|||,|||,|||,|||,|||,|||,|||,|||,|||
102.88.4.42,102.88.4.42,00000000000000000000000000000000000000000000000000000000000000,|||,|||,|||,|||,|||,|||,|||,|||,|||,|||
60.178.148.214,60.178.148.214,00000000000000000000000000000000000000000000000000000000000000,|||,|||,|||,|||,|||,|||,|||,|||,|||,|||
60.251.240.92,60.251.240.92,00000000000000000000000000000000000000000000000000000000000000,|||,|||,|||,|||,|||,|||,|||,|||,|||,|||
104.140.188.6,104.140.188.6,00000000000000000000000000000000000000000000000000000000000000,|||,|||,|||,|||,|||,|||,|||,|||,|||,|||
61.137.125.148,61.137.125.148,00000000000000000000000000000000000000000000000000000000000000,|||,|||,|||,|||,|||,|||,|||,|||,|||,|||
104.140.188.30,104.140.188.30,00000000000000000000000000000000000000000000000000000000000000,|||,|||,|||,|||,|||,|||,|||,|||,|||,|||
60.218.191.236,60.218.191.236,00000000000000000000000000000000000000000000000000000000000000,|||,|||,|||,|||,|||,|||,|||,|||,|||,|||
60.164.134.55,60.164.134.55,00000000000000000000000000000000000000000000000000000000000000,|||,|||,|||,|||,|||,|||,|||,|||,|||,|||
101.200.46.115,101.200.46.115,00000000000000000000000000000000000000000000000000000000000000,|||,|||,|||,|||,|||,|||,|||,|||,|||,|||
104.140.188.14,104.140.188.14,00000000000000000000000000000000000000000000000000000000000000,|||,|||,|||,|||,|||,|||,|||,|||,|||,|||
60.209.107.116,60.209.107.116,00000000000000000000000000000000000000000000000000000000000000,|||,|||,|||,|||,|||,|||,|||,|||,|||,|||
104.140.188.2,104.140.188.2,00000000000000000000000000000000000000000000000000000000000000,|||,|||,|||,|||,|||,|||,|||,|||,|||,|||
104.140.188.54,104.140.188.54,00000000000000000000000000000000000000000000000000000000000000,|||,|||,|||,|||,|||,|||,|||,|||,|||,|||
60.215.165.47,60.215.165.47,00000000000000000000000000000000000000000000000000000000000000,|||,|||,|||,|||,|||,|||,|||,|||,|||,|||
101.35.5.133,101.35.5.133,00000000000000000000000000000000000000000000000000000000000000,|||,|||,|||,|||,|||,|||,|||,|||,|||,|||
101.201.236.14,101.201.236.14,00000000000000000000000000000000000000000000000000000000000000,|||,|||,|||,|||,|||,|||,|||,|||,|||,|||
60.222.235.172,60.222.235.172,00000000000000000000000000000000000000000000000000000000000000,|||,|||,|||,|||,|||,|||,|||,|||,|||,|||
101.33.203.235,101.33.203.235,00000000000000000000000000000000000000000000000000000000000000,|||,|||,|||,|||,|||,|||,|||,|||,|||,|||
60.222.235.132,60.222.235.132,00000000000000000000000000000000000000000000000000000000000000,|||,|||,|||,|||,|||,|||,|||,|||,|||,|||
60.217.197.219,60.217.197.219,00000000000000000000000000000000000000000000000000000000000000,|||,|||,|||,|||,|||,|||,|||,|||,|||,|||
61.137.125.129,61.137.125.129,00000000000000000000000000000000000000000000000000000000000000,|||,|||,|||,|||,|||,|||,|||,|||,|||,|||
60.216.7.2,60.216.7.2,00000000000000000000000000000000000000000000000000000000000000,|||,|||,|||,|||,|||,|||,|||,|||,|||,|||
60.205.106.108,60.205.106.108,00000000000000000000000000000000000000000000000000000000000000,|||,|||,|||,|||,|||,|||,|||,|||,|||,|||
60.179.254.220,60.179.254.220,00000000000000000000000000000000000000000000000000000000000000,|||,|||,|||,|||,|||,|||,|||,|||,|||,|||
60.165.96.78,60.165.96.78,00000000000000000000000000000000000000000000000000000000000000,|||,|||,|||,|||,|||,|||,|||,|||,|||,|||
61.130.110.198,61.130.110.198,00000000000000000000000000000000000000000000000000000000000000,|||,|||,|||,|||,|||,|||,|||,|||,|||,|||
60.220.202.72,60.220.202.72,00000000000000000000000000000000000000000000000000000000000000,|||,|||,|||,|||,|||,|||,|||,|||,|||,|||
60.205.225.91,60.205.225.91,00000000000000000000000000000000000000000000000000000000000000,|||,|||,|||,|||,|||,|||,|||,|||,|||,|||
60.36.190.189,60.36.190.189,00000000000000000000000000000000000000000000000000000000000000,|||,|||,|||,|||,|||,|||,|||,|||,|||,|||
103.203.57.28,103.203.57.28,00000000000000000000000000000000000000000000000000000000000000,|||,|||,|||,|||,|||,|||,|||,|||,|||,|||
60.6.54.203,60.6.54.203,00000000000000000000000000000000000000000000000000000000000000,|||,|||,|||,|||,|||,|||,|||,|||,|||,|||
60.205.247.200,60.205.247.200,00000000000000000000000000000000000000000000000000000000000000,|||,|||,|||,|||,|||,|||,|||,|||,|||,|||
101.43.111.19,101.43.111.19,00000000000000000000000000000000000000000000000000000000000000,|||,|||,|||,|||,|||,|||,|||,|||,|||,|||
60.8.216.98,60.8.216.98,00000000000000000000000000000000000000000000000000000000000000,|||,|||,|||,|||,|||,|||,|||,|||,|||,|||
101.43.179.52,101.43.179.52,00000000000000000000000000000000000000000000000000000000000000,|||,|||,|||,|||,|||,|||,|||,|||,|||,|||
101.43.56.7,101.43.56.7,00000000000000000000000000000000000000000000000000000000000000,|||,|||,|||,|||,|||,|||,|||,|||,|||,|||
60.205.220.176,60.205.220.176,00000000000000000000000000000000000000000000000000000000000000,|||,|||,|||,|||,|||,|||,|||,|||,|||,|||
59.56.226.180,59.56.226.180,00000000000000000000000000000000000000000000000000000000000000,|||,|||,|||,|||,|||,|||,|||,|||,|||,|||
60.30.199.250,60.30.199.250,00000000000000000000000000000000000000000000000000000000000000,|||,|||,|||,|||,|||,|||,|||,|||,|||,|||
60.222.235.145,60.222.235.145,00000000000000000000000000000000000000000000000000000000000000,|||,|||,|||,|||,|||,|||,|||,|||,|||,|||
60.215.109.2,60.215.109.2,00000000000000000000000000000000000000000000000000000000000000,|||,|||,|||,|||,|||,|||,|||,|||,|||,|||
101.43.22.230,101.43.22.230,00000000000000000000000000000000000000000000000000000000000000,|||,|||,|||,|||,|||,|||,|||,|||,|||,|||
60.249.216.199,60.249.216.199,00000000000000000000000000000000000000000000000000000000000000,|||,|||,|||,|||,|||,|||,|||,|||,|||,|||
60.48.105.233,60.48.105.233,00000000000000000000000000000000000000000000000000000000000000,|||,|||,|||,|||,|||,|||,|||,|||,|||,|||
60.218.59.26,60.218.59.26,00000000000000000000000000000000000000000000000000000000000000,|||,|||,|||,|||,|||,|||,|||,|||,|||,|||
60.220.242.137,60.220.242.137,00000000000000000000000000000000000000000000000000000000000000,|||,|||,|||,|||,|||,|||,|||,|||,|||,|||
61.131.31.221,61.131.31.221,00000000000000000000000000000000000000000000000000000000000000,|||,|||,|||,|||,|||,|||,|||,|||,|||,|||
101.32.32.202,101.32.32.202,00000000000000000000000000000000000000000000000000000000000000,|||,|||,|||,|||,|||,|||,|||,|||,|||,|||
60.54.53.250,60.54.53.250,00000000000000000000000000000000000000000000000000000000000000,|||,|||,|||,|||,|||,|||,|||,|||,|||,|||
101.33.230.168,101.33.230.168,00000000000000000000000000000000000000000000000000000000000000,|||,|||,|||,|||,|||,|||,|||,|||,|||,|||
61.130.110.234,61.130.110.234,00000000000000000000000000000000000000000000000000000000000000,|||,|||,|||,|||,|||,|||,|||,|||,|||,|||
60.167.83.134,60.167.83.134,00000000000000000000000000000000000000000000000000000000000000,|||,|||,|||,|||,|||,|||,|||,|||,|||,|||
60.41.23.92,60.41.23.92,00000000000000000000000000000000000000000000000000000000000000,|||,|||,|||,|||,|||,|||,|||,|||,|||,|||
60.218.143.63,60.218.143.63,00000000000000000000000000000000000000000000000000000000000000,|||,|||,|||,|||,|||,|||,|||,|||,|||,|||
101.200.181.75,101.200.181.75,00000000000000000000000000000000000000000000000000000000000000,|||,|||,|||,|||,|||,|||,|||,|||,|||,|||
103.152.101.235,103.152.101.235,00000000000000000000000000000000000000000000000000000000000000,|||,|||,|||,|||,|||,|||,|||,|||,|||,|||
103.136.162.155,103.136.162.155,00000000000000000000000000000000000000000000000000000000000000,|||,|||,|||,|||,|||,|||,|||,|||,|||,|||
59.58.211.172,59.58.211.172,00000000000000000000000000000000000000000000000000000000000000,|||,|||,|||,|||,|||,|||,|||,|||,|||,|||
60.246.55.36,60.246.55.36,00000000000000000000000000000000000000000000000000000000000000,|||,|||,|||,|||,|||,|||,|||,|||,|||,|||
60.30.88.2,60.30.88.2,00000000000000000000000000000000000000000000000000000000000000,|||,|||,|||,|||,|||,|||,|||,|||,|||,|||
61.133.118.6,61.133.118.6,00000000000000000000000000000000000000000000000000000000000000,|||,|||,|||,|||,|||,|||,|||,|||,|||,|||
60.23.54.94,60.23.54.94,00000000000000000000000000000000000000000000000000000000000000,|||,|||,|||,|||,|||,|||,|||,|||,|||,|||
60.30.254.230,60.30.254.230,00000000000000000000000000000000000000000000000000000000000000,|||,|||,|||,|||,|||,|||,|||,|||,|||,|||
60.222.235.227,60.222.235.227,00000000000000000000000000000000000000000000000000000000000000,|||,|||,|||,|||,|||,|||,|||,|||,|||,|||
60.30.150.42,60.30.150.42,00000000000000000000000000000000000000000000000000000000000000,|||,|||,|||,|||,|||,|||,|||,|||,|||,|||
60.189.165.7,60.189.165.7,00000000000000000000000000000000000000000000000000000000000000,|||,|||,|||,|||,|||,|||,|||,|||,|||,|||
60.10.41.150,60.10.41.150,00000000000000000000000000000000000000000000000000000000000000,|||,|||,|||,|||,|||,|||,|||,|||,|||,|||
101.35.255.70,101.35.255.70,00000000000000000000000000000000000000000000000000000000000000,|||,|||,|||,|||,|||,|||,|||,|||,|||,|||
101.43.164.139,101.43.164.139,00000000000000000000000000000000000000000000000000000000000000,|||,|||,|||,|||,|||,|||,|||,|||,|||,|||
101.34.234.91,101.34.234.91,00000000000000000000000000000000000000000000000000000000000000,|||,|||,|||,|||,|||,|||,|||,|||,|||,|||
104.140.188.38,104.140.188.38,00000000000000000000000000000000000000000000000000000000000000,|||,|||,|||,|||,|||,|||,|||,|||,|||,|||
104.140.188.18,104.140.188.18,00000000000000000000000000000000000000000000000000000000000000,|||,|||,|||,|||,|||,|||,|||,|||,|||,|||
104.140.188.26,104.140.188.26,00000000000000000000000000000000000000000000000000000000000000,|||,|||,|||,|||,|||,|||,|||,|||,|||,|||
104.140.188.10,104.140.188.10,00000000000000000000000000000000000000000000000000000000000000,|||,|||,|||,|||,|||,|||,|||,|||,|||,|||
104.140.188.42,104.140.188.42,00000000000000000000000000000000000000000000000000000000000000,|||,|||,|||,|||,|||,|||,|||,|||,|||,|||
104.140.188.46,104.140.188.46,00000000000000000000000000000000000000000000000000000000000000,|||,|||,|||,|||,|||,|||,|||,|||,|||,|||
101.43.43.72,101.43.43.72,00000000000000000000000000000000000000000000000000000000000000,|||,|||,|||,|||,|||,|||,|||,|||,|||,|||
101.43.34.153,101.43.34.153,00000000000000000000000000000000000000000000000000000000000000,|||,|||,|||,|||,|||,|||,|||,|||,|||,|||
101.35.54.23,101.35.54.23,00000000000000000000000000000000000000000000000000000000000000,|||,|||,|||,|||,|||,|||,|||,|||,|||,|||
104.140.188.58,104.140.188.58,00000000000000000000000000000000000000000000000000000000000000,|||,|||,|||,|||,|||,|||,|||,|||,|||,|||
101.35.141.150,101.35.141.150,00000000000000000000000000000000000000000000000000000000000000,|||,|||,|||,|||,|||,|||,|||,|||,|||,|||
103.164.85.6,103.164.85.6,00000000000000000000000000000000000000000000000000000000000000,|||,|||,|||,|||,|||,|||,|||,|||,|||,|||
101.43.37.248,101.43.37.248,00000000000000000000000000000000000000000000000000000000000000,|||,|||,|||,|||,|||,|||,|||,|||,|||,|||
101.43.31.65,101.43.31.65,00000000000000000000000000000000000000000000000000000000000000,|||,|||,|||,|||,|||,|||,|||,|||,|||,|||
103.203.57.13,103.203.57.13,00000000000000000000000000000000000000000000000000000000000000,|||,|||,|||,|||,|||,|||,|||,|||,|||,|||
101.37.168.97,101.37.168.97,00000000000000000000000000000000000000000000000000000000000000,|||,|||,|||,|||,|||,|||,|||,|||,|||,|||
101.36.102.41,101.36.102.41,00000000000000000000000000000000000000000000000000000000000000,|||,|||,|||,|||,|||,|||,|||,|||,|||,|||
101.43.13.29,101.43.13.29,00000000000000000000000000000000000000000000000000000000000000,|||,|||,|||,|||,|||,|||,|||,|||,|||,|||
104.140.188.22,104.140.188.22,00000000000000000000000000000000000000000000000000000000000000,|||,|||,|||,|||,|||,|||,|||,|||,|||,|||
101.35.149.153,101.35.149.153,00000000000000000000000000000000000000000000000000000000000000,|||,|||,|||,|||,|||,|||,|||,|||,|||,|||
103.203.57.2,103.203.57.2,00000000000000000000000000000000000000000000000000000000000000,|||,|||,|||,|||,|||,|||,|||,|||,|||,|||
101.43.116.49,101.43.116.49,00000000000000000000000000000000000000000000000000000000000000,|||,|||,|||,|||,|||,|||,|||,|||,|||,|||
101.36.102.160,101.36.102.160,00000000000000000000000000000000000000000000000000000000000000,|||,|||,|||,|||,|||,|||,|||,|||,|||,|||
61.145.9.92,61.145.9.92,00000000000000000000000000000000000000000000000000000000000000,|||,|||,|||,|||,|||,|||,|||,|||,|||,|||
61.141.235.103,61.141.235.103,00000000000000000000000000000000000000000000000000000000000000,|||,|||,|||,|||,|||,|||,|||,|||,|||,|||
61.147.209.133,61.147.209.133,00000000000000000000000000000000000000000000000000000000000000,|||,|||,|||,|||,|||,|||,|||,|||,|||,|||
103.203.57.8,103.203.57.8,00000000000000000000000000000000000000000000000000000000000000,|||,|||,|||,|||,|||,|||,|||,|||,|||,|||
103.171.240.250,103.171.240.250,00000000000000000000000000000000000000000000000000000000000000,|||,|||,|||,|||,|||,|||,|||,|||,|||,|||
61.140.169.252,61.140.169.252,00000000000000000000000000000000000000000000000000000000000000,|||,|||,|||,|||,|||,|||,|||,|||,|||,|||
103.137.89.38,103.137.89.38,00000000000000000000000000000000000000000000000000000000000000,|||,|||,|||,|||,|||,|||,|||,|||,|||,|||
103.203.57.16,103.203.57.16,00000000000000000000000000000000000000000000000000000000000000,|||,|||,|||,|||,|||,|||,|||,|||,|||,|||
103.172.134.128,103.172.134.128,00000000000000000000000000000000000000000000000000000000000000,|||,|||,|||,|||,|||,|||,|||,|||,|||,|||
60.29.127.46,60.29.127.46,00000000000000000000000000000000000000000000000000000000000000,|||,|||,|||,|||,|||,|||,|||,|||,|||,|||
61.143.43.4,61.143.43.4,00000000000000000000000000000000000000000000000000000000000000,|||,|||,|||,|||,|||,|||,|||,|||,|||,|||
101.67.8.17,101.67.8.17,00000000000000000000000000000000000000000000000000000000000000,|||,|||,|||,|||,|||,|||,|||,|||,|||,|||
103.117.146.50,103.117.146.50,00000000000000000000000000000000000000000000000000000000000000,|||,|||,|||,|||,|||,|||,|||,|||,|||,|||
103.150.242.86,103.150.242.86,00000000000000000000000000000000000000000000000000000000000000,|||,|||,|||,|||,|||,|||,|||,|||,|||,|||
101.43.156.95,101.43.156.95,00000000000000000000000000000000000000000000000000000000000000,|||,|||,|||,|||,|||,|||,|||,|||,|||,|||
104.140.188.34,104.140.188.34,00000000000000000000000000000000000000000000000000000000000000,|||,|||,|||,|||,|||,|||,|||,|||,|||,|||
101.200.227.135,101.200.227.135,00000000000000000000000000000000000000000000000000000000000000,|||,|||,|||,|||,|||,|||,|||,|||,|||,|||
61.191.27.122,61.191.27.122,00000000000000000000000000000000000000000000000000000000000000,|||,|||,|||,|||,|||,|||,|||,|||,|||,|||
61.142.29.2,61.142.29.2,00000000000000000000000000000000000000000000000000000000000000,|||,|||,|||,|||,|||,|||,|||,|||,|||,|||
103.203.57.27,103.203.57.27,00000000000000000000000000000000000000000000000000000000000000,|||,|||,|||,|||,|||,|||,|||,|||,|||,|||
101.201.39.173,101.201.39.173,00000000000000000000000000000000000000000000000000000000000000,|||,|||,|||,|||,|||,|||,|||,|||,|||,|||
61.216.44.125,61.216.44.125,00000000000000000000000000000000000000000000000000000000000000,|||,|||,|||,|||,|||,|||,|||,|||,|||,|||
61.160.97.18,61.160.97.18,00000000000000000000000000000000000000000000000000000000000000,|||,|||,|||,|||,|||,|||,|||,|||,|||,|||
61.191.147.195,61.191.147.195,00000000000000000000000000000000000000000000000000000000000000,|||,|||,|||,|||,|||,|||,|||,|||,|||,|||
103.161.17.228,103.161.17.228,00000000000000000000000000000000000000000000000000000000000000,|||,|||,|||,|||,|||,|||,|||,|||,|||,|||
61.141.235.44,61.141.235.44,00000000000000000000000000000000000000000000000000000000000000,|||,|||,|||,|||,|||,|||,|||,|||,|||,|||
61.146.211.86,61.146.211.86,00000000000000000000000000000000000000000000000000000000000000,|||,|||,|||,|||,|||,|||,|||,|||,|||,|||
61.149.57.50,61.149.57.50,00000000000000000000000000000000000000000000000000000000000000,|||,|||,|||,|||,|||,|||,|||,|||,|||,|||
61.140.168.141,61.140.168.141,00000000000000000000000000000000000000000000000000000000000000,|||,|||,|||,|||,|||,|||,|||,|||,|||,|||
103.17.201.18,103.17.201.18,00000000000000000000000000000000000000000000000000000000000000,|||,|||,|||,|||,|||,|||,|||,|||,|||,|||
101.200.172.150,101.200.172.150,00000000000000000000000000000000000000000000000000000000000000,|||,|||,|||,|||,|||,|||,|||,|||,|||,|||
61.181.79.106,61.181.79.106,00000000000000000000000000000000000000000000000000000000000000,|||,|||,|||,|||,|||,|||,|||,|||,|||,|||
103.161.16.23,103.161.16.23,00000000000000000000000000000000000000000000000000000000000000,|||,|||,|||,|||,|||,|||,|||,|||,|||,|||
101.43.158.125,101.43.158.125,00000000000000000000000000000000000000000000000000000000000000,|||,|||,|||,|||,|||,|||,|||,|||,|||,|||
60.222.235.131,60.222.235.131,00000000000000000000000000000000000000000000000000000000000000,|||,|||,|||,|||,|||,|||,|||,|||,|||,|||
103.203.57.4,103.203.57.4,00000000000000000000000000000000000000000000000000000000000000,|||,|||,|||,|||,|||,|||,|||,|||,|||,|||
101.43.171.5,101.43.171.5,00000000000000000000000000000000000000000000000000000000000000,|||,|||,|||,|||,|||,|||,|||,|||,|||,|||
104.131.27.163,104.131.27.163,00000000000000000000000000000000000000000000000000000000000000,|||,|||,|||,|||,|||,|||,|||,|||,|||,|||
101.35.246.216,101.35.246.216,00000000000000000000000000000000000000000000000000000000000000,|||,|||,|||,|||,|||,|||,|||,|||,|||,|||
101.43.63.105,101.43.63.105,00000000000000000000000000000000000000000000000000000000000000,|||,|||,|||,|||,|||,|||,|||,|||,|||,|||
61.143.124.126,61.143.124.126,00000000000000000000000000000000000000000000000000000000000000,|||,|||,|||,|||,|||,|||,|||,|||,|||,|||
101.43.91.75,101.43.91.75,00000000000000000000000000000000000000000000000000000000000000,|||,|||,|||,|||,|||,|||,|||,|||,|||,|||
101.43.87.45,101.43.87.45,00000000000000000000000000000000000000000000000000000000000000,|||,|||,|||,|||,|||,|||,|||,|||,|||,|||
101.43.120.149,101.43.120.149,00000000000000000000000000000000000000000000000000000000000000,|||,|||,|||,|||,|||,|||,|||,|||,|||,|||
101.35.148.168,101.35.148.168,00000000000000000000000000000000000000000000000000000000000000,|||,|||,|||,|||,|||,|||,|||,|||,|||,|||
61.218.236.206,61.218.236.206,00000000000000000000000000000000000000000000000000000000000000,|||,|||,|||,|||,|||,|||,|||,|||,|||,|||
101.43.78.56,101.43.78.56,00000000000000000000000000000000000000000000000000000000000000,|||,|||,|||,|||,|||,|||,|||,|||,|||,|||
61.163.148.225,61.163.148.225,00000000000000000000000000000000000000000000000000000000000000,|||,|||,|||,|||,|||,|||,|||,|||,|||,|||
101.37.21.123,101.37.21.123,00000000000000000000000000000000000000000000000000000000000000,|||,|||,|||,|||,|||,|||,|||,|||,|||,|||
103.203.57.22,103.203.57.22,00000000000000000000000000000000000000000000000000000000000000,|||,|||,|||,|||,|||,|||,|||,|||,|||,|||
61.153.182.166,61.153.182.166,00000000000000000000000000000000000000000000000000000000000000,|||,|||,|||,|||,|||,|||,|||,|||,|||,|||
101.43.49.191,101.43.49.191,00000000000000000000000000000000000000000000000000000000000000,|||,|||,|||,|||,|||,|||,|||,|||,|||,|||
61.147.209.31,61.147.209.31,00000000000000000000000000000000000000000000000000000000000000,|||,|||,|||,|||,|||,|||,|||,|||,|||,|||
61.142.75.66,61.142.75.66,00000000000000000000000000000000000000000000000000000000000000,|||,|||,|||,|||,|||,|||,|||,|||,|||,|||
61.188.184.162,61.188.184.162,00000000000000000000000000000000000000000000000000000000000000,|||,|||,|||,|||,|||,|||,|||,|||,|||,|||
61.184.190.242,61.184.190.242,00000000000000000000000000000000000000000000000000000000000000,|||,|||,|||,|||,|||,|||,|||,|||,|||,|||
61.148.28.118,61.148.28.118,00000000000000000000000000000000000000000000000000000000000000,|||,|||,|||,|||,|||,|||,|||,|||,|||,|||
61.15.151.91,61.15.151.91,00000000000000000000000000000000000000000000000000000000000000,|||,|||,|||,|||,|||,|||,|||,|||,|||,|||
104.218.165.182,104.218.165.182,00000000000000000000000000000000000000000000000000000000000000,|||,|||,|||,|||,|||,|||,|||,|||,|||,|||
101.132.250.108,101.132.250.108,00000000000000000000000000000000000000000000000000000000000000,|||,|||,|||,|||,|||,|||,|||,|||,|||,|||
61.166.16.95,61.166.16.95,00000000000000000000000000000000000000000000000000000000000000,|||,|||,|||,|||,|||,|||,|||,|||,|||,|||
101.133.168.245,101.133.168.245,00000000000000000000000000000000000000000000000000000000000000,|||,|||,|||,|||,|||,|||,|||,|||,|||,|||
101.43.193.45,101.43.193.45,00000000000000000000000000000000000000000000000000000000000000,|||,|||,|||,|||,|||,|||,|||,|||,|||,|||
103.136.249.66,103.136.249.66,00000000000000000000000000000000000000000000000000000000000000,|||,|||,|||,|||,|||,|||,|||,|||,|||,|||
61.181.241.59,61.181.241.59,00000000000000000000000000000000000000000000000000000000000000,|||,|||,|||,|||,|||,|||,|||,|||,|||,|||
61.190.162.242,61.190.162.242,00000000000000000000000000000000000000000000000000000000000000,|||,|||,|||,|||,|||,|||,|||,|||,|||,|||
61.188.17.137,61.188.17.137,00000000000000000000000000000000000000000000000000000000000000,|||,|||,|||,|||,|||,|||,|||,|||,|||,|||
103.203.58.0,103.203.58.0,00000000000000000000000000000000000000000000000000000000000000,|||,|||,|||,|||,|||,|||,|||,|||,|||,|||
104.248.175.213,104.248.175.213,00000000000000000000000000000000000000000000000000000000000000,|||,|||,|||,|||,|||,|||,|||,|||,|||,|||
103.203.58.1,103.203.58.1,00000000000000000000000000000000000000000000000000000000000000,|||,|||,|||,|||,|||,|||,|||,|||,|||,|||
61.138.95.114,61.138.95.114,00000000000000000000000000000000000000000000000000000000000000,|||,|||,|||,|||,|||,|||,|||,|||,|||,|||
61.163.34.136,61.163.34.136,00000000000000000000000000000000000000000000000000000000000000,|||,|||,|||,|||,|||,|||,|||,|||,|||,|||
61.221.225.172,61.221.225.172,00000000000000000000000000000000000000000000000000000000000000,|||,|||,|||,|||,|||,|||,|||,|||,|||,|||
104.248.17.177,104.248.17.177,00000000000000000000000000000000000000000000000000000000000000,|||,|||,|||,|||,|||,|||,|||,|||,|||,|||
61.188.17.93,61.188.17.93,00000000000000000000000000000000000000000000000000000000000000,|||,|||,|||,|||,|||,|||,|||,|||,|||,|||
61.150.107.119,61.150.107.119,00000000000000000000000000000000000000000000000000000000000000,|||,|||,|||,|||,|||,|||,|||,|||,|||,|||
61.142.103.121,61.142.103.121,00000000000000000000000000000000000000000000000000000000000000,|||,|||,|||,|||,|||,|||,|||,|||,|||,|||
61.157.12.131,61.157.12.131,00000000000000000000000000000000000000000000000000000000000000,|||,|||,|||,|||,|||,|||,|||,|||,|||,|||
101.53.101.16,101.53.101.16,00000000000000000000000000000000000000000000000000000000000000,|||,|||,|||,|||,|||,|||,|||,|||,|||,|||
101.200.88.40,101.200.88.40,00000000000000000000000000000000000000000000000000000000000000,|||,|||,|||,|||,|||,|||,|||,|||,|||,|||
61.164.160.130,61.164.160.130,00000000000000000000000000000000000000000000000000000000000000,|||,|||,|||,|||,|||,|||,|||,|||,|||,|||
61.137.125.236,61.137.125.236,00000000000000000000000000000000000000000000000000000000000000,|||,|||,|||,|||,|||,|||,|||,|||,|||,|||
61.140.139.25,61.140.139.25,00000000000000000000000000000000000000000000000000000000000000,|||,|||,|||,|||,|||,|||,|||,|||,|||,|||
103.203.57.23,103.203.57.23,00000000000000000000000000000000000000000000000000000000000000,|||,|||,|||,|||,|||,|||,|||,|||,|||,|||
61.240.144.70,61.240.144.70,00000000000000000000000000000000000000000000000000000000000000,|||,|||,|||,|||,|||,|||,|||,|||,|||,|||
103.133.106.128,103.133.106.128,00000000000000000000000000000000000000000000000000000000000000,|||,|||,|||,|||,|||,|||,|||,|||,|||,|||
61.50.115.110,61.50.115.110,00000000000000000000000000000000000000000000000000000000000000,|||,|||,|||,|||,|||,|||,|||,|||,|||,|||
103.150.109.158,103.150.109.158,00000000000000000000000000000000000000000000000000000000000000,|||,|||,|||,|||,|||,|||,|||,|||,|||,|||
104.248.168.9,104.248.168.9,00000000000000000000000000000000000000000000000000000000000000,|||,|||,|||,|||,|||,|||,|||,|||,|||,|||
61.168.14.46,61.168.14.46,00000000000000000000000000000000000000000000000000000000000000,|||,|||,|||,|||,|||,|||,|||,|||,|||,|||
61.181.30.132,61.181.30.132,00000000000000000000000000000000000000000000000000000000000000,|||,|||,|||,|||,|||,|||,|||,|||,|||,|||
104.248.241.78,104.248.241.78,00000000000000000000000000000000000000000000000000000000000000,|||,|||,|||,|||,|||,|||,|||,|||,|||,|||
61.221.225.143,61.221.225.143,00000000000000000000000000000000000000000000000000000000000000,|||,|||,|||,|||,|||,|||,|||,|||,|||,|||
61.160.237.40,61.160.237.40,00000000000000000000000000000000000000000000000000000000000000,|||,|||,|||,|||,|||,|||,|||,|||,|||,|||
61.189.159.183,61.189.159.183,00000000000000000000000000000000000000000000000000000000000000,|||,|||,|||,|||,|||,|||,|||,|||,|||,|||
104.218.165.30,104.218.165.30,00000000000000000000000000000000000000000000000000000000000000,|||,|||,|||,|||,|||,|||,|||,|||,|||,|||
61.178.185.196,61.178.185.196,00000000000000000000000000000000000000000000000000000000000000,|||,|||,|||,|||,|||,|||,|||,|||,|||,|||
61.182.111.182,61.182.111.182,00000000000000000000000000000000000000000000000000000000000000,|||,|||,|||,|||,|||,|||,|||,|||,|||,|||
103.229.196.19,103.229.196.19,00000000000000000000000000000000000000000000000000000000000000,|||,|||,|||,|||,|||,|||,|||,|||,|||,|||
61.137.125.177,61.137.125.177,00000000000000000000000000000000000000000000000000000000000000,|||,|||,|||,|||,|||,|||,|||,|||,|||,|||
104.248.168.145,104.248.168.145,00000000000000000000000000000000000000000000000000000000000000,|||,|||,|||,|||,|||,|||,|||,|||,|||,|||
104.218.164.191,104.218.164.191,00000000000000000000000000000000000000000000000000000000000000,|||,|||,|||,|||,|||,|||,|||,|||,|||,|||
104.218.165.102,104.218.165.102,00000000000000000000000000000000000000000000000000000000000000,|||,|||,|||,|||,|||,|||,|||,|||,|||,|||
103.131.189.139,103.131.189.139,00000000000000000000000000000000000000000000000000000000000000,|||,|||,|||,|||,|||,|||,|||,|||,|||,|||
61.38.176.75,61.38.176.75,00000000000000000000000000000000000000000000000000000000000000,|||,|||,|||,|||,|||,|||,|||,|||,|||,|||
101.35.120.32,101.35.120.32,00000000000000000000000000000000000000000000000000000000000000,|||,|||,|||,|||,|||,|||,|||,|||,|||,|||
61.240.18.154,61.240.18.154,00000000000000000000000000000000000000000000000000000000000000,|||,|||,|||,|||,|||,|||,|||,|||,|||,|||
61.167.78.5,61.167.78.5,00000000000000000000000000000000000000000000000000000000000000,|||,|||,|||,|||,|||,|||,|||,|||,|||,|||
104.218.164.140,104.218.164.140,00000000000000000000000000000000000000000000000000000000000000,|||,|||,|||,|||,|||,|||,|||,|||,|||,|||
103.50.205.202,103.50.205.202,00000000000000000000000000000000000000000000000000000000000000,|||,|||,|||,|||,|||,|||,|||,|||,|||,|||
61.54.107.144,61.54.107.144,00000000000000000000000000000000000000000000000000000000000000,|||,|||,|||,|||,|||,|||,|||,|||,|||,|||
103.117.33.238,103.117.33.238,00000000000000000000000000000000000000000000000000000000000000,|||,|||,|||,|||,|||,|||,|||,|||,|||,|||
103.194.88.66,103.194.88.66,00000000000000000000000000000000000000000000000000000000000000,|||,|||,|||,|||,|||,|||,|||,|||,|||,|||
62.221.112.79,62.221.112.79,00000000000000000000000000000000000000000000000000000000000000,|||,|||,|||,|||,|||,|||,|||,|||,|||,|||
61.98.74.96,61.98.74.96,00000000000000000000000000000000000000000000000000000000000000,|||,|||,|||,|||,|||,|||,|||,|||,|||,|||
61.75.51.108,61.75.51.108,00000000000000000000000000000000000000000000000000000000000000,|||,|||,|||,|||,|||,|||,|||,|||,|||,|||
61.53.64.235,61.53.64.235,00000000000000000000000000000000000000000000000000000000000000,|||,|||,|||,|||,|||,|||,|||,|||,|||,|||
61.167.119.228,61.167.119.228,00000000000000000000000000000000000000000000000000000000000000,|||,|||,|||,|||,|||,|||,|||,|||,|||,|||
62.210.124.66,62.210.124.66,00000000000000000000000000000000000000000000000000000000000000,|||,|||,|||,|||,|||,|||,|||,|||,|||,|||
61.6.67.34,61.6.67.34,00000000000000000000000000000000000000000000000000000000000000,|||,|||,|||,|||,|||,|||,|||,|||,|||,|||
62.12.83.197,62.12.83.197,00000000000000000000000000000000000000000000000000000000000000,|||,|||,|||,|||,|||,|||,|||,|||,|||,|||
61.85.23.129,61.85.23.129,00000000000000000000000000000000000000000000000000000000000000,|||,|||,|||,|||,|||,|||,|||,|||,|||,|||
61.160.237.39,61.160.237.39,00000000000000000000000000000000000000000000000000000000000000,|||,|||,|||,|||,|||,|||,|||,|||,|||,|||
61.178.84.199,61.178.84.199,00000000000000000000000000000000000000000000000000000000000000,|||,|||,|||,|||,|||,|||,|||,|||,|||,|||
61.57.111.75,61.57.111.75,00000000000000000000000000000000000000000000000000000000000000,|||,|||,|||,|||,|||,|||,|||,|||,|||,|||
62.157.123.38,62.157.123.38,00000000000000000000000000000000000000000000000000000000000000,|||,|||,|||,|||,|||,|||,|||,|||,|||,|||
61.38.176.74,61.38.176.74,00000000000000000000000000000000000000000000000000000000000000,|||,|||,|||,|||,|||,|||,|||,|||,|||,|||
61.53.175.145,61.53.175.145,00000000000000000000000000000000000000000000000000000000000000,|||,|||,|||,|||,|||,|||,|||,|||,|||,|||
62.197.136.79,62.197.136.79,00000000000000000000000000000000000000000000000000000000000000,|||,|||,|||,|||,|||,|||,|||,|||,|||,|||
95.70.235.249,95.70.235.249,00000000000000000000000000000000000000000000000000000000000000,|||,|||,|||,|||,|||,|||,|||,|||,|||,|||
61.93.61.32,61.93.61.32,00000000000000000000000000000000000000000000000000000000000000,|||,|||,|||,|||,|||,|||,|||,|||,|||,|||
103.126.253.21,103.126.253.21,00000000000000000000000000000000000000000000000000000000000000,|||,|||,|||,|||,|||,|||,|||,|||,|||,|||
61.166.16.8,61.166.16.8,00000000000000000000000000000000000000000000000000000000000000,|||,|||,|||,|||,|||,|||,|||,|||,|||,|||
61.52.157.140,61.52.157.140,00000000000000000000000000000000000000000000000000000000000000,|||,|||,|||,|||,|||,|||,|||,|||,|||,|||
104.156.155.6,104.156.155.6,00000000000000000000000000000000000000000000000000000000000000,|||,|||,|||,|||,|||,|||,|||,|||,|||,|||
61.72.43.87,61.72.43.87,00000000000000000000000000000000000000000000000000000000000000,|||,|||,|||,|||,|||,|||,|||,|||,|||,|||
62.204.145.204,62.204.145.204,00000000000000000000000000000000000000000000000000000000000000,|||,|||,|||,|||,|||,|||,|||,|||,|||,|||
61.51.122.26,61.51.122.26,00000000000000000000000000000000000000000000000000000000000000,|||,|||,|||,|||,|||,|||,|||,|||,|||,|||
61.52.81.216,61.52.81.216,00000000000000000000000000000000000000000000000000000000000000,|||,|||,|||,|||,|||,|||,|||,|||,|||,|||
62.210.13.20,62.210.13.20,00000000000000000000000000000000000000000000000000000000000000,|||,|||,|||,|||,|||,|||,|||,|||,|||,|||
104.248.243.122,104.248.243.122,00000000000000000000000000000000000000000000000000000000000000,|||,|||,|||,|||,|||,|||,|||,|||,|||,|||
104.131.127.12,104.131.127.12,00000000000000000000000000000000000000000000000000000000000000,|||,|||,|||,|||,|||,|||,|||,|||,|||,|||
61.181.76.202,61.181.76.202,00000000000000000000000000000000000000000000000000000000000000,|||,|||,|||,|||,|||,|||,|||,|||,|||,|||
104.136.149.100,104.136.149.100,00000000000000000000000000000000000000000000000000000000000000,|||,|||,|||,|||,|||,|||,|||,|||,|||,|||
103.171.240.254,103.171.240.254,00000000000000000000000000000000000000000000000000000000000000,|||,|||,|||,|||,|||,|||,|||,|||,|||,|||
61.15.255.172,61.15.255.172,00000000000000000000000000000000000000000000000000000000000000,|||,|||,|||,|||,|||,|||,|||,|||,|||,|||
104.131.222.15,104.131.222.15,00000000000000000000000000000000000000000000000000000000000000,|||,|||,|||,|||,|||,|||,|||,|||,|||,|||
104.131.31.252,104.131.31.252,00000000000000000000000000000000000000000000000000000000000000,|||,|||,|||,|||,|||,|||,|||,|||,|||,|||
104.156.155.13,104.156.155.13,00000000000000000000000000000000000000000000000000000000000000,|||,|||,|||,|||,|||,|||,|||,|||,|||,|||
61.53.87.42,61.53.87.42,00000000000000000000000000000000000000000000000000000000000000,|||,|||,|||,|||,|||,|||,|||,|||,|||,|||
101.132.191.42,101.132.191.42,2ad2ad20d2ad2ad22c2ad2ad2ad2adf51c60823f963b0fe11deab8efc70b4b,c030|0303|http/1.1|ff01-000b-0023-0010,c030|0303|http/1.1|ff01-000b-0023-0010,c012|0303|http/1.1|ff01-000b-0023-0010,c030|0303||ff01-000b-0023,c030|0303||ff01-000b-0023,c014|0302|http/1.1|ff01-000b-0023-0010,c030|0303|http/1.1|ff01-000b-0023-0010,c030|0303|http/1.1|ff01-000b-0023-0010,c030|0303|http/1.1|ff01-000b-0023-0010,c030|0303|http/1.1|ff01-000b-0023-0010
101.34.157.209,101.34.157.209,00000000000000000000000000000000000000000000000000000000000000,|||,|||,|||,|||,|||,|||,|||,|||,|||,|||
61.56.182.105,61.56.182.105,00000000000000000000000000000000000000000000000000000000000000,|||,|||,|||,|||,|||,|||,|||,|||,|||,|||
63.251.210.32,63.251.210.32,00000000000000000000000000000000000000000000000000000000000000,|||,|||,|||,|||,|||,|||,|||,|||,|||,|||
62.234.124.68,62.234.124.68,00000000000000000000000000000000000000000000000000000000000000,|||,|||,|||,|||,|||,|||,|||,|||,|||,|||
101.43.149.241,101.43.149.241,00000000000000000000000000000000000000000000000000000000000000,|||,|||,|||,|||,|||,|||,|||,|||,|||,|||
103.203.58.2,103.203.58.2,00000000000000000000000000000000000000000000000000000000000000,|||,|||,|||,|||,|||,|||,|||,|||,|||,|||
62.128.195.39,62.128.195.39,00000000000000000000000000000000000000000000000000000000000000,|||,|||,|||,|||,|||,|||,|||,|||,|||,|||
62.212.230.38,62.212.230.38,00000000000000000000000000000000000000000000000000000000000000,|||,|||,|||,|||,|||,|||,|||,|||,|||,|||
62.213.82.18,62.213.82.18,00000000000000000000000000000000000000000000000000000000000000,|||,|||,|||,|||,|||,|||,|||,|||,|||,|||
104.248.246.112,104.248.246.112,00000000000000000000000000000000000000000000000000000000000000,|||,|||,|||,|||,|||,|||,|||,|||,|||,|||
61.93.83.85,61.93.83.85,00000000000000000000000000000000000000000000000000000000000000,|||,|||,|||,|||,|||,|||,|||,|||,|||,|||
62.210.196.59,62.210.196.59,00000000000000000000000000000000000000000000000000000000000000,|||,|||,|||,|||,|||,|||,|||,|||,|||,|||
62.197.136.14,62.197.136.14,00000000000000000000000000000000000000000000000000000000000000,|||,|||,|||,|||,|||,|||,|||,|||,|||,|||
61.53.66.77,61.53.66.77,00000000000000000000000000000000000000000000000000000000000000,|||,|||,|||,|||,|||,|||,|||,|||,|||,|||
62.23.142.219,62.23.142.219,00000000000000000000000000000000000000000000000000000000000000,|||,|||,|||,|||,|||,|||,|||,|||,|||,|||
62.210.47.58,62.210.47.58,00000000000000000000000000000000000000000000000000000000000000,|||,|||,|||,|||,|||,|||,|||,|||,|||,|||
62.198.56.95,62.198.56.95,00000000000000000000000000000000000000000000000000000000000000,|||,|||,|||,|||,|||,|||,|||,|||,|||,|||
104.206.128.2,104.206.128.2,00000000000000000000000000000000000000000000000000000000000000,|||,|||,|||,|||,|||,|||,|||,|||,|||,|||
61.162.75.244,61.162.75.244,00000000000000000000000000000000000000000000000000000000000000,|||,|||,|||,|||,|||,|||,|||,|||,|||,|||
61.137.125.187,61.137.125.187,00000000000000000000000000000000000000000000000000000000000000,|||,|||,|||,|||,|||,|||,|||,|||,|||,|||
61.92.155.37,61.92.155.37,00000000000000000000000000000000000000000000000000000000000000,|||,|||,|||,|||,|||,|||,|||,|||,|||,|||
61.54.48.73,61.54.48.73,00000000000000000000000000000000000000000000000000000000000000,|||,|||,|||,|||,|||,|||,|||,|||,|||,|||
103.239.252.66,103.239.252.66,00000000000000000000000000000000000000000000000000000000000000,|||,|||,|||,|||,|||,|||,|||,|||,|||,|||
64.225.63.104,64.225.63.104,00000000000000000000000000000000000000000000000000000000000000,|||,|||,|||,|||,|||,|||,|||,|||,|||,|||
103.77.10.196,103.77.10.196,00000000000000000000000000000000000000000000000000000000000000,|||,|||,|||,|||,|||,|||,|||,|||,|||,|||
82.157.125.113,82.157.125.113,00000000000000000000000000000000000000000000000000000000000000,|||,|||,|||,|||,|||,|||,|||,|||,|||,|||
104.196.183.205,104.196.183.205,00000000000000000000000000000000000000000000000000000000000000,|||,|||,|||,|||,|||,|||,|||,|||,|||,|||
103.58.149.203,103.58.149.203,00000000000000000000000000000000000000000000000000000000000000,|||,|||,|||,|||,|||,|||,|||,|||,|||,|||
103.72.147.115,103.72.147.115,00000000000000000000000000000000000000000000000000000000000000,|||,|||,|||,|||,|||,|||,|||,|||,|||,|||
103.24.176.221,103.24.176.221,00000000000000000000000000000000000000000000000000000000000000,|||,|||,|||,|||,|||,|||,|||,|||,|||,|||
62.197.136.98,62.197.136.98,00000000000000000000000000000000000000000000000000000000000000,|||,|||,|||,|||,|||,|||,|||,|||,|||,|||
104.248.253.205,104.248.253.205,28d28d28d00028d00042d42d000000aa5feb68b57d31b6dc713b6917a988e3,c02c|0303|h2|ff01-0000-0001-000b-0010-0017,c02c|0303|h2|ff01-0000-0001-000b-0010-0017,c02c|0303|h2|ff01-0000-0001-000b-0010-0017,|||,c02c|0303||ff01-0000-0001-000b-0017,|||,1302|0303||002b-0033,1302|0303||002b-0033,|||,|||
89.248.163.140,89.248.163.140,00000000000000000000000000000000000000000000000000000000000000,|||,|||,|||,|||,|||,|||,|||,|||,|||,|||
103.212.225.132,103.212.225.132,00000000000000000000000000000000000000000000000000000000000000,|||,|||,|||,|||,|||,|||,|||,|||,|||,|||
61.75.184.234,61.75.184.234,00000000000000000000000000000000000000000000000000000000000000,|||,|||,|||,|||,|||,|||,|||,|||,|||,|||
64.225.100.79,64.225.100.79,00000000000000000000000000000000000000000000000000000000000000,|||,|||,|||,|||,|||,|||,|||,|||,|||,|||
104.149.130.34,104.149.130.34,00000000000000000000000000000000000000000000000000000000000000,|||,|||,|||,|||,|||,|||,|||,|||,|||,|||
103.152.196.91,103.152.196.91,00000000000000000000000000000000000000000000000000000000000000,|||,|||,|||,|||,|||,|||,|||,|||,|||,|||
62.197.136.26,62.197.136.26,00000000000000000000000000000000000000000000000000000000000000,|||,|||,|||,|||,|||,|||,|||,|||,|||,|||
64.225.63.38,64.225.63.38,00000000000000000000000000000000000000000000000000000000000000,|||,|||,|||,|||,|||,|||,|||,|||,|||,|||
64.225.63.48,64.225.63.48,00000000000000000000000000000000000000000000000000000000000000,|||,|||,|||,|||,|||,|||,|||,|||,|||,|||
62.234.125.66,62.234.125.66,00000000000000000000000000000000000000000000000000000000000000,|||,|||,|||,|||,|||,|||,|||,|||,|||,|||
64.225.55.17,64.225.55.17,00000000000000000000000000000000000000000000000000000000000000,|||,|||,|||,|||,|||,|||,|||,|||,|||,|||
103.72.147.186,103.72.147.186,00000000000000000000000000000000000000000000000000000000000000,|||,|||,|||,|||,|||,|||,|||,|||,|||,|||
62.238.228.213,62.238.228.213,00000000000000000000000000000000000000000000000000000000000000,|||,|||,|||,|||,|||,|||,|||,|||,|||,|||
64.227.188.142,64.227.188.142,00000000000000000000000000000000000000000000000000000000000000,|||,|||,|||,|||,|||,|||,|||,|||,|||,|||
104.248.205.37,104.248.205.37,3fd21b20d3fd3fd21c3fd21b21b3fd09a00b24483586e69e1b2e49cc2ece92,cca8|0303||0023-ff01-000b,c013|0301||0023-ff01-000b,c012|0303||0023-ff01-000b,cca8|0303||0023-ff01-000b,cca8|0303||0023-ff01-000b,c013|0302||0023-ff01-000b,cca8|0303||0023-ff01-000b,c013|0301||0023-ff01-000b,c013|0301||0023-ff01-000b,cca8|0303||0023-ff01-000b
103.228.245.210,103.228.245.210,00000000000000000000000000000000000000000000000000000000000000,|||,|||,|||,|||,|||,|||,|||,|||,|||,|||
104.248.194.135,104.248.194.135,3fd21b20d3fd3fd21c3fd21b21b3fd09a00b24483586e69e1b2e49cc2ece92,cca8|0303||0023-ff01-000b,c013|0301||0023-ff01-000b,c012|0303||0023-ff01-000b,cca8|0303||0023-ff01-000b,cca8|0303||0023-ff01-000b,c013|0302||0023-ff01-000b,cca8|0303||0023-ff01-000b,c013|0301||0023-ff01-000b,c013|0301||0023-ff01-000b,cca8|0303||0023-ff01-000b
103.181.13.74,103.181.13.74,00000000000000000000000000000000000000000000000000000000000000,|||,|||,|||,|||,|||,|||,|||,|||,|||,|||
101.43.7.169,101.43.7.169,00000000000000000000000000000000000000000000000000000000000000,|||,|||,|||,|||,|||,|||,|||,|||,|||,|||
64.225.63.111,64.225.63.111,00000000000000000000000000000000000000000000000000000000000000,|||,|||,|||,|||,|||,|||,|||,|||,|||,|||
64.225.70.8,64.225.70.8,00000000000000000000000000000000000000000000000000000000000000,|||,|||,|||,|||,|||,|||,|||,|||,|||,|||
103.79.142.125,103.79.142.125,00000000000000000000000000000000000000000000000000000000000000,|||,|||,|||,|||,|||,|||,|||,|||,|||,|||
103.97.228.97,103.97.228.97,00000000000000000000000000000000000000000000000000000000000000,|||,|||,|||,|||,|||,|||,|||,|||,|||,|||
47.254.203.227,47.254.203.227,00000000000000000000000000000000000000000000000000000000000000,|||,|||,|||,|||,|||,|||,|||,|||,|||,|||
64.225.56.9,64.225.56.9,00000000000000000000000000000000000000000000000000000000000000,|||,|||,|||,|||,|||,|||,|||,|||,|||,|||
103.203.56.3,103.203.56.3,00000000000000000000000000000000000000000000000000000000000000,|||,|||,|||,|||,|||,|||,|||,|||,|||,|||
104.149.144.114,104.149.144.114,00000000000000000000000000000000000000000000000000000000000000,|||,|||,|||,|||,|||,|||,|||,|||,|||,|||
99.227.175.45,99.227.175.45,0ed14d16d0ad0ad0000ed14d0ed0ad9674c6b4e623ae36cc2d998e99e2262e,0067|0303||ff01-0023,009d|0303||ff01-0023,009f|0303||ff01-0023,003c|0303||ff01-0023,003c|0303||ff01-0023,|||,0067|0303||ff01-0023,009d|0303||ff01-0023,0067|0303||ff01-0023,003c|0303||ff01-0023
103.218.111.131,103.218.111.131,00000000000000000000000000000000000000000000000000000000000000,|||,|||,|||,|||,|||,|||,|||,|||,|||,|||
104.237.151.251,104.237.151.251,00000000000000000000000000000000000000000000000000000000000000,|||,|||,|||,|||,|||,|||,|||,|||,|||,|||
103.203.59.8,103.203.59.8,00000000000000000000000000000000000000000000000000000000000000,|||,|||,|||,|||,|||,|||,|||,|||,|||,|||
64.225.50.225,64.225.50.225,00000000000000000000000000000000000000000000000000000000000000,|||,|||,|||,|||,|||,|||,|||,|||,|||,|||
103.203.59.4,103.203.59.4,00000000000000000000000000000000000000000000000000000000000000,|||,|||,|||,|||,|||,|||,|||,|||,|||,|||
103.148.84.10,103.148.84.10,3fd3fd15d3fd3fd21c3fd3fd3fd3fd89cd2abd9b188d3b42762a4c6aa7ff72,cca8|0303|http/1.1|ff01-0000-0001-000b-0023-0010-0017,cca8|0303|http/1.1|ff01-0000-0001-000b-0023-0010-0017,009e|0303|http/1.1|ff01-0000-0001-0023-0010-0017,cca8|0303||ff01-0000-0001-000b-0023-0017,cca8|0303||ff01-0000-0001-000b-0023-0017,c013|0302|http/1.1|ff01-0000-0001-000b-0023-0010-0017,cca8|0303|http/1.1|ff01-0000-0001-000b-0023-0010-0017,cca8|0303|http/1.1|ff01-0000-0001-000b-0023-0010-0017,cca8|0303|http/1.1|ff01-0000-0001-000b-0023-0010-0017,cca8|0303|http/1.1|ff01-0000-0001-000b-0023-0010-0017
103.203.59.10,103.203.59.10,00000000000000000000000000000000000000000000000000000000000000,|||,|||,|||,|||,|||,|||,|||,|||,|||,|||
104.149.129.58,104.149.129.58,00000000000000000000000000000000000000000000000000000000000000,|||,|||,|||,|||,|||,|||,|||,|||,|||,|||
104.206.128.50,104.206.128.50,00000000000000000000000000000000000000000000000000000000000000,|||,|||,|||,|||,|||,|||,|||,|||,|||,|||
104.248.9.251,104.248.9.251,00000000000000000000000000000000000000000000000000000000000000,|||,|||,|||,|||,|||,|||,|||,|||,|||,|||
104.149.153.70,104.149.153.70,00000000000000000000000000000000000000000000000000000000000000,|||,|||,|||,|||,|||,|||,|||,|||,|||,|||
104.206.128.42,104.206.128.42,00000000000000000000000000000000000000000000000000000000000000,|||,|||,|||,|||,|||,|||,|||,|||,|||,|||
104.248.205.193,104.248.205.193,2ad2ad0002ad2ad00042d42d000000301510f56407964db9434a9bb0d4ee4a,c030|0303|http/1.1|ff01-0000-0001-000b-0023-0010-0017,c030|0303|http/1.1|ff01-0000-0001-000b-0023-0010-0017,|||,c030|0303||ff01-0000-0001-000b-0023-0017,c030|0303||ff01-0000-0001-000b-0023-0017,|||,1302|0303||002b-0033,1302|0303||002b-0033,|||,|||
103.237.99.215,103.237.99.215,00000000000000000000000000000000000000000000000000000000000000,|||,|||,|||,|||,|||,|||,|||,|||,|||,|||
104.206.128.10,104.206.128.10,00000000000000000000000000000000000000000000000000000000000000,|||,|||,|||,|||,|||,|||,|||,|||,|||,|||
104.149.139.170,104.149.139.170,00000000000000000000000000000000000000000000000000000000000000,|||,|||,|||,|||,|||,|||,|||,|||,|||,|||
64.227.126.38,64.227.126.38,00000000000000000000000000000000000000000000000000000000000000,|||,|||,|||,|||,|||,|||,|||,|||,|||,|||
64.225.29.131,64.225.29.131,00000000000000000000000000000000000000000000000000000000000000,|||,|||,|||,|||,|||,|||,|||,|||,|||,|||
64.225.63.144,64.225.63.144,00000000000000000000000000000000000000000000000000000000000000,|||,|||,|||,|||,|||,|||,|||,|||,|||,|||
104.218.18.202,104.218.18.202,00000000000000000000000000000000000000000000000000000000000000,|||,|||,|||,|||,|||,|||,|||,|||,|||,|||
103.29.68.35,103.29.68.35,00000000000000000000000000000000000000000000000000000000000000,|||,|||,|||,|||,|||,|||,|||,|||,|||,|||
101.132.143.113,101.132.143.113,07d10d11d21d21d07c07d10d07d21dc74a10f0dd8921b3cc912d3ee25ffd0a,0033|0303||ff01-0023,0084|0303||ff01-0023,0088|0303||ff01-0023,c013|0303||ff01-000b-0023,c013|0303||ff01-000b-0023,0033|0302||ff01-0023,0033|0303||ff01-0023,0084|0303||ff01-0023,0033|0303||ff01-0023,c013|0303||ff01-000b-0023
103.172.132.41,103.172.132.41,00000000000000000000000000000000000000000000000000000000000000,|||,|||,|||,|||,|||,|||,|||,|||,|||,|||
104.217.249.126,104.217.249.126,00000000000000000000000000000000000000000000000000000000000000,|||,|||,|||,|||,|||,|||,|||,|||,|||,|||
64.227.31.178,64.227.31.178,00000000000000000000000000000000000000000000000000000000000000,|||,|||,|||,|||,|||,|||,|||,|||,|||,|||
104.168.163.162,104.168.163.162,00000000000000000000000000000000000000000000000000000000000000,|||,|||,|||,|||,|||,|||,|||,|||,|||,|||
64.227.114.153,64.227.114.153,00000000000000000000000000000000000000000000000000000000000000,|||,|||,|||,|||,|||,|||,|||,|||,|||,|||
64.112.84.56,64.112.84.56,00000000000000000000000000000000000000000000000000000000000000,|||,|||,|||,|||,|||,|||,|||,|||,|||,|||
62.31.216.11,62.31.216.11,00000000000000000000000000000000000000000000000000000000000000,|||,|||,|||,|||,|||,|||,|||,|||,|||,|||
103.220.77.144,103.220.77.144,00000000000000000000000000000000000000000000000000000000000000,|||,|||,|||,|||,|||,|||,|||,|||,|||,|||
103.253.148.131,103.253.148.131,00000000000000000000000000000000000000000000000000000000000000,|||,|||,|||,|||,|||,|||,|||,|||,|||,|||
62.84.29.51,62.84.29.51,00000000000000000000000000000000000000000000000000000000000000,|||,|||,|||,|||,|||,|||,|||,|||,|||,|||
64.120.2.181,64.120.2.181,00000000000000000000000000000000000000000000000000000000000000,|||,|||,|||,|||,|||,|||,|||,|||,|||,|||
64.228.26.33,64.228.26.33,00000000000000000000000000000000000000000000000000000000000000,|||,|||,|||,|||,|||,|||,|||,|||,|||,|||
104.131.100.90,104.131.100.90,3fd3fd15d3fd3fd21c42d42d0000006f254909a73bf62f6b28507e9fb451b5,cca8|0303|http/1.1|ff01-0001-000b-0023-0010-0017,cca8|0303|http/1.1|ff01-0001-000b-0023-0010-0017,009e|0303|http/1.1|ff01-0001-0023-0010-0017,cca8|0303|http/1.1|ff01-0001-000b-0023-0010-0017,cca8|0303|http/1.1|ff01-0001-000b-0023-0010-0017,c013|0302|http/1.1|ff01-0001-000b-0023-0010-0017,1302|0303||002b-0033,1302|0303||002b-0033,|||,|||
61.182.226.245,61.182.226.245,00000000000000000000000000000000000000000000000000000000000000,|||,|||,|||,|||,|||,|||,|||,|||,|||,|||
103.164.98.138,103.164.98.138,00000000000000000000000000000000000000000000000000000000000000,|||,|||,|||,|||,|||,|||,|||,|||,|||,|||
62.234.33.97,62.234.33.97,00000000000000000000000000000000000000000000000000000000000000,|||,|||,|||,|||,|||,|||,|||,|||,|||,|||
64.227.161.21,64.227.161.21,00000000000000000000000000000000000000000000000000000000000000,|||,|||,|||,|||,|||,|||,|||,|||,|||,|||
63.143.99.196,63.143.99.196,00000000000000000000000000000000000000000000000000000000000000,|||,|||,|||,|||,|||,|||,|||,|||,|||,|||
104.248.5.218,104.248.5.218,00000000000000000000000000000000000000000000000000000000000000,|||,|||,|||,|||,|||,|||,|||,|||,|||,|||
61.167.175.162,61.167.175.162,00000000000000000000000000000000000000000000000000000000000000,|||,|||,|||,|||,|||,|||,|||,|||,|||,|||
101.43.206.221,101.43.206.221,00000000000000000000000000000000000000000000000000000000000000,|||,|||,|||,|||,|||,|||,|||,|||,|||,|||
62.54.204.138,62.54.204.138,00000000000000000000000000000000000000000000000000000000000000,|||,|||,|||,|||,|||,|||,|||,|||,|||,|||
104.149.177.122,104.149.177.122,00000000000000000000000000000000000000000000000000000000000000,|||,|||,|||,|||,|||,|||,|||,|||,|||,|||
103.21.91.199,103.21.91.199,00000000000000000000000000000000000000000000000000000000000000,|||,|||,|||,|||,|||,|||,|||,|||,|||,|||
103.203.59.6,103.203.59.6,00000000000000000000000000000000000000000000000000000000000000,|||,|||,|||,|||,|||,|||,|||,|||,|||,|||
104.206.128.18,104.206.128.18,00000000000000000000000000000000000000000000000000000000000000,|||,|||,|||,|||,|||,|||,|||,|||,|||,|||
104.206.128.70,104.206.128.70,00000000000000000000000000000000000000000000000000000000000000,|||,|||,|||,|||,|||,|||,|||,|||,|||,|||
103.164.62.8,103.164.62.8,00000000000000000000000000000000000000000000000000000000000000,|||,|||,|||,|||,|||,|||,|||,|||,|||,|||
104.206.128.54,104.206.128.54,00000000000000000000000000000000000000000000000000000000000000,|||,|||,|||,|||,|||,|||,|||,|||,|||,|||
104.149.155.70,104.149.155.70,00000000000000000000000000000000000000000000000000000000000000,|||,|||,|||,|||,|||,|||,|||,|||,|||,|||
104.156.155.10,104.156.155.10,00000000000000000000000000000000000000000000000000000000000000,|||,|||,|||,|||,|||,|||,|||,|||,|||,|||
103.214.51.110,103.214.51.110,00000000000000000000000000000000000000000000000000000000000000,|||,|||,|||,|||,|||,|||,|||,|||,|||,|||
104.206.128.74,104.206.128.74,00000000000000000000000000000000000000000000000000000000000000,|||,|||,|||,|||,|||,|||,|||,|||,|||,|||
104.206.128.78,104.206.128.78,00000000000000000000000000000000000000000000000000000000000000,|||,|||,|||,|||,|||,|||,|||,|||,|||,|||
104.206.128.6,104.206.128.6,00000000000000000000000000000000000000000000000000000000000000,|||,|||,|||,|||,|||,|||,|||,|||,|||,|||
104.206.128.58,104.206.128.58,00000000000000000000000000000000000000000000000000000000000000,|||,|||,|||,|||,|||,|||,|||,|||,|||,|||
101.43.45.102,101.43.45.102,00000000000000000000000000000000000000000000000000000000000000,|||,|||,|||,|||,|||,|||,|||,|||,|||,|||
101.201.45.15,101.201.45.15,00000000000000000000000000000000000000000000000000000000000000,|||,|||,|||,|||,|||,|||,|||,|||,|||,|||
104.206.128.38,104.206.128.38,00000000000000000000000000000000000000000000000000000000000000,|||,|||,|||,|||,|||,|||,|||,|||,|||,|||
104.206.128.66,104.206.128.66,00000000000000000000000000000000000000000000000000000000000000,|||,|||,|||,|||,|||,|||,|||,|||,|||,|||
103.107.245.45,103.107.245.45,0ad0ad0000ad0ad06c0ad0ad0ad0ad898ed0748554b5d9925df15eb7186a8a,003c|0303||0023-ff01,003c|0303||0023-ff01,|||,003c|0303||0023-ff01,003c|0303||0023-ff01,002f|0302||0023-ff01,003c|0303||0023-ff01,003c|0303||0023-ff01,003c|0303||0023-ff01,003c|0303||0023-ff01
101.37.38.187,101.37.38.187,3fd3fd0003fd3fd21c42d42d000000307ee0eb468e9fdb5cfcd698a80a67ef,cca8|0303|h2|ff01-0000-0001-000b-0023-0010-0017,cca8|0303|h2|ff01-0000-0001-000b-0023-0010-0017,|||,cca8|0303||ff01-0000-0001-000b-0023-0017,cca8|0303||ff01-0000-0001-000b-0023-0017,c013|0302|h2|ff01-0000-0001-000b-0023-0010-0017,1302|0303||002b-0033,1302|0303||002b-0033,|||,|||
101.34.108.76,101.34.108.76,2ad2ad20d2ad2ad22b2ad2ad2ad2adfb5de881cc847e53e47fc6dd40b422b0,c030|0303|http/1.1|ff01-0000-0001-000b-0023-0010-0017,c030|0303|http/1.1|ff01-0000-0001-000b-0023-0010-0017,c012|0303|http/1.1|ff01-0000-0001-000b-0023-0010-0017,c030|0303||ff01-0000-0001-000b-0023-0017,c030|0303||ff01-0000-0001-000b-0023-0017,c014|0301|http/1.1|ff01-0000-0001-000b-0023-0010-0017,c030|0303|http/1.1|ff01-0000-0001-000b-0023-0010-0017,c030|0303|http/1.1|ff01-0000-0001-000b-0023-0010-0017,c030|0303|http/1.1|ff01-0000-0001-000b-0023-0010-0017,c030|0303|http/1.1|ff01-0000-0001-000b-0023-0010-0017
103.75.182.8,103.75.182.8,00000000000000000000000000000000000000000000000000000000000000,|||,|||,|||,|||,|||,|||,|||,|||,|||,|||
104.206.128.30,104.206.128.30,00000000000000000000000000000000000000000000000000000000000000,|||,|||,|||,|||,|||,|||,|||,|||,|||,|||
62.183.81.42,62.183.81.42,00000000000000000000000000000000000000000000000000000000000000,|||,|||,|||,|||,|||,|||,|||,|||,|||,|||
101.200.134.141,101.200.134.141,29d29d00029d29d22c29d29d29d29dc2ddcfd203d071c45b4b0ffe3d7b4b89,c02f|0303|http/1.1|ff01-0000-0001-000b-0023-0010-0017,c02f|0303|http/1.1|ff01-0000-0001-000b-0023-0010-0017,|||,c02f|0303||ff01-0000-0001-000b-0023-0017,c02f|0303||ff01-0000-0001-000b-0023-0017,c014|0302|http/1.1|ff01-0000-0001-000b-0023-0010-0017,c02f|0303|http/1.1|ff01-0000-0001-000b-0023-0010-0017,c02f|0303|http/1.1|ff01-0000-0001-000b-0023-0010-0017,c02f|0303|http/1.1|ff01-0000-0001-000b-0023-0010-0017,c02f|0303|http/1.1|ff01-0000-0001-000b-0023-0010-0017
103.38.127.6,103.38.127.6,00000000000000000000000000000000000000000000000000000000000000,|||,|||,|||,|||,|||,|||,|||,|||,|||,|||
103.48.196.11,103.48.196.11,00000000000000000000000000000000000000000000000000000000000000,|||,|||,|||,|||,|||,|||,|||,|||,|||,|||
103.135.33.250,103.135.33.250,29d29d00029d29d22c29d29d29d29dc2ddcfd203d071c45b4b0ffe3d7b4b89,c02f|0303|http/1.1|ff01-0000-0001-000b-0023-0010-0017,c02f|0303|http/1.1|ff01-0000-0001-000b-0023-0010-0017,|||,c02f|0303||ff01-0000-0001-000b-0023-0017,c02f|0303||ff01-0000-0001-000b-0023-0017,c014|0302|http/1.1|ff01-0000-0001-000b-0023-0010-0017,c02f|0303|http/1.1|ff01-0000-0001-000b-0023-0010-0017,c02f|0303|http/1.1|ff01-0000-0001-000b-0023-0010-0017,c02f|0303|http/1.1|ff01-0000-0001-000b-0023-0010-0017,c02f|0303|http/1.1|ff01-0000-0001-000b-0023-0010-0017
104.206.128.14,104.206.128.14,00000000000000000000000000000000000000000000000000000000000000,|||,|||,|||,|||,|||,|||,|||,|||,|||,|||
104.206.128.26,104.206.128.26,00000000000000000000000000000000000000000000000000000000000000,|||,|||,|||,|||,|||,|||,|||,|||,|||,|||
61.164.72.118,61.164.72.118,00000000000000000000000000000000000000000000000000000000000000,|||,|||,|||,|||,|||,|||,|||,|||,|||,|||
103.140.246.140,103.140.246.140,22b22b09b22b22b22b22b22b22b22bc80334825071f8ff93376ac14c5a331f,c014|0301||ff01-000b-0023,c014|0301||ff01-000b-0023,0039|0301||ff01-0023,c014|0301||ff01-000b-0023,c014|0301||ff01-000b-0023,c014|0301||ff01-000b-0023,c014|0301||ff01-000b-0023,c014|0301||ff01-000b-0023,c014|0301||ff01-000b-0023,c014|0301||ff01-000b-0023
107.150.117.107,107.150.117.107,00000000000000000000000000000000000000000000000000000000000000,|||,|||,|||,|||,|||,|||,|||,|||,|||,|||
39.106.161.86,39.106.161.86,00000000000000000000000000000000000000000000000000000000000000,|||,|||,|||,|||,|||,|||,|||,|||,|||,|||
104.206.128.22,104.206.128.22,00000000000000000000000000000000000000000000000000000000000000,|||,|||,|||,|||,|||,|||,|||,|||,|||,|||
107.150.117.132,107.150.117.132,00000000000000000000000000000000000000000000000000000000000000,|||,|||,|||,|||,|||,|||,|||,|||,|||,|||
103.168.137.2,103.168.137.2,07d0bd0fd21d21d07c42d43d0000009424803a662b126a748cf4f90707a33c,0033|0303|http/1.1|ff01-0001-0023-0010-0017,003d|0303|http/1.1|ff01-0001-0023-0010-0017,006b|0303|http/1.1|ff01-0001-0023-0010-0017,c013|0303|http/1.1|ff01-0001-000b-0023-0010-0017,c013|0303|http/1.1|ff01-0001-000b-0023-0010-0017,0033|0302|http/1.1|ff01-0001-0023-0010-0017,1302|0303||002b-0033,1303|0303||002b-0033,|||,|||
101.132.106.116,101.132.106.116,00000000000000000000000000000000000000000000000000000000000000,|||,|||,|||,|||,|||,|||,|||,|||,|||,|||
104.206.128.62,104.206.128.62,00000000000000000000000000000000000000000000000000000000000000,|||,|||,|||,|||,|||,|||,|||,|||,|||,|||
107.189.12.178,107.189.12.178,00000000000000000000000000000000000000000000000000000000000000,|||,|||,|||,|||,|||,|||,|||,|||,|||,|||
104.206.128.34,104.206.128.34,00000000000000000000000000000000000000000000000000000000000000,|||,|||,|||,|||,|||,|||,|||,|||,|||,|||
107.189.12.249,107.189.12.249,00000000000000000000000000000000000000000000000000000000000000,|||,|||,|||,|||,|||,|||,|||,|||,|||,|||
101.200.57.125,101.200.57.125,29d29d20d29d29d22c29d29d29d29d8e917db1de9d33002d70770504a55ef7,c02f|0303|http/1.1|0000-ff01-000b-0023-0010,c02f|0303|http/1.1|0000-ff01-000b-0023-0010,c012|0303|http/1.1|0000-ff01-000b-0023-0010,c02f|0303||0000-ff01-000b-0023,c02f|0303||0000-ff01-000b-0023,c014|0302|http/1.1|0000-ff01-000b-0023-0010,c02f|0303|http/1.1|0000-ff01-000b-0023-0010,c02f|0303|http/1.1|0000-ff01-000b-0023-0010,c02f|0303|http/1.1|0000-ff01-000b-0023-0010,c02f|0303|http/1.1|0000-ff01-000b-0023-0010
107.189.10.196,107.189.10.196,00000000000000000000000000000000000000000000000000000000000000,|||,|||,|||,|||,|||,|||,|||,|||,|||,|||
104.208.108.107,104.208.108.107,00000000000000000000000000000000000000000000000000000000000000,|||,|||,|||,|||,|||,|||,|||,|||,|||,|||
107.150.117.103,107.150.117.103,00000000000000000000000000000000000000000000000000000000000000,|||,|||,|||,|||,|||,|||,|||,|||,|||,|||
103.96.246.131,103.96.246.131,00000000000000000000000000000000000000000000000000000000000000,|||,|||,|||,|||,|||,|||,|||,|||,|||,|||
101.43.26.6,101.43.26.6,00000000000000000000000000000000000000000000000000000000000000,|||,|||,|||,|||,|||,|||,|||,|||,|||,|||
103.84.96.163,103.84.96.163,00000000000000000000000000000000000000000000000000000000000000,|||,|||,|||,|||,|||,|||,|||,|||,|||,|||
101.43.177.211,101.43.177.211,00000000000000000000000000000000000000000000000000000000000000,|||,|||,|||,|||,|||,|||,|||,|||,|||,|||
103.86.41.86,103.86.41.86,00000000000000000000000000000000000000000000000000000000000000,|||,|||,|||,|||,|||,|||,|||,|||,|||,|||
106.12.192.236,106.12.192.236,00000000000000000000000000000000000000000000000000000000000000,|||,|||,|||,|||,|||,|||,|||,|||,|||,|||
103.217.122.41,103.217.122.41,00000000000000000000000000000000000000000000000000000000000000,|||,|||,|||,|||,|||,|||,|||,|||,|||,|||
101.200.58.30,101.200.58.30,00000000000000000000000000000000000000000000000000000000000000,|||,|||,|||,|||,|||,|||,|||,|||,|||,|||
107.150.117.169,107.150.117.169,00000000000000000000000000000000000000000000000000000000000000,|||,|||,|||,|||,|||,|||,|||,|||,|||,|||
101.43.182.70,101.43.182.70,29d29d00029d29d00042d42d00000000f78d2dc0ce6e5bbc5b8149a4872356,c02f|0303|http/1.1|ff01-0000-0001-000b-0023-0010-0017,c02f|0303|http/1.1|ff01-0000-0001-000b-0023-0010-0017,|||,c02f|0303|http/1.0|ff01-0000-0001-000b-0023-0010-0017,c02f|0303|http/1.0|ff01-0000-0001-000b-0023-0010-0017,|||,1302|0303||002b-0033,1302|0303||002b-0033,|||,|||
106.12.149.110,106.12.149.110,00000000000000000000000000000000000000000000000000000000000000,|||,|||,|||,|||,|||,|||,|||,|||,|||,|||
104.200.30.63,104.200.30.63,3fd3fd15d3fd3fd21c42d42d0000006f254909a73bf62f6b28507e9fb451b5,cca8|0303|http/1.1|ff01-0001-000b-0023-0010-0017,cca8|0303|http/1.1|ff01-0001-000b-0023-0010-0017,009e|0303|http/1.1|ff01-0001-0023-0010-0017,cca8|0303|http/1.1|ff01-0001-000b-0023-0010-0017,cca8|0303|http/1.1|ff01-0001-000b-0023-0010-0017,c013|0302|http/1.1|ff01-0001-000b-0023-0010-0017,1302|0303||002b-0033,1302|0303||002b-0033,|||,|||
107.189.8.193,107.189.8.193,00000000000000000000000000000000000000000000000000000000000000,|||,|||,|||,|||,|||,|||,|||,|||,|||,|||
86.123.108.166,86.123.108.166,00000000000000000000000000000000000000000000000000000000000000,|||,|||,|||,|||,|||,|||,|||,|||,|||,|||
104.236.20.247,104.236.20.247,15d3fd16d29d29d00042d43d000000fe02290512647416dcf0a400ccbc0b6b,009e|0303|http/1.1|ff01-0000-0001-0010-0017,cca8|0303|http/1.1|ff01-0000-0001-000b-0010-0017,009f|0303|http/1.1|ff01-0000-0001-0010-0017,c02f|0303||ff01-0000-0001-000b-0017,c02f|0303||ff01-0000-0001-000b-0017,|||,1302|0303||002b-0033,1303|0303||002b-0033,|||,|||
107.189.13.57,107.189.13.57,00000000000000000000000000000000000000000000000000000000000000,|||,|||,|||,|||,|||,|||,|||,|||,|||,|||
101.201.106.22,101.201.106.22,29d29d20d29d29d22c29d29d29d29df51c60823f963b0fe11deab8efc70b4b,c02f|0303|http/1.1|ff01-000b-0023-0010,c02f|0303|http/1.1|ff01-000b-0023-0010,c012|0303|http/1.1|ff01-000b-0023-0010,c02f|0303||ff01-000b-0023,c02f|0303||ff01-000b-0023,c014|0302|http/1.1|ff01-000b-0023-0010,c02f|0303|http/1.1|ff01-000b-0023-0010,c02f|0303|http/1.1|ff01-000b-0023-0010,c02f|0303|http/1.1|ff01-000b-0023-0010,c02f|0303|http/1.1|ff01-000b-0023-0010
106.12.163.1,106.12.163.1,00000000000000000000000000000000000000000000000000000000000000,|||,|||,|||,|||,|||,|||,|||,|||,|||,|||
107.189.14.46,107.189.14.46,00000000000000000000000000000000000000000000000000000000000000,|||,|||,|||,|||,|||,|||,|||,|||,|||,|||
106.12.106.96,106.12.106.96,00000000000000000000000000000000000000000000000000000000000000,|||,|||,|||,|||,|||,|||,|||,|||,|||,|||
107.189.8.12,107.189.8.12,00000000000000000000000000000000000000000000000000000000000000,|||,|||,|||,|||,|||,|||,|||,|||,|||,|||
82.196.5.56,82.196.5.56,00000000000000000000000000000000000000000000000000000000000000,|||,|||,|||,|||,|||,|||,|||,|||,|||,|||
60.222.235.19,60.222.235.19,00000000000000000000000000000000000000000000000000000000000000,|||,|||,|||,|||,|||,|||,|||,|||,|||,|||
103.242.239.123,103.242.239.123,00000000000000000000000000000000000000000000000000000000000000,|||,|||,|||,|||,|||,|||,|||,|||,|||,|||
103.143.206.115,103.143.206.115,21d10d00021d21d21c21d10d21d21dfa4f2d467cfc282d8a9029b2af1af43b,c013|0303|http/1.1|0000-ff01-000b-0023-0010,0084|0303|http/1.1|0000-ff01-0023-0010,|||,c013|0303||0000-ff01-000b-0023,c013|0303||0000-ff01-000b-0023,c013|0302|http/1.1|0000-ff01-000b-0023-0010,c013|0303|http/1.1|0000-ff01-000b-0023-0010,0084|0303|http/1.1|0000-ff01-0023-0010,c013|0303|http/1.1|0000-ff01-000b-0023-0010,c013|0303|http/1.1|0000-ff01-000b-0023-0010
103.167.246.42,103.167.246.42,26d26d16d26d26d22c26d26d26d26dfd9c9d14e4f4f67f94f0359f8b28f532,c028|0303||0017-ff01,c028|0303||0017-ff01,009f|0303||0017-ff01,c028|0303||0017-ff01,c028|0303||0017-ff01,c014|0302||0017-ff01,c028|0303||0017-ff01,c028|0303||0017-ff01,c028|0303||0017-ff01,c028|0303||0017-ff01
103.225.26.5,103.225.26.5,02d02d16d02d02d02c02d02d02d02da441f40918707087561e2af18cf76f0e,0005|0303||ff01-0023,0005|0303||ff01-0023,009f|0303||ff01-0023,0005|0303||ff01-0023,0005|0303||ff01-0023,0005|0302||ff01-0023,0005|0303||ff01-0023,0005|0303||ff01-0023,0005|0303||ff01-0023,0005|0303||ff01-0023
106.12.107.221,106.12.107.221,00000000000000000000000000000000000000000000000000000000000000,|||,|||,|||,|||,|||,|||,|||,|||,|||,|||
106.12.174.142,106.12.174.142,00000000000000000000000000000000000000000000000000000000000000,|||,|||,|||,|||,|||,|||,|||,|||,|||,|||
101.200.77.117,101.200.77.117,00000000000000000000000000000000000000000000000000000000000000,|||,|||,|||,|||,|||,|||,|||,|||,|||,|||
39.105.0.70,39.105.0.70,00000000000000000000000000000000000000000000000000000000000000,|||,|||,|||,|||,|||,|||,|||,|||,|||,|||
81.68.167.178,81.68.167.178,00000000000000000000000000000000000000000000000000000000000000,|||,|||,|||,|||,|||,|||,|||,|||,|||,|||
106.12.126.62,106.12.126.62,00000000000000000000000000000000000000000000000000000000000000,|||,|||,|||,|||,|||,|||,|||,|||,|||,|||
106.12.122.50,106.12.122.50,00000000000000000000000000000000000000000000000000000000000000,|||,|||,|||,|||,|||,|||,|||,|||,|||,|||
106.12.134.78,106.12.134.78,00000000000000000000000000000000000000000000000000000000000000,|||,|||,|||,|||,|||,|||,|||,|||,|||,|||
106.13.194.193,106.13.194.193,00000000000000000000000000000000000000000000000000000000000000,|||,|||,|||,|||,|||,|||,|||,|||,|||,|||
103.73.93.58,103.73.93.58,2ad2ad16d2ad2ad00042d42d000000038eaaf490bec8dc33757f165ce01762,c030|0303|h2|ff01-0000-0001-000b-0010-0017,c030|0303|h2|ff01-0000-0001-000b-0010-0017,009f|0303|h2|ff01-0000-0001-0010-0017,c030|0303||ff01-0000-0001-000b-0017,c030|0303||ff01-0000-0001-000b-0017,|||,1302|0303||002b-0033,1302|0303||002b-0033,|||,|||
106.13.4.2,106.13.4.2,00000000000000000000000000000000000000000000000000000000000000,|||,|||,|||,|||,|||,|||,|||,|||,|||,|||
106.13.236.173,106.13.236.173,00000000000000000000000000000000000000000000000000000000000000,|||,|||,|||,|||,|||,|||,|||,|||,|||,|||
106.12.141.194,106.12.141.194,00000000000000000000000000000000000000000000000000000000000000,|||,|||,|||,|||,|||,|||,|||,|||,|||,|||
103.208.137.90,103.208.137.90,06b08b00006b06b06b06b08b06b06b9674c6b4e623ae36cc2d998e99e2262e,002f|0301||ff01-0023,0035|0301||ff01-0023,|||,002f|0301||ff01-0023,002f|0301||ff01-0023,002f|0301||ff01-0023,002f|0301||ff01-0023,0035|0301||ff01-0023,002f|0301||ff01-0023,002f|0301||ff01-0023
103.47.218.161,103.47.218.161,00000000000000000000000000000000000000000000000000000000000000,|||,|||,|||,|||,|||,|||,|||,|||,|||,|||
101.43.76.186,101.43.76.186,21d10d00021d21d21c21d10d21d21dfa4f2d467cfc282d8a9029b2af1af43b,c013|0303|http/1.1|0000-ff01-000b-0023-0010,0084|0303|http/1.1|0000-ff01-0023-0010,|||,c013|0303||0000-ff01-000b-0023,c013|0303||0000-ff01-000b-0023,c013|0302|http/1.1|0000-ff01-000b-0023-0010,c013|0303|http/1.1|0000-ff01-000b-0023-0010,0084|0303|http/1.1|0000-ff01-0023-0010,c013|0303|http/1.1|0000-ff01-000b-0023-0010,c013|0303|http/1.1|0000-ff01-000b-0023-0010
104.248.6.52,104.248.6.52,3fd3fd15d3fd3fd21c42d42d00000078e356c38fb85055d97a8bed930c8956,cca8|0303|h2|ff01-0001-000b-0023-0010-0017,cca8|0303|h2|ff01-0001-000b-0023-0010-0017,009e|0303|h2|ff01-0001-0023-0010-0017,cca8|0303|http/1.1|ff01-0001-000b-0023-0010-0017,cca8|0303|http/1.1|ff01-0001-000b-0023-0010-0017,c013|0302|http/1.1|ff01-0001-000b-0023-0010-0017,1302|0303||002b-0033,1302|0303||002b-0033,|||,|||
104.248.153.50,104.248.153.50,00000000000000000000000000000000000000000000000000000000000000,|||,|||,|||,|||,|||,|||,|||,|||,|||,|||
106.14.160.121,106.14.160.121,00000000000000000000000000000000000000000000000000000000000000,|||,|||,|||,|||,|||,|||,|||,|||,|||,|||
109.103.212.207,109.103.212.207,00000000000000000000000000000000000000000000000000000000000000,|||,|||,|||,|||,|||,|||,|||,|||,|||,|||
106.14.126.248,106.14.126.248,00000000000000000000000000000000000000000000000000000000000000,|||,|||,|||,|||,|||,|||,|||,|||,|||,|||
49.235.246.131,49.235.246.131,00000000000000000000000000000000000000000000000000000000000000,|||,|||,|||,|||,|||,|||,|||,|||,|||,|||
106.14.215.5,106.14.215.5,00000000000000000000000000000000000000000000000000000000000000,|||,|||,|||,|||,|||,|||,|||,|||,|||,|||
103.226.124.26,103.226.124.26,00000000000000000000000000000000000000000000000000000000000000,|||,|||,|||,|||,|||,|||,|||,|||,|||,|||
106.12.25.59,106.12.25.59,00000000000000000000000000000000000000000000000000000000000000,|||,|||,|||,|||,|||,|||,|||,|||,|||,|||
104.248.56.190,104.248.56.190,3fd3fd15d3fd3fd00042d42d00000061256d32ed7779c14686ad100544dc8d,cca8|0303|http/1.1|ff01-0001-000b-0023-0010-0017,cca8|0303|http/1.1|ff01-0001-000b-0023-0010-0017,009e|0303|http/1.1|ff01-0001-0023-0010-0017,cca8|0303|http/1.1|ff01-0001-000b-0023-0010-0017,cca8|0303|http/1.1|ff01-0001-000b-0023-0010-0017,|||,1302|0303||002b-0033,1302|0303||002b-0033,|||,|||
106.13.226.136,106.13.226.136,00000000000000000000000000000000000000000000000000000000000000,|||,|||,|||,|||,|||,|||,|||,|||,|||,|||
103.45.115.148,103.45.115.148,00000000000000000000000000000000000000000000000000000000000000,|||,|||,|||,|||,|||,|||,|||,|||,|||,|||
106.15.56.104,106.15.56.104,00000000000000000000000000000000000000000000000000000000000000,|||,|||,|||,|||,|||,|||,|||,|||,|||,|||
106.14.36.55,106.14.36.55,00000000000000000000000000000000000000000000000000000000000000,|||,|||,|||,|||,|||,|||,|||,|||,|||,|||
20.196.217.190,20.196.217.190,00000000000000000000000000000000000000000000000000000000000000,|||,|||,|||,|||,|||,|||,|||,|||,|||,|||
106.14.195.29,106.14.195.29,00000000000000000000000000000000000000000000000000000000000000,|||,|||,|||,|||,|||,|||,|||,|||,|||,|||
104.236.150.159,104.236.150.159,00000000000000000000000000000000000000000000000000000000000000,|||,|||,|||,|||,|||,|||,|||,|||,|||,|||
106.14.184.124,106.14.184.124,00000000000000000000000000000000000000000000000000000000000000,|||,|||,|||,|||,|||,|||,|||,|||,|||,|||
106.15.45.41,106.15.45.41,00000000000000000000000000000000000000000000000000000000000000,|||,|||,|||,|||,|||,|||,|||,|||,|||,|||
65.0.174.233,65.0.174.233,00000000000000000000000000000000000000000000000000000000000000,|||,|||,|||,|||,|||,|||,|||,|||,|||,|||
64.66.12.42,64.66.12.42,00000000000000000000000000000000000000000000000000000000000000,|||,|||,|||,|||,|||,|||,|||,|||,|||,|||
64.67.10.116,64.67.10.116,00000000000000000000000000000000000000000000000000000000000000,|||,|||,|||,|||,|||,|||,|||,|||,|||,|||
106.14.253.229,106.14.253.229,00000000000000000000000000000000000000000000000000000000000000,|||,|||,|||,|||,|||,|||,|||,|||,|||,|||
106.15.39.116,106.15.39.116,00000000000000000000000000000000000000000000000000000000000000,|||,|||,|||,|||,|||,|||,|||,|||,|||,|||
104.200.131.248,104.200.131.248,21d14d00021d21d21c21d14d21d21dcade67768786e23ca695466fb7f94658,c013|0303||ff01-000b-0023-0017,009d|0303||ff01-0023-0017,|||,c013|0303||ff01-000b-0023-0017,c013|0303||ff01-000b-0023-0017,c013|0302||ff01-000b-0023-0017,c013|0303||ff01-000b-0023-0017,009d|0303||ff01-0023-0017,c013|0303||ff01-000b-0023-0017,c013|0303||ff01-000b-0023-0017
60.6.232.42,60.6.232.42,00000000000000000000000000000000000000000000000000000000000000,|||,|||,|||,|||,|||,|||,|||,|||,|||,|||
103.143.208.74,103.143.208.74,00000000000000000000000000000000000000000000000000000000000000,|||,|||,|||,|||,|||,|||,|||,|||,|||,|||
104.232.32.184,104.232.32.184,07d10d11d21d21d00007d10d07d21d2e85c890498be4da9c54ee0ea77b1062,0033|0303||ff01-0023,0084|0303||ff01-0023,0088|0303||ff01-0023,c013|0303||ff01-000b-0023,c013|0303||ff01-000b-0023,|||,0033|0303||ff01-0023,0084|0303||ff01-0023,0033|0303||ff01-0023,c013|0303||ff01-000b-0023
65.108.148.69,65.108.148.69,00000000000000000000000000000000000000000000000000000000000000,|||,|||,|||,|||,|||,|||,|||,|||,|||,|||
65.39.231.166,65.39.231.166,00000000000000000000000000000000000000000000000000000000000000,|||,|||,|||,|||,|||,|||,|||,|||,|||,|||
49.128.180.90,49.128.180.90,00000000000000000000000000000000000000000000000000000000000000,|||,|||,|||,|||,|||,|||,|||,|||,|||,|||
109.230.227.238,109.230.227.238,07d10d11d21d21d07c07d10d07d21d7f94927a800698f72ad8146900120abe,0033|0303|http/1.1|ff01-0023-0010,0084|0303|http/1.1|ff01-0023-0010,0088|0303|http/1.1|ff01-0023-0010,c013|0303|http/1.1|ff01-000b-0023-0010,c013|0303|http/1.1|ff01-000b-0023-0010,0033|0302|http/1.1|ff01-0023-0010,0033|0303|http/1.1|ff01-0023-0010,0084|0303|http/1.1|ff01-0023-0010,0033|0303|http/1.1|ff01-0023-0010,c013|0303|http/1.1|ff01-000b-0023-0010
107.155.48.224,107.155.48.224,00000000000000000000000000000000000000000000000000000000000000,|||,|||,|||,|||,|||,|||,|||,|||,|||,|||
107.155.60.8,107.155.60.8,00000000000000000000000000000000000000000000000000000000000000,|||,|||,|||,|||,|||,|||,|||,|||,|||,|||
106.52.165.57,106.52.165.57,00000000000000000000000000000000000000000000000000000000000000,|||,|||,|||,|||,|||,|||,|||,|||,|||,|||
103.10.87.51,103.10.87.51,06b08b00006b06b06b06b08b06b06b9674c6b4e623ae36cc2d998e99e2262e,002f|0301||ff01-0023,0035|0301||ff01-0023,|||,002f|0301||ff01-0023,002f|0301||ff01-0023,002f|0301||ff01-0023,002f|0301||ff01-0023,0035|0301||ff01-0023,002f|0301||ff01-0023,002f|0301||ff01-0023
106.14.46.238,106.14.46.238,00000000000000000000000000000000000000000000000000000000000000,|||,|||,|||,|||,|||,|||,|||,|||,|||,|||
106.15.179.30,106.15.179.30,00000000000000000000000000000000000000000000000000000000000000,|||,|||,|||,|||,|||,|||,|||,|||,|||,|||
106.12.218.175,106.12.218.175,00000000000000000000000000000000000000000000000000000000000000,|||,|||,|||,|||,|||,|||,|||,|||,|||,|||
107.173.222.135,107.173.222.135,00000000000000000000000000000000000000000000000000000000000000,|||,|||,|||,|||,|||,|||,|||,|||,|||,|||
103.243.27.90,103.243.27.90,00000000000000000000000000000000000000000000000000000000000000,|||,|||,|||,|||,|||,|||,|||,|||,|||,|||
77.247.93.2,77.247.93.2,00000000000000000000000000000000000000000000000000000000000000,|||,|||,|||,|||,|||,|||,|||,|||,|||,|||
103.245.211.38,103.245.211.38,00000000000000000000000000000000000000000000000000000000000000,|||,|||,|||,|||,|||,|||,|||,|||,|||,|||
104.149.129.30,104.149.129.30,29d29d00029d29d00029d29d29d29d043bfbd87c13813505a1b60adf4f6ff5,c02f|0303|h2|0023-ff01-0010-000b,c02f|0303|h2|0023-ff01-0010-000b,|||,c02f|0303||0023-ff01-000b,c02f|0303||0023-ff01-000b,|||,c02f|0303|h2|0023-ff01-0010-000b,c02f|0303|h2|0023-ff01-0010-000b,c02f|0303|h2|0023-ff01-0010-000b,c02f|0303|h2|0023-ff01-0010-000b
65.18.117.228,65.18.117.228,00000000000000000000000000000000000000000000000000000000000000,|||,|||,|||,|||,|||,|||,|||,|||,|||,|||
64.71.139.237,64.71.139.237,00000000000000000000000000000000000000000000000000000000000000,|||,|||,|||,|||,|||,|||,|||,|||,|||,|||
104.149.179.66,104.149.179.66,3fd3fd0003fd3fd21c42d42d000000307ee0eb468e9fdb5cfcd698a80a67ef,cca8|0303|h2|ff01-0000-0001-000b-0023-0010-0017,cca8|0303|h2|ff01-0000-0001-000b-0023-0010-0017,|||,cca8|0303||ff01-0000-0001-000b-0023-0017,cca8|0303||ff01-0000-0001-000b-0023-0017,c013|0302|h2|ff01-0000-0001-000b-0023-0010-0017,1302|0303||002b-0033,1302|0303||002b-0033,|||,|||
109.205.240.8,109.205.240.8,2ad2ad16d2ad2ad22c2ad2ad2ad2adc7639a2c8ee8049d85e08031e30b69d9,c030|0303|http/1.1|ff01-000b-0023-0010,c030|0303|http/1.1|ff01-000b-0023-0010,009f|0303|http/1.1|ff01-0023-0010,c030|0303|http/1.1|ff01-000b-0023-0010,c030|0303|http/1.1|ff01-000b-0023-0010,c014|0302|http/1.1|ff01-000b-0023-0010,c030|0303|http/1.1|ff01-000b-0023-0010,c030|0303|http/1.1|ff01-000b-0023-0010,c030|0303|http/1.1|ff01-000b-0023-0010,c030|0303|http/1.1|ff01-000b-0023-0010
109.103.23.6,109.103.23.6,00000000000000000000000000000000000000000000000000000000000000,|||,|||,|||,|||,|||,|||,|||,|||,|||,|||
103.74.138.24,103.74.138.24,08d08d00008d08d08c08d08d08d08d9674c6b4e623ae36cc2d998e99e2262e,0035|0303||ff01-0023,0035|0303||ff01-0023,|||,0035|0303||ff01-0023,0035|0303||ff01-0023,0035|0302||ff01-0023,0035|0303||ff01-0023,0035|0303||ff01-0023,0035|0303||ff01-0023,0035|0303||ff01-0023
107.155.60.213,107.155.60.213,00000000000000000000000000000000000000000000000000000000000000,|||,|||,|||,|||,|||,|||,|||,|||,|||,|||
107.150.103.146,107.150.103.146,00000000000000000000000000000000000000000000000000000000000000,|||,|||,|||,|||,|||,|||,|||,|||,|||,|||
101.43.165.42,101.43.165.42,00000000000000000000000000000000000000000000000000000000000000,|||,|||,|||,|||,|||,|||,|||,|||,|||,|||
109.108.94.58,109.108.94.58,00000000000000000000000000000000000000000000000000000000000000,|||,|||,|||,|||,|||,|||,|||,|||,|||,|||
107.174.133.150,107.174.133.150,00000000000000000000000000000000000000000000000000000000000000,|||,|||,|||,|||,|||,|||,|||,|||,|||,|||
103.167.198.127,103.167.198.127,3fd21b20d00000021c43d21b21b43de0a012c76cf078b8d06f4620c2286f5e,cca8|0303|h2|0023-ff01-0010-000b,c013|0301|h2|0023-ff01-0010-000b,c012|0303|h2|0023-ff01-0010-000b,|||,|||,c013|0302|h2|0023-ff01-0010-000b,1303|0303||002b-0033,c013|0301|h2|0023-ff01-0010-000b,c013|0301|h2|0023-ff01-0010-000b,1303|0303||002b-0033
107.150.101.55,107.150.101.55,00000000000000000000000000000000000000000000000000000000000000,|||,|||,|||,|||,|||,|||,|||,|||,|||,|||
106.12.146.208,106.12.146.208,00000000000000000000000000000000000000000000000000000000000000,|||,|||,|||,|||,|||,|||,|||,|||,|||,|||
101.43.208.18,101.43.208.18,00000000000000000000000000000000000000000000000000000000000000,|||,|||,|||,|||,|||,|||,|||,|||,|||,|||
106.52.77.154,106.52.77.154,00000000000000000000000000000000000000000000000000000000000000,|||,|||,|||,|||,|||,|||,|||,|||,|||,|||
101.203.172.89,101.203.172.89,00000000000000000000000000000000000000000000000000000000000000,|||,|||,|||,|||,|||,|||,|||,|||,|||,|||
106.52.106.177,106.52.106.177,00000000000000000000000000000000000000000000000000000000000000,|||,|||,|||,|||,|||,|||,|||,|||,|||,|||
106.13.43.33,106.13.43.33,00000000000000000000000000000000000000000000000000000000000000,|||,|||,|||,|||,|||,|||,|||,|||,|||,|||
103.96.129.226,103.96.129.226,2ad2ad0002ad2ad06c2ad2ad2ad2adbb6dc7cae041a682738a7a8f44a89066,c030|0303|http/1.1|0000-ff01-000b-0023-0010,c030|0303|http/1.1|0000-ff01-000b-0023-0010,|||,c030|0303||0000-ff01-000b-0023,c030|0303||0000-ff01-000b-0023,002f|0302|http/1.1|0000-ff01-0023-0010,c030|0303|http/1.1|0000-ff01-000b-0023-0010,c030|0303|http/1.1|0000-ff01-000b-0023-0010,c030|0303|http/1.1|0000-ff01-000b-0023-0010,c030|0303|http/1.1|0000-ff01-000b-0023-0010
106.14.60.222,106.14.60.222,00000000000000000000000000000000000000000000000000000000000000,|||,|||,|||,|||,|||,|||,|||,|||,|||,|||
107.179.33.14,107.179.33.14,00000000000000000000000000000000000000000000000000000000000000,|||,|||,|||,|||,|||,|||,|||,|||,|||,|||
106.55.100.110,106.55.100.110,00000000000000000000000000000000000000000000000000000000000000,|||,|||,|||,|||,|||,|||,|||,|||,|||,|||
107.150.102.239,107.150.102.239,00000000000000000000000000000000000000000000000000000000000000,|||,|||,|||,|||,|||,|||,|||,|||,|||,|||
106.55.3.166,106.55.3.166,00000000000000000000000000000000000000000000000000000000000000,|||,|||,|||,|||,|||,|||,|||,|||,|||,|||
109.98.108.143,109.98.108.143,00000000000000000000000000000000000000000000000000000000000000,|||,|||,|||,|||,|||,|||,|||,|||,|||,|||
106.55.143.41,106.55.143.41,00000000000000000000000000000000000000000000000000000000000000,|||,|||,|||,|||,|||,|||,|||,|||,|||,|||
106.52.178.90,106.52.178.90,00000000000000000000000000000000000000000000000000000000000000,|||,|||,|||,|||,|||,|||,|||,|||,|||,|||
107.150.103.49,107.150.103.49,00000000000000000000000000000000000000000000000000000000000000,|||,|||,|||,|||,|||,|||,|||,|||,|||,|||
107.150.103.35,107.150.103.35,00000000000000000000000000000000000000000000000000000000000000,|||,|||,|||,|||,|||,|||,|||,|||,|||,|||
106.52.184.104,106.52.184.104,00000000000000000000000000000000000000000000000000000000000000,|||,|||,|||,|||,|||,|||,|||,|||,|||,|||
106.52.142.232,106.52.142.232,00000000000000000000000000000000000000000000000000000000000000,|||,|||,|||,|||,|||,|||,|||,|||,|||,|||
104.149.139.110,104.149.139.110,2ad2ad0002ad2ad22c2ad2ad2ad2adce7a321e4956e8298ba917e9f2c22849,c030|0303|http/1.1|ff01-0001-000b-0023-0010-0017,c030|0303|http/1.1|ff01-0001-000b-0023-0010-0017,|||,c030|0303||ff01-0001-000b-0023-0017,c030|0303||ff01-0001-000b-0023-0017,c014|0302|http/1.1|ff01-0001-000b-0023-0010-0017,c030|0303|http/1.1|ff01-0001-000b-0023-0010-0017,c030|0303|http/1.1|ff01-0001-000b-0023-0010-0017,c030|0303|http/1.1|ff01-0001-000b-0023-0010-0017,c030|0303|http/1.1|ff01-0001-000b-0023-0010-0017
107.150.103.62,107.150.103.62,00000000000000000000000000000000000000000000000000000000000000,|||,|||,|||,|||,|||,|||,|||,|||,|||,|||
104.249.62.103,104.249.62.103,21d14d00021d21d21c21d14d21d21dcade67768786e23ca695466fb7f94658,c013|0303||ff01-000b-0023-0017,009d|0303||ff01-0023-0017,|||,c013|0303||ff01-000b-0023-0017,c013|0303||ff01-000b-0023-0017,c013|0302||ff01-000b-0023-0017,c013|0303||ff01-000b-0023-0017,009d|0303||ff01-0023-0017,c013|0303||ff01-000b-0023-0017,c013|0303||ff01-000b-0023-0017
109.168.160.206,109.168.160.206,00000000000000000000000000000000000000000000000000000000000000,|||,|||,|||,|||,|||,|||,|||,|||,|||,|||
109.236.89.154,109.236.89.154,00000000000000000000000000000000000000000000000000000000000000,|||,|||,|||,|||,|||,|||,|||,|||,|||,|||
106.52.95.63,106.52.95.63,00000000000000000000000000000000000000000000000000000000000000,|||,|||,|||,|||,|||,|||,|||,|||,|||,|||
106.55.164.193,106.55.164.193,00000000000000000000000000000000000000000000000000000000000000,|||,|||,|||,|||,|||,|||,|||,|||,|||,|||
106.52.246.119,106.52.246.119,00000000000000000000000000000000000000000000000000000000000000,|||,|||,|||,|||,|||,|||,|||,|||,|||,|||
103.30.244.206,103.30.244.206,00000000000000000000000000000000000000000000000000000000000000,|||,|||,|||,|||,|||,|||,|||,|||,|||,|||
106.1.184.222,106.1.184.222,00000000000000000000000000000000000000000000000000000000000000,|||,|||,|||,|||,|||,|||,|||,|||,|||,|||
106.54.85.156,106.54.85.156,00000000000000000000000000000000000000000000000000000000000000,|||,|||,|||,|||,|||,|||,|||,|||,|||,|||
109.87.143.233,109.87.143.233,00000000000000000000000000000000000000000000000000000000000000,|||,|||,|||,|||,|||,|||,|||,|||,|||,|||
107.150.105.239,107.150.105.239,00000000000000000000000000000000000000000000000000000000000000,|||,|||,|||,|||,|||,|||,|||,|||,|||,|||
106.12.252.39,106.12.252.39,00000000000000000000000000000000000000000000000000000000000000,|||,|||,|||,|||,|||,|||,|||,|||,|||,|||
106.55.62.135,106.55.62.135,00000000000000000000000000000000000000000000000000000000000000,|||,|||,|||,|||,|||,|||,|||,|||,|||,|||
107.155.50.176,107.155.50.176,00000000000000000000000000000000000000000000000000000000000000,|||,|||,|||,|||,|||,|||,|||,|||,|||,|||
107.150.98.121,107.150.98.121,00000000000000000000000000000000000000000000000000000000000000,|||,|||,|||,|||,|||,|||,|||,|||,|||,|||
106.75.74.225,106.75.74.225,00000000000000000000000000000000000000000000000000000000000000,|||,|||,|||,|||,|||,|||,|||,|||,|||,|||
106.12.163.146,106.12.163.146,00000000000000000000000000000000000000000000000000000000000000,|||,|||,|||,|||,|||,|||,|||,|||,|||,|||
107.150.105.183,107.150.105.183,00000000000000000000000000000000000000000000000000000000000000,|||,|||,|||,|||,|||,|||,|||,|||,|||,|||
106.54.162.77,106.54.162.77,00000000000000000000000000000000000000000000000000000000000000,|||,|||,|||,|||,|||,|||,|||,|||,|||,|||
106.75.30.102,106.75.30.102,00000000000000000000000000000000000000000000000000000000000000,|||,|||,|||,|||,|||,|||,|||,|||,|||,|||
109.121.161.192,109.121.161.192,00000000000000000000000000000000000000000000000000000000000000,|||,|||,|||,|||,|||,|||,|||,|||,|||,|||
109.87.64.100,109.87.64.100,00000000000000000000000000000000000000000000000000000000000000,|||,|||,|||,|||,|||,|||,|||,|||,|||,|||
106.53.228.126,106.53.228.126,00000000000000000000000000000000000000000000000000000000000000,|||,|||,|||,|||,|||,|||,|||,|||,|||,|||
66.240.192.138,66.240.192.138,00000000000000000000000000000000000000000000000000000000000000,|||,|||,|||,|||,|||,|||,|||,|||,|||,|||
107.150.99.248,107.150.99.248,00000000000000000000000000000000000000000000000000000000000000,|||,|||,|||,|||,|||,|||,|||,|||,|||,|||
66.108.218.118,66.108.218.118,00000000000000000000000000000000000000000000000000000000000000,|||,|||,|||,|||,|||,|||,|||,|||,|||,|||
66.76.238.47,66.76.238.47,00000000000000000000000000000000000000000000000000000000000000,|||,|||,|||,|||,|||,|||,|||,|||,|||,|||
107.170.218.248,107.170.218.248,00000000000000000000000000000000000000000000000000000000000000,|||,|||,|||,|||,|||,|||,|||,|||,|||,|||
68.107.171.130,68.107.171.130,00000000000000000000000000000000000000000000000000000000000000,|||,|||,|||,|||,|||,|||,|||,|||,|||,|||
107.150.105.217,107.150.105.217,00000000000000000000000000000000000000000000000000000000000000,|||,|||,|||,|||,|||,|||,|||,|||,|||,|||
67.197.194.31,67.197.194.31,00000000000000000000000000000000000000000000000000000000000000,|||,|||,|||,|||,|||,|||,|||,|||,|||,|||
109.103.212.86,109.103.212.86,00000000000000000000000000000000000000000000000000000000000000,|||,|||,|||,|||,|||,|||,|||,|||,|||,|||
107.175.21.231,107.175.21.231,00000000000000000000000000000000000000000000000000000000000000,|||,|||,|||,|||,|||,|||,|||,|||,|||,|||
107.219.75.188,107.219.75.188,00000000000000000000000000000000000000000000000000000000000000,|||,|||,|||,|||,|||,|||,|||,|||,|||,|||
106.15.126.24,106.15.126.24,00000000000000000000000000000000000000000000000000000000000000,|||,|||,|||,|||,|||,|||,|||,|||,|||,|||
65.78.139.78,65.78.139.78,00000000000000000000000000000000000000000000000000000000000000,|||,|||,|||,|||,|||,|||,|||,|||,|||,|||
109.74.196.13,109.74.196.13,00000000000000000000000000000000000000000000000000000000000000,|||,|||,|||,|||,|||,|||,|||,|||,|||,|||
106.55.57.12,106.55.57.12,00000000000000000000000000000000000000000000000000000000000000,|||,|||,|||,|||,|||,|||,|||,|||,|||,|||
104.238.220.61,104.238.220.61,2ad2ad16d2ad2ad0002ad2ad2ad2add3b67dd3674d9af9dd91c1955a35d0e9,c030|0303||0017-ff01,c030|0303||0017-ff01,009f|0303||0017-ff01,c030|0303||0017-ff01,c030|0303||0017-ff01,|||,c030|0303||0017-ff01,c030|0303||0017-ff01,c030|0303||0017-ff01,c030|0303||0017-ff01
65.75.120.102,65.75.120.102,00000000000000000000000000000000000000000000000000000000000000,|||,|||,|||,|||,|||,|||,|||,|||,|||,|||
106.55.60.224,106.55.60.224,00000000000000000000000000000000000000000000000000000000000000,|||,|||,|||,|||,|||,|||,|||,|||,|||,|||
107.150.105.208,107.150.105.208,00000000000000000000000000000000000000000000000000000000000000,|||,|||,|||,|||,|||,|||,|||,|||,|||,|||
106.52.164.73,106.52.164.73,00000000000000000000000000000000000000000000000000000000000000,|||,|||,|||,|||,|||,|||,|||,|||,|||,|||
107.150.98.68,107.150.98.68,00000000000000000000000000000000000000000000000000000000000000,|||,|||,|||,|||,|||,|||,|||,|||,|||,|||
106.55.41.98,106.55.41.98,00000000000000000000000000000000000000000000000000000000000000,|||,|||,|||,|||,|||,|||,|||,|||,|||,|||
109.74.196.67,109.74.196.67,00000000000000000000000000000000000000000000000000000000000000,|||,|||,|||,|||,|||,|||,|||,|||,|||,|||
109.74.196.230,109.74.196.230,00000000000000000000000000000000000000000000000000000000000000,|||,|||,|||,|||,|||,|||,|||,|||,|||,|||
106.75.171.111,106.75.171.111,00000000000000000000000000000000000000000000000000000000000000,|||,|||,|||,|||,|||,|||,|||,|||,|||,|||
107.151.182.42,107.151.182.42,00000000000000000000000000000000000000000000000000000000000000,|||,|||,|||,|||,|||,|||,|||,|||,|||,|||
101.43.153.250,101.43.153.250,00000000000000000000000000000000000000000000000000000000000000,|||,|||,|||,|||,|||,|||,|||,|||,|||,|||
107.150.105.219,107.150.105.219,00000000000000000000000000000000000000000000000000000000000000,|||,|||,|||,|||,|||,|||,|||,|||,|||,|||
106.52.156.247,106.52.156.247,00000000000000000000000000000000000000000000000000000000000000,|||,|||,|||,|||,|||,|||,|||,|||,|||,|||
106.75.4.19,106.75.4.19,00000000000000000000000000000000000000000000000000000000000000,|||,|||,|||,|||,|||,|||,|||,|||,|||,|||
66.115.165.230,66.115.165.230,00000000000000000000000000000000000000000000000000000000000000,|||,|||,|||,|||,|||,|||,|||,|||,|||,|||
106.14.140.165,106.14.140.165,00000000000000000000000000000000000000000000000000000000000000,|||,|||,|||,|||,|||,|||,|||,|||,|||,|||
66.214.168.145,66.214.168.145,00000000000000000000000000000000000000000000000000000000000000,|||,|||,|||,|||,|||,|||,|||,|||,|||,|||
66.31.116.239,66.31.116.239,00000000000000000000000000000000000000000000000000000000000000,|||,|||,|||,|||,|||,|||,|||,|||,|||,|||
107.150.96.133,107.150.96.133,00000000000000000000000000000000000000000000000000000000000000,|||,|||,|||,|||,|||,|||,|||,|||,|||,|||
103.77.9.27,103.77.9.27,00000000000000000000000000000000000000000000000000000000000000,|||,|||,|||,|||,|||,|||,|||,|||,|||,|||
109.74.196.63,109.74.196.63,29d29d15d29d29d00042d42d000000df133019600a83abfb096ff3e86cd79d,c02f|0303|h2|ff01-0000-0001-000b-0023-0010-0017,c02f|0303|h2|ff01-0000-0001-000b-0023-0010-0017,009e|0303|h2|ff01-0000-0001-0023-0010-0017,c02f|0303|http/1.0|ff01-0000-0001-000b-0023-0010-0017,c02f|0303|http/1.0|ff01-0000-0001-000b-0023-0010-0017,|||,1302|0303||002b-0033,1302|0303||002b-0033,|||,|||
106.14.24.39,106.14.24.39,00000000000000000000000000000000000000000000000000000000000000,|||,|||,|||,|||,|||,|||,|||,|||,|||,|||
106.14.247.219,106.14.247.219,00000000000000000000000000000000000000000000000000000000000000,|||,|||,|||,|||,|||,|||,|||,|||,|||,|||
106.75.229.245,106.75.229.245,00000000000000000000000000000000000000000000000000000000000000,|||,|||,|||,|||,|||,|||,|||,|||,|||,|||
110.93.9.204,110.93.9.204,00000000000000000000000000000000000000000000000000000000000000,|||,|||,|||,|||,|||,|||,|||,|||,|||,|||
103.39.220.230,103.39.220.230,21d10d00021d21d21c21d10d21d21dfa4f2d467cfc282d8a9029b2af1af43b,c013|0303|http/1.1|0000-ff01-000b-0023-0010,0084|0303|http/1.1|0000-ff01-0023-0010,|||,c013|0303||0000-ff01-000b-0023,c013|0303||0000-ff01-000b-0023,c013|0302|http/1.1|0000-ff01-000b-0023-0010,c013|0303|http/1.1|0000-ff01-000b-0023-0010,0084|0303|http/1.1|0000-ff01-0023-0010,c013|0303|http/1.1|0000-ff01-000b-0023-0010,c013|0303|http/1.1|0000-ff01-000b-0023-0010
107.175.49.33,107.175.49.33,00000000000000000000000000000000000000000000000000000000000000,|||,|||,|||,|||,|||,|||,|||,|||,|||,|||
107.150.97.126,107.150.97.126,00000000000000000000000000000000000000000000000000000000000000,|||,|||,|||,|||,|||,|||,|||,|||,|||,|||
103.236.253.123,103.236.253.123,06b06b00006b06b06b06b06b06b06bd3b67dd3674d9af9dd91c1955a35d0e9,002f|0301||0017-ff01,002f|0301||0017-ff01,|||,002f|0301||0017-ff01,002f|0301||0017-ff01,002f|0301||0017-ff01,002f|0301||0017-ff01,002f|0301||0017-ff01,002f|0301||0017-ff01,002f|0301||0017-ff01
106.12.186.111,106.12.186.111,00000000000000000000000000000000000000000000000000000000000000,|||,|||,|||,|||,|||,|||,|||,|||,|||,|||
66.228.62.231,66.228.62.231,00000000000000000000000000000000000000000000000000000000000000,|||,|||,|||,|||,|||,|||,|||,|||,|||,|||
107.150.121.179,107.150.121.179,00000000000000000000000000000000000000000000000000000000000000,|||,|||,|||,|||,|||,|||,|||,|||,|||,|||
106.75.217.5,106.75.217.5,00000000000000000000000000000000000000000000000000000000000000,|||,|||,|||,|||,|||,|||,|||,|||,|||,|||
103.110.85.90,103.110.85.90,21d10d00021d21d21c21d10d21d21dfa4f2d467cfc282d8a9029b2af1af43b,c013|0303|http/1.1|0000-ff01-000b-0023-0010,0084|0303|http/1.1|0000-ff01-0023-0010,|||,c013|0303||0000-ff01-000b-0023,c013|0303||0000-ff01-000b-0023,c013|0302|http/1.1|0000-ff01-000b-0023-0010,c013|0303|http/1.1|0000-ff01-000b-0023-0010,0084|0303|http/1.1|0000-ff01-0023-0010,c013|0303|http/1.1|0000-ff01-000b-0023-0010,c013|0303|http/1.1|0000-ff01-000b-0023-0010
107.155.50.142,107.155.50.142,00000000000000000000000000000000000000000000000000000000000000,|||,|||,|||,|||,|||,|||,|||,|||,|||,|||
67.163.26.110,67.163.26.110,00000000000000000000000000000000000000000000000000000000000000,|||,|||,|||,|||,|||,|||,|||,|||,|||,|||
66.115.165.241,66.115.165.241,00000000000000000000000000000000000000000000000000000000000000,|||,|||,|||,|||,|||,|||,|||,|||,|||,|||
68.171.65.43,68.171.65.43,00000000000000000000000000000000000000000000000000000000000000,|||,|||,|||,|||,|||,|||,|||,|||,|||,|||
67.205.150.181,67.205.150.181,00000000000000000000000000000000000000000000000000000000000000,|||,|||,|||,|||,|||,|||,|||,|||,|||,|||
106.12.5.80,106.12.5.80,00000000000000000000000000000000000000000000000000000000000000,|||,|||,|||,|||,|||,|||,|||,|||,|||,|||
103.71.171.132,103.71.171.132,26d26d16d26d26d22c26d26d26d26dd7fc4c7c6ef19b77a4ca0787979cdc13,c028|0303||ff01,c028|0303||ff01,009f|0303||ff01,c028|0303||ff01,c028|0303||ff01,c014|0302||ff01,c028|0303||ff01,c028|0303||ff01,c028|0303||ff01,c028|0303||ff01
106.12.95.129,106.12.95.129,00000000000000000000000000000000000000000000000000000000000000,|||,|||,|||,|||,|||,|||,|||,|||,|||,|||
66.151.51.61,66.151.51.61,00000000000000000000000000000000000000000000000000000000000000,|||,|||,|||,|||,|||,|||,|||,|||,|||,|||
103.72.144.217,103.72.144.217,00000000000000000000000000000000000000000000000000000000000000,|||,|||,|||,|||,|||,|||,|||,|||,|||,|||
109.107.241.125,109.107.241.125,00000000000000000000000000000000000000000000000000000000000000,|||,|||,|||,|||,|||,|||,|||,|||,|||,|||
106.75.210.165,106.75.210.165,00000000000000000000000000000000000000000000000000000000000000,|||,|||,|||,|||,|||,|||,|||,|||,|||,|||
107.150.99.175,107.150.99.175,00000000000000000000000000000000000000000000000000000000000000,|||,|||,|||,|||,|||,|||,|||,|||,|||,|||
107.150.104.174,107.150.104.174,00000000000000000000000000000000000000000000000000000000000000,|||,|||,|||,|||,|||,|||,|||,|||,|||,|||
109.226.11.188,109.226.11.188,06b06b00006b06b06b06b06b06b06bd3b67dd3674d9af9dd91c1955a35d0e9,002f|0301||0017-ff01,002f|0301||0017-ff01,|||,002f|0301||0017-ff01,002f|0301||0017-ff01,002f|0301||0017-ff01,002f|0301||0017-ff01,002f|0301||0017-ff01,002f|0301||0017-ff01,002f|0301||0017-ff01
67.21.32.151,67.21.32.151,00000000000000000000000000000000000000000000000000000000000000,|||,|||,|||,|||,|||,|||,|||,|||,|||,|||
68.175.14.123,68.175.14.123,00000000000000000000000000000000000000000000000000000000000000,|||,|||,|||,|||,|||,|||,|||,|||,|||,|||
106.75.229.234,106.75.229.234,00000000000000000000000000000000000000000000000000000000000000,|||,|||,|||,|||,|||,|||,|||,|||,|||,|||
68.163.54.82,68.163.54.82,00000000000000000000000000000000000000000000000000000000000000,|||,|||,|||,|||,|||,|||,|||,|||,|||,|||
106.75.138.24,106.75.138.24,00000000000000000000000000000000000000000000000000000000000000,|||,|||,|||,|||,|||,|||,|||,|||,|||,|||
66.49.148.15,66.49.148.15,00000000000000000000000000000000000000000000000000000000000000,|||,|||,|||,|||,|||,|||,|||,|||,|||,|||
103.45.185.125,103.45.185.125,00000000000000000000000000000000000000000000000000000000000000,|||,|||,|||,|||,|||,|||,|||,|||,|||,|||
107.173.46.166,107.173.46.166,00000000000000000000000000000000000000000000000000000000000000,|||,|||,|||,|||,|||,|||,|||,|||,|||,|||
107.155.55.108,107.155.55.108,00000000000000000000000000000000000000000000000000000000000000,|||,|||,|||,|||,|||,|||,|||,|||,|||,|||
109.174.22.54,109.174.22.54,00000000000000000000000000000000000000000000000000000000000000,|||,|||,|||,|||,|||,|||,|||,|||,|||,|||
107.155.200.173,107.155.200.173,00000000000000000000000000000000000000000000000000000000000000,|||,|||,|||,|||,|||,|||,|||,|||,|||,|||
107.155.56.171,107.155.56.171,00000000000000000000000000000000000000000000000000000000000000,|||,|||,|||,|||,|||,|||,|||,|||,|||,|||
107.150.105.209,107.150.105.209,00000000000000000000000000000000000000000000000000000000000000,|||,|||,|||,|||,|||,|||,|||,|||,|||,|||
108.160.130.194,108.160.130.194,00000000000000000000000000000000000000000000000000000000000000,|||,|||,|||,|||,|||,|||,|||,|||,|||,|||
103.50.161.182,103.50.161.182,15d3fd16d29d29d00042d43d0000009ec686233a4398bea334ba5e62e34a01,009e|0303|http/1.1|ff01-0001-0023-0010-0017,cca8|0303|http/1.1|ff01-0001-000b-0023-0010-0017,009f|0303|http/1.1|ff01-0001-0023-0010-0017,c02f|0303|http/1.1|ff01-0001-000b-0023-0010-0017,c02f|0303|http/1.1|ff01-0001-000b-0023-0010-0017,|||,1302|0303||002b-0033,1303|0303||002b-0033,|||,|||
107.155.55.166,107.155.55.166,00000000000000000000000000000000000000000000000000000000000000,|||,|||,|||,|||,|||,|||,|||,|||,|||,|||
108.175.4.97,108.175.4.97,00000000000000000000000000000000000000000000000000000000000000,|||,|||,|||,|||,|||,|||,|||,|||,|||,|||
103.151.217.37,103.151.217.37,00000000000000000000000000000000000000000000000000000000000000,|||,|||,|||,|||,|||,|||,|||,|||,|||,|||
109.237.25.156,109.237.25.156,29d29d00029d29d21c42d43d00041de868cc44f5e7317f2c08c2d4c069cbd8,c02f|0303|h2|0017-ff01-000b-0023-0010,c02f|0303|h2|0017-ff01-000b-0023-0010,|||,c02f|0303|spdy/3|0017-ff01-000b-0023-0010,c02f|0303|spdy/3|0017-ff01-000b-0023-0010,c013|0302|h2|0017-ff01-000b-0023-0010,1302|0303||0033-002b,1303|0303||0033-002b,|||,1301|0303||0033-002b
107.155.56.246,107.155.56.246,00000000000000000000000000000000000000000000000000000000000000,|||,|||,|||,|||,|||,|||,|||,|||,|||,|||
67.81.61.112,67.81.61.112,00000000000000000000000000000000000000000000000000000000000000,|||,|||,|||,|||,|||,|||,|||,|||,|||,|||
106.75.13.173,106.75.13.173,00000000000000000000000000000000000000000000000000000000000000,|||,|||,|||,|||,|||,|||,|||,|||,|||,|||
109.72.49.148,109.72.49.148,00000000000000000000000000000000000000000000000000000000000000,|||,|||,|||,|||,|||,|||,|||,|||,|||,|||
68.183.79.208,68.183.79.208,00000000000000000000000000000000000000000000000000000000000000,|||,|||,|||,|||,|||,|||,|||,|||,|||,|||
67.243.198.249,67.243.198.249,00000000000000000000000000000000000000000000000000000000000000,|||,|||,|||,|||,|||,|||,|||,|||,|||,|||
68.110.169.83,68.110.169.83,00000000000000000000000000000000000000000000000000000000000000,|||,|||,|||,|||,|||,|||,|||,|||,|||,|||
67.212.248.252,67.212.248.252,00000000000000000000000000000000000000000000000000000000000000,|||,|||,|||,|||,|||,|||,|||,|||,|||,|||
67.98.162.197,67.98.162.197,00000000000000000000000000000000000000000000000000000000000000,|||,|||,|||,|||,|||,|||,|||,|||,|||,|||
68.183.159.6,68.183.159.6,00000000000000000000000000000000000000000000000000000000000000,|||,|||,|||,|||,|||,|||,|||,|||,|||,|||
70.173.100.11,70.173.100.11,00000000000000000000000000000000000000000000000000000000000000,|||,|||,|||,|||,|||,|||,|||,|||,|||,|||
68.235.50.231,68.235.50.231,00000000000000000000000000000000000000000000000000000000000000,|||,|||,|||,|||,|||,|||,|||,|||,|||,|||
67.43.234.33,67.43.234.33,00000000000000000000000000000000000000000000000000000000000000,|||,|||,|||,|||,|||,|||,|||,|||,|||,|||
66.41.19.101,66.41.19.101,00000000000000000000000000000000000000000000000000000000000000,|||,|||,|||,|||,|||,|||,|||,|||,|||,|||
67.231.21.21,67.231.21.21,00000000000000000000000000000000000000000000000000000000000000,|||,|||,|||,|||,|||,|||,|||,|||,|||,|||
68.183.65.41,68.183.65.41,00000000000000000000000000000000000000000000000000000000000000,|||,|||,|||,|||,|||,|||,|||,|||,|||,|||
67.81.197.201,67.81.197.201,00000000000000000000000000000000000000000000000000000000000000,|||,|||,|||,|||,|||,|||,|||,|||,|||,|||
68.183.20.124,68.183.20.124,00000000000000000000000000000000000000000000000000000000000000,|||,|||,|||,|||,|||,|||,|||,|||,|||,|||
69.144.132.129,69.144.132.129,00000000000000000000000000000000000000000000000000000000000000,|||,|||,|||,|||,|||,|||,|||,|||,|||,|||
109.125.134.204,109.125.134.204,00000000000000000000000000000000000000000000000000000000000000,|||,|||,|||,|||,|||,|||,|||,|||,|||,|||
70.15.107.252,70.15.107.252,00000000000000000000000000000000000000000000000000000000000000,|||,|||,|||,|||,|||,|||,|||,|||,|||,|||
70.122.25.89,70.122.25.89,00000000000000000000000000000000000000000000000000000000000000,|||,|||,|||,|||,|||,|||,|||,|||,|||,|||
106.13.75.164,106.13.75.164,00000000000000000000000000000000000000000000000000000000000000,|||,|||,|||,|||,|||,|||,|||,|||,|||,|||
69.1.128.209,69.1.128.209,00000000000000000000000000000000000000000000000000000000000000,|||,|||,|||,|||,|||,|||,|||,|||,|||,|||
69.160.6.81,69.160.6.81,00000000000000000000000000000000000000000000000000000000000000,|||,|||,|||,|||,|||,|||,|||,|||,|||,|||
68.183.209.183,68.183.209.183,00000000000000000000000000000000000000000000000000000000000000,|||,|||,|||,|||,|||,|||,|||,|||,|||,|||
68.198.81.65,68.198.81.65,00000000000000000000000000000000000000000000000000000000000000,|||,|||,|||,|||,|||,|||,|||,|||,|||,|||
68.183.100.59,68.183.100.59,00000000000000000000000000000000000000000000000000000000000000,|||,|||,|||,|||,|||,|||,|||,|||,|||,|||
107.155.55.64,107.155.55.64,00000000000000000000000000000000000000000000000000000000000000,|||,|||,|||,|||,|||,|||,|||,|||,|||,|||
101.72.179.226,101.72.179.226,00000000000000000000000000000000000000000000000000000000000000,|||,|||,|||,|||,|||,|||,|||,|||,|||,|||
69.129.141.198,69.129.141.198,00000000000000000000000000000000000000000000000000000000000000,|||,|||,|||,|||,|||,|||,|||,|||,|||,|||
69.112.162.170,69.112.162.170,00000000000000000000000000000000000000000000000000000000000000,|||,|||,|||,|||,|||,|||,|||,|||,|||,|||
106.75.61.203,106.75.61.203,00000000000000000000000000000000000000000000000000000000000000,|||,|||,|||,|||,|||,|||,|||,|||,|||,|||
68.183.65.63,68.183.65.63,00000000000000000000000000000000000000000000000000000000000000,|||,|||,|||,|||,|||,|||,|||,|||,|||,|||
106.75.8.155,106.75.8.155,00000000000000000000000000000000000000000000000000000000000000,|||,|||,|||,|||,|||,|||,|||,|||,|||,|||
107.150.127.138,107.150.127.138,00000000000000000000000000000000000000000000000000000000000000,|||,|||,|||,|||,|||,|||,|||,|||,|||,|||
103.231.14.184,103.231.14.184,3fd3fd0003fd3fd21c42d42d000000307ee0eb468e9fdb5cfcd698a80a67ef,cca8|0303|h2|ff01-0000-0001-000b-0023-0010-0017,cca8|0303|h2|ff01-0000-0001-000b-0023-0010-0017,|||,cca8|0303||ff01-0000-0001-000b-0023-0017,cca8|0303||ff01-0000-0001-000b-0023-0017,c013|0302|h2|ff01-0000-0001-000b-0023-0010-0017,1302|0303||002b-0033,1302|0303||002b-0033,|||,|||
103.159.50.123,103.159.50.123,29d3fd00029d29d00042d43d0000008aec5bb03750a1d7eddfa29fb2d1deea,c02f|0303|http/1.1|ff01-0000-0001-000b-0010-0017,cca8|0303|http/1.1|ff01-0000-0001-000b-0010-0017,|||,c02f|0303||ff01-0000-0001-000b-0017,c02f|0303||ff01-0000-0001-000b-0017,|||,1302|0303||002b-0033,1303|0303||002b-0033,|||,|||
106.12.35.143,106.12.35.143,00000000000000000000000000000000000000000000000000000000000000,|||,|||,|||,|||,|||,|||,|||,|||,|||,|||
69.12.86.166,69.12.86.166,00000000000000000000000000000000000000000000000000000000000000,|||,|||,|||,|||,|||,|||,|||,|||,|||,|||
103.53.171.79,103.53.171.79,29d29d15d29d29d21c29d29d29d29dc80334825071f8ff93376ac14c5a331f,c02f|0303||ff01-000b-0023,c02f|0303||ff01-000b-0023,009e|0303||ff01-0023,c02f|0303||ff01-000b-0023,c02f|0303||ff01-000b-0023,c013|0302||ff01-000b-0023,c02f|0303||ff01-000b-0023,c02f|0303||ff01-000b-0023,c02f|0303||ff01-000b-0023,c02f|0303||ff01-000b-0023
110.39.1.134,110.39.1.134,00000000000000000000000000000000000000000000000000000000000000,|||,|||,|||,|||,|||,|||,|||,|||,|||,|||
69.118.182.115,69.118.182.115,00000000000000000000000000000000000000000000000000000000000000,|||,|||,|||,|||,|||,|||,|||,|||,|||,|||
110.93.207.170,110.93.207.170,00000000000000000000000000000000000000000000000000000000000000,|||,|||,|||,|||,|||,|||,|||,|||,|||,|||
70.83.203.1,70.83.203.1,00000000000000000000000000000000000000000000000000000000000000,|||,|||,|||,|||,|||,|||,|||,|||,|||,|||
70.44.158.105,70.44.158.105,00000000000000000000000000000000000000000000000000000000000000,|||,|||,|||,|||,|||,|||,|||,|||,|||,|||
70.83.233.27,70.83.233.27,00000000000000000000000000000000000000000000000000000000000000,|||,|||,|||,|||,|||,|||,|||,|||,|||,|||
68.79.27.10,68.79.27.10,00000000000000000000000000000000000000000000000000000000000000,|||,|||,|||,|||,|||,|||,|||,|||,|||,|||
70.18.15.119,70.18.15.119,00000000000000000000000000000000000000000000000000000000000000,|||,|||,|||,|||,|||,|||,|||,|||,|||,|||
69.75.59.2,69.75.59.2,00000000000000000000000000000000000000000000000000000000000000,|||,|||,|||,|||,|||,|||,|||,|||,|||,|||
69.75.14.26,69.75.14.26,00000000000000000000000000000000000000000000000000000000000000,|||,|||,|||,|||,|||,|||,|||,|||,|||,|||
106.13.162.142,106.13.162.142,00000000000000000000000000000000000000000000000000000000000000,|||,|||,|||,|||,|||,|||,|||,|||,|||,|||
103.150.113.250,103.150.113.250,2ad2ad16d2ad2ad22c2ad2ad2ad2adc7639a2c8ee8049d85e08031e30b69d9,c030|0303|http/1.1|ff01-000b-0023-0010,c030|0303|http/1.1|ff01-000b-0023-0010,009f|0303|http/1.1|ff01-0023-0010,c030|0303|http/1.1|ff01-000b-0023-0010,c030|0303|http/1.1|ff01-000b-0023-0010,c014|0302|http/1.1|ff01-000b-0023-0010,c030|0303|http/1.1|ff01-000b-0023-0010,c030|0303|http/1.1|ff01-000b-0023-0010,c030|0303|http/1.1|ff01-000b-0023-0010,c030|0303|http/1.1|ff01-000b-0023-0010
68.183.48.36,68.183.48.36,00000000000000000000000000000000000000000000000000000000000000,|||,|||,|||,|||,|||,|||,|||,|||,|||,|||
68.192.97.88,68.192.97.88,00000000000000000000000000000000000000000000000000000000000000,|||,|||,|||,|||,|||,|||,|||,|||,|||,|||
68.183.214.142,68.183.214.142,00000000000000000000000000000000000000000000000000000000000000,|||,|||,|||,|||,|||,|||,|||,|||,|||,|||
106.13.231.244,106.13.231.244,15d2ad16d29d29d00015d2ad15d29de42c379b290eebb47fc14746f97199ce,009e|0303|http/1.1|0000-ff01-0023-0010,c030|0303|http/1.1|0000-ff01-000b-0023-0010,009f|0303|http/1.1|0000-ff01-0023-0010,c02f|0303||0000-ff01-000b-0023,c02f|0303||0000-ff01-000b-0023,|||,009e|0303|http/1.1|0000-ff01-0023-0010,c030|0303|http/1.1|0000-ff01-000b-0023-0010,009e|0303|http/1.1|0000-ff01-0023-0010,c02f|0303|http/1.1|0000-ff01-000b-0023-0010
101.53.136.10,101.53.136.10,07d0bd0fd21d21d07c42d43d0000009424803a662b126a748cf4f90707a33c,0033|0303|http/1.1|ff01-0001-0023-0010-0017,003d|0303|http/1.1|ff01-0001-0023-0010-0017,006b|0303|http/1.1|ff01-0001-0023-0010-0017,c013|0303|http/1.1|ff01-0001-000b-0023-0010-0017,c013|0303|http/1.1|ff01-0001-000b-0023-0010-0017,0033|0302|http/1.1|ff01-0001-0023-0010-0017,1302|0303||002b-0033,1303|0303||002b-0033,|||,|||
110.39.187.18,110.39.187.18,00000000000000000000000000000000000000000000000000000000000000,|||,|||,|||,|||,|||,|||,|||,|||,|||,|||
110.36.210.164,110.36.210.164,00000000000000000000000000000000000000000000000000000000000000,|||,|||,|||,|||,|||,|||,|||,|||,|||,|||
103.66.74.164,103.66.74.164,0ad0ad0000ad0ad06c0ad0ad0ad0ad898ed0748554b5d9925df15eb7186a8a,003c|0303||0023-ff01,003c|0303||0023-ff01,|||,003c|0303||0023-ff01,003c|0303||0023-ff01,002f|0302||0023-ff01,003c|0303||0023-ff01,003c|0303||0023-ff01,003c|0303||0023-ff01,003c|0303||0023-ff01
107.150.126.151,107.150.126.151,00000000000000000000000000000000000000000000000000000000000000,|||,|||,|||,|||,|||,|||,|||,|||,|||,|||
68.183.81.123,68.183.81.123,00000000000000000000000000000000000000000000000000000000000000,|||,|||,|||,|||,|||,|||,|||,|||,|||,|||
71.6.232.6,71.6.232.6,00000000000000000000000000000000000000000000000000000000000000,|||,|||,|||,|||,|||,|||,|||,|||,|||,|||
103.252.7.190,103.252.7.190,26d26d16d26d26d22c26d26d26d26dfd9c9d14e4f4f67f94f0359f8b28f532,c028|0303||0017-ff01,c028|0303||0017-ff01,009f|0303||0017-ff01,c028|0303||0017-ff01,c028|0303||0017-ff01,c014|0302||0017-ff01,c028|0303||0017-ff01,c028|0303||0017-ff01,c028|0303||0017-ff01,c028|0303||0017-ff01
109.247.55.135,109.247.55.135,07d10d11d06d06d00007d10d07d06d9674c6b4e623ae36cc2d998e99e2262e,0033|0303||ff01-0023,0084|0303||ff01-0023,0088|0303||ff01-0023,002f|0303||ff01-0023,002f|0303||ff01-0023,|||,0033|0303||ff01-0023,0084|0303||ff01-0023,0033|0303||ff01-0023,002f|0303||ff01-0023
71.67.73.238,71.67.73.238,00000000000000000000000000000000000000000000000000000000000000,|||,|||,|||,|||,|||,|||,|||,|||,|||,|||
103.66.92.238,103.66.92.238,00000000000000000000000000000000000000000000000000000000000000,|||,|||,|||,|||,|||,|||,|||,|||,|||,|||
72.130.200.42,72.130.200.42,00000000000000000000000000000000000000000000000000000000000000,|||,|||,|||,|||,|||,|||,|||,|||,|||,|||
71.19.218.16,71.19.218.16,00000000000000000000000000000000000000000000000000000000000000,|||,|||,|||,|||,|||,|||,|||,|||,|||,|||
107.181.165.169,107.181.165.169,2ad2ad0002ad2ad0002ad2ad2ad2add726b76ff4b4d886863bfa16a2b2fc1e,c030|0303|hq|ff01-0000-000b-0023-0017-0010,c030|0303|http/0.9|ff01-0000-000b-0023-0017-0010,|||,c030|0303|http/0.9|ff01-0000-000b-0023-0017-0010,c030|0303|hq|ff01-0000-000b-0023-0017-0010,|||,c030|0303|hq|ff01-0000-000b-0023-0017-0010,c030|0303|http/0.9|ff01-0000-000b-0023-0017-0010,c030|0303|http/0.9|ff01-0000-000b-0023-0017-0010,c030|0303|hq|ff01-0000-000b-0023-0017-0010
107.150.127.188,107.150.127.188,00000000000000000000000000000000000000000000000000000000000000,|||,|||,|||,|||,|||,|||,|||,|||,|||,|||
70.37.83.220,70.37.83.220,00000000000000000000000000000000000000000000000000000000000000,|||,|||,|||,|||,|||,|||,|||,|||,|||,|||
110.228.69.39,110.228.69.39,00000000000000000000000000000000000000000000000000000000000000,|||,|||,|||,|||,|||,|||,|||,|||,|||,|||
70.68.186.68,70.68.186.68,00000000000000000000000000000000000000000000000000000000000000,|||,|||,|||,|||,|||,|||,|||,|||,|||,|||
71.183.76.68,71.183.76.68,00000000000000000000000000000000000000000000000000000000000000,|||,|||,|||,|||,|||,|||,|||,|||,|||,|||
71.47.41.188,71.47.41.188,00000000000000000000000000000000000000000000000000000000000000,|||,|||,|||,|||,|||,|||,|||,|||,|||,|||
71.183.191.13,71.183.191.13,00000000000000000000000000000000000000000000000000000000000000,|||,|||,|||,|||,|||,|||,|||,|||,|||,|||
103.48.192.174,103.48.192.174,21d19d00021d21d21c21d19d21d21d059809dd7be1e2c6159370363ef9c42b,c013|0303|h2|ff01-0001-000b-0023-0010-0017,00c0|0303|h2|ff01-0001-0023-0010-0017,|||,c013|0303||ff01-0001-000b-0023-0017,c013|0303||ff01-0001-000b-0023-0017,c013|0302|h2|ff01-0001-000b-0023-0010-0017,c013|0303|h2|ff01-0001-000b-0023-0010-0017,00c0|0303|h2|ff01-0001-0023-0010-0017,c013|0303|h2|ff01-0001-000b-0023-0010-0017,c013|0303|h2|ff01-0001-000b-0023-0010-0017
70.53.32.10,70.53.32.10,00000000000000000000000000000000000000000000000000000000000000,|||,|||,|||,|||,|||,|||,|||,|||,|||,|||
106.12.204.201,106.12.204.201,00000000000000000000000000000000000000000000000000000000000000,|||,|||,|||,|||,|||,|||,|||,|||,|||,|||
72.69.114.114,72.69.114.114,00000000000000000000000000000000000000000000000000000000000000,|||,|||,|||,|||,|||,|||,|||,|||,|||,|||
71.29.78.51,71.29.78.51,00000000000000000000000000000000000000000000000000000000000000,|||,|||,|||,|||,|||,|||,|||,|||,|||,|||
103.56.114.237,103.56.114.237,00000000000000000000000000000000000000000000000000000000000000,|||,|||,|||,|||,|||,|||,|||,|||,|||,|||
106.55.153.148,106.55.153.148,00000000000000000000000000000000000000000000000000000000000000,|||,|||,|||,|||,|||,|||,|||,|||,|||,|||
73.135.41.55,73.135.41.55,00000000000000000000000000000000000000000000000000000000000000,|||,|||,|||,|||,|||,|||,|||,|||,|||,|||
110.40.196.231,110.40.196.231,00000000000000000000000000000000000000000000000000000000000000,|||,|||,|||,|||,|||,|||,|||,|||,|||,|||
69.231.128.252,69.231.128.252,00000000000000000000000000000000000000000000000000000000000000,|||,|||,|||,|||,|||,|||,|||,|||,|||,|||
70.122.228.70,70.122.228.70,00000000000000000000000000000000000000000000000000000000000000,|||,|||,|||,|||,|||,|||,|||,|||,|||,|||
73.166.194.176,73.166.194.176,00000000000000000000000000000000000000000000000000000000000000,|||,|||,|||,|||,|||,|||,|||,|||,|||,|||
73.48.155.88,73.48.155.88,00000000000000000000000000000000000000000000000000000000000000,|||,|||,|||,|||,|||,|||,|||,|||,|||,|||
72.89.57.108,72.89.57.108,00000000000000000000000000000000000000000000000000000000000000,|||,|||,|||,|||,|||,|||,|||,|||,|||,|||
73.1.251.42,73.1.251.42,00000000000000000000000000000000000000000000000000000000000000,|||,|||,|||,|||,|||,|||,|||,|||,|||,|||
70.59.81.175,70.59.81.175,00000000000000000000000000000000000000000000000000000000000000,|||,|||,|||,|||,|||,|||,|||,|||,|||,|||
71.6.232.8,71.6.232.8,00000000000000000000000000000000000000000000000000000000000000,|||,|||,|||,|||,|||,|||,|||,|||,|||,|||
74.57.37.45,74.57.37.45,00000000000000000000000000000000000000000000000000000000000000,|||,|||,|||,|||,|||,|||,|||,|||,|||,|||
70.49.41.220,70.49.41.220,00000000000000000000000000000000000000000000000000000000000000,|||,|||,|||,|||,|||,|||,|||,|||,|||,|||
110.25.88.101,110.25.88.101,00000000000000000000000000000000000000000000000000000000000000,|||,|||,|||,|||,|||,|||,|||,|||,|||,|||
70.44.79.15,70.44.79.15,00000000000000000000000000000000000000000000000000000000000000,|||,|||,|||,|||,|||,|||,|||,|||,|||,|||
74.12.45.145,74.12.45.145,00000000000000000000000000000000000000000000000000000000000000,|||,|||,|||,|||,|||,|||,|||,|||,|||,|||
70.83.236.13,70.83.236.13,00000000000000000000000000000000000000000000000000000000000000,|||,|||,|||,|||,|||,|||,|||,|||,|||,|||
72.53.135.88,72.53.135.88,00000000000000000000000000000000000000000000000000000000000000,|||,|||,|||,|||,|||,|||,|||,|||,|||,|||
73.55.186.94,73.55.186.94,00000000000000000000000000000000000000000000000000000000000000,|||,|||,|||,|||,|||,|||,|||,|||,|||,|||
71.47.10.197,71.47.10.197,00000000000000000000000000000000000000000000000000000000000000,|||,|||,|||,|||,|||,|||,|||,|||,|||,|||
110.40.138.125,110.40.138.125,00000000000000000000000000000000000000000000000000000000000000,|||,|||,|||,|||,|||,|||,|||,|||,|||,|||
111.223.34.205,111.223.34.205,00000000000000000000000000000000000000000000000000000000000000,|||,|||,|||,|||,|||,|||,|||,|||,|||,|||
71.17.234.43,71.17.234.43,00000000000000000000000000000000000000000000000000000000000000,|||,|||,|||,|||,|||,|||,|||,|||,|||,|||
103.39.220.131,103.39.220.131,21d10d00021d21d21c21d10d21d21d3d0c2881a1a83f4b0b2042ad989c640f,c013|0303|http/1.1|0000-ff01-000b-0023-0010,0084|0303|http/1.1|0000-ff01-0023-0010,|||,c013|0303|http/1.0|0000-ff01-000b-0023-0010,c013|0303|http/1.0|0000-ff01-000b-0023-0010,c013|0302|http/1.1|0000-ff01-000b-0023-0010,c013|0303|http/1.1|0000-ff01-000b-0023-0010,0084|0303|http/1.1|0000-ff01-0023-0010,c013|0303|http/1.1|0000-ff01-000b-0023-0010,c013|0303|http/1.1|0000-ff01-000b-0023-0010
72.43.137.211,72.43.137.211,00000000000000000000000000000000000000000000000000000000000000,|||,|||,|||,|||,|||,|||,|||,|||,|||,|||
110.240.91.120,110.240.91.120,00000000000000000000000000000000000000000000000000000000000000,|||,|||,|||,|||,|||,|||,|||,|||,|||,|||
72.214.63.56,72.214.63.56,00000000000000000000000000000000000000000000000000000000000000,|||,|||,|||,|||,|||,|||,|||,|||,|||,|||
110.42.224.85,110.42.224.85,00000000000000000000000000000000000000000000000000000000000000,|||,|||,|||,|||,|||,|||,|||,|||,|||,|||
72.229.221.248,72.229.221.248,00000000000000000000000000000000000000000000000000000000000000,|||,|||,|||,|||,|||,|||,|||,|||,|||,|||
73.70.252.124,73.70.252.124,00000000000000000000000000000000000000000000000000000000000000,|||,|||,|||,|||,|||,|||,|||,|||,|||,|||
72.193.247.184,72.193.247.184,00000000000000000000000000000000000000000000000000000000000000,|||,|||,|||,|||,|||,|||,|||,|||,|||,|||
71.6.232.5,71.6.232.5,00000000000000000000000000000000000000000000000000000000000000,|||,|||,|||,|||,|||,|||,|||,|||,|||,|||
73.135.129.42,73.135.129.42,00000000000000000000000000000000000000000000000000000000000000,|||,|||,|||,|||,|||,|||,|||,|||,|||,|||
110.40.152.164,110.40.152.164,00000000000000000000000000000000000000000000000000000000000000,|||,|||,|||,|||,|||,|||,|||,|||,|||,|||
71.6.232.4,71.6.232.4,00000000000000000000000000000000000000000000000000000000000000,|||,|||,|||,|||,|||,|||,|||,|||,|||,|||
72.130.127.28,72.130.127.28,00000000000000000000000000000000000000000000000000000000000000,|||,|||,|||,|||,|||,|||,|||,|||,|||,|||
73.254.203.142,73.254.203.142,00000000000000000000000000000000000000000000000000000000000000,|||,|||,|||,|||,|||,|||,|||,|||,|||,|||
73.18.232.222,73.18.232.222,00000000000000000000000000000000000000000000000000000000000000,|||,|||,|||,|||,|||,|||,|||,|||,|||,|||
72.188.123.108,72.188.123.108,00000000000000000000000000000000000000000000000000000000000000,|||,|||,|||,|||,|||,|||,|||,|||,|||,|||
69.47.116.8,69.47.116.8,00000000000000000000000000000000000000000000000000000000000000,|||,|||,|||,|||,|||,|||,|||,|||,|||,|||
73.244.30.249,73.244.30.249,00000000000000000000000000000000000000000000000000000000000000,|||,|||,|||,|||,|||,|||,|||,|||,|||,|||
110.40.172.182,110.40.172.182,00000000000000000000000000000000000000000000000000000000000000,|||,|||,|||,|||,|||,|||,|||,|||,|||,|||
72.69.255.114,72.69.255.114,00000000000000000000000000000000000000000000000000000000000000,|||,|||,|||,|||,|||,|||,|||,|||,|||,|||
72.69.96.108,72.69.96.108,00000000000000000000000000000000000000000000000000000000000000,|||,|||,|||,|||,|||,|||,|||,|||,|||,|||
106.15.192.77,106.15.192.77,29d29d20d29d29d22c29d29d29d29d71eca4d2b736881571e98123f01ed268,c02f|0303|h2|0000-ff01-000b-0023-0010,c02f|0303|h2|0000-ff01-000b-0023-0010,c012|0303|h2|0000-ff01-000b-0023-0010,c02f|0303||0000-ff01-000b-0023,c02f|0303||0000-ff01-000b-0023,c014|0302|h2|0000-ff01-000b-0023-0010,c02f|0303|h2|0000-ff01-000b-0023-0010,c02f|0303|h2|0000-ff01-000b-0023-0010,c02f|0303|h2|0000-ff01-000b-0023-0010,c02f|0303|h2|0000-ff01-000b-0023-0010
106.15.1.170,106.15.1.170,05d10d20d21d20d05c05d10d05d20d74fcf6501ae7a92319e575bfafd2a827,0016|0303||ff01-0023,0084|0303||ff01-0023,c012|0303||ff01-000b-0023,c013|0303||ff01-000b-0023,c012|0303||ff01-000b-0023,0016|0302||ff01-0023,0016|0303||ff01-0023,0084|0303||ff01-0023,0016|0303||ff01-0023,c012|0303||ff01-000b-0023
106.14.169.164,106.14.169.164,29d29d20d29d29d22c29d29d29d29d8e917db1de9d33002d70770504a55ef7,c02f|0303|http/1.1|0000-ff01-000b-0023-0010,c02f|0303|http/1.1|0000-ff01-000b-0023-0010,c012|0303|http/1.1|0000-ff01-000b-0023-0010,c02f|0303||0000-ff01-000b-0023,c02f|0303||0000-ff01-000b-0023,c014|0302|http/1.1|0000-ff01-000b-0023-0010,c02f|0303|http/1.1|0000-ff01-000b-0023-0010,c02f|0303|http/1.1|0000-ff01-000b-0023-0010,c02f|0303|http/1.1|0000-ff01-000b-0023-0010,c02f|0303|http/1.1|0000-ff01-000b-0023-0010
72.82.157.23,72.82.157.23,00000000000000000000000000000000000000000000000000000000000000,|||,|||,|||,|||,|||,|||,|||,|||,|||,|||
88.247.211.219,88.247.211.219,00000000000000000000000000000000000000000000000000000000000000,|||,|||,|||,|||,|||,|||,|||,|||,|||,|||
73.71.218.199,73.71.218.199,00000000000000000000000000000000000000000000000000000000000000,|||,|||,|||,|||,|||,|||,|||,|||,|||,|||
73.45.148.182,73.45.148.182,00000000000000000000000000000000000000000000000000000000000000,|||,|||,|||,|||,|||,|||,|||,|||,|||,|||
73.252.112.232,73.252.112.232,00000000000000000000000000000000000000000000000000000000000000,|||,|||,|||,|||,|||,|||,|||,|||,|||,|||
104.248.149.216,104.248.149.216,20d14d20d21d20d00042d14d20d41ddcc832adca9a779dc66965afdb62ec7a,c012|0303|h2|0023-ff01-0010-000b,009d|0303|h2|0023-ff01-0010-000b,c012|0303|h2|0023-ff01-0010-000b,c013|0303||0023-ff01-000b,c012|0303||0023-ff01-000b,|||,1302|0303||002b-0033,009d|0303|h2|0023-ff01-0010-000b,c012|0303|h2|0023-ff01-0010-000b,1301|0303||002b-0033
104.248.150.53,104.248.150.53,00000000000000000000000000000000000000000000000000000000000000,|||,|||,|||,|||,|||,|||,|||,|||,|||,|||
108.5.57.26,108.5.57.26,00000000000000000000000000000000000000000000000000000000000000,|||,|||,|||,|||,|||,|||,|||,|||,|||,|||
110.42.247.20,110.42.247.20,00000000000000000000000000000000000000000000000000000000000000,|||,|||,|||,|||,|||,|||,|||,|||,|||,|||
106.3.45.253,106.3.45.253,04a02a00004a04a04a04a02a04a04a2bb1101b28b790bf5d9d4dcad463fdc2,000a|0300||ff01,0005|0300||ff01,|||,000a|0300||ff01,000a|0300||ff01,000a|0300||ff01,000a|0300||ff01,0005|0300||ff01,000a|0300||ff01,000a|0300||ff01
73.56.177.169,73.56.177.169,00000000000000000000000000000000000000000000000000000000000000,|||,|||,|||,|||,|||,|||,|||,|||,|||,|||
74.14.71.96,74.14.71.96,00000000000000000000000000000000000000000000000000000000000000,|||,|||,|||,|||,|||,|||,|||,|||,|||,|||
110.85.55.242,110.85.55.242,00000000000000000000000000000000000000000000000000000000000000,|||,|||,|||,|||,|||,|||,|||,|||,|||,|||
73.248.70.109,73.248.70.109,00000000000000000000000000000000000000000000000000000000000000,|||,|||,|||,|||,|||,|||,|||,|||,|||,|||
103.164.194.34,103.164.194.34,2ad2ad16d2ad2ad22c2ad2ad2ad2adc7639a2c8ee8049d85e08031e30b69d9,c030|0303|http/1.1|ff01-000b-0023-0010,c030|0303|http/1.1|ff01-000b-0023-0010,009f|0303|http/1.1|ff01-0023-0010,c030|0303|http/1.1|ff01-000b-0023-0010,c030|0303|http/1.1|ff01-000b-0023-0010,c014|0302|http/1.1|ff01-000b-0023-0010,c030|0303|http/1.1|ff01-000b-0023-0010,c030|0303|http/1.1|ff01-000b-0023-0010,c030|0303|http/1.1|ff01-000b-0023-0010,c030|0303|http/1.1|ff01-000b-0023-0010
73.177.33.133,73.177.33.133,00000000000000000000000000000000000000000000000000000000000000,|||,|||,|||,|||,|||,|||,|||,|||,|||,|||
106.12.58.162,106.12.58.162,00000000000000000000000000000000000000000000000000000000000000,|||,|||,|||,|||,|||,|||,|||,|||,|||,|||
111.200.216.55,111.200.216.55,00000000000000000000000000000000000000000000000000000000000000,|||,|||,|||,|||,|||,|||,|||,|||,|||,|||
110.42.175.90,110.42.175.90,00000000000000000000000000000000000000000000000000000000000000,|||,|||,|||,|||,|||,|||,|||,|||,|||,|||
110.42.194.42,110.42.194.42,00000000000000000000000000000000000000000000000000000000000000,|||,|||,|||,|||,|||,|||,|||,|||,|||,|||
110.42.191.41,110.42.191.41,00000000000000000000000000000000000000000000000000000000000000,|||,|||,|||,|||,|||,|||,|||,|||,|||,|||
110.42.141.185,110.42.141.185,00000000000000000000000000000000000000000000000000000000000000,|||,|||,|||,|||,|||,|||,|||,|||,|||,|||
103.213.249.72,103.213.249.72,00000000000000000000000000000000000000000000000000000000000000,|||,|||,|||,|||,|||,|||,|||,|||,|||,|||
74.207.224.107,74.207.224.107,00000000000000000000000000000000000000000000000000000000000000,|||,|||,|||,|||,|||,|||,|||,|||,|||,|||
62.234.89.176,62.234.89.176,29d29d00029d29d22c42d42d000000307ee0eb468e9fdb5cfcd698a80a67ef,c02f|0303|h2|ff01-0000-0001-000b-0023-0010-0017,c02f|0303|h2|ff01-0000-0001-000b-0023-0010-0017,|||,c02f|0303||ff01-0000-0001-000b-0023-0017,c02f|0303||ff01-0000-0001-000b-0023-0017,c014|0302|h2|ff01-0000-0001-000b-0023-0010-0017,1302|0303||002b-0033,1302|0303||002b-0033,|||,|||
106.12.49.141,106.12.49.141,00000000000000000000000000000000000000000000000000000000000000,|||,|||,|||,|||,|||,|||,|||,|||,|||,|||
106.39.93.45,106.39.93.45,05b02b09b04b04b05b05b02b05b04ba441f40918707087561e2af18cf76f0e,0016|0301||ff01-0023,0005|0301||ff01-0023,0039|0301||ff01-0023,000a|0301||ff01-0023,000a|0301||ff01-0023,0016|0301||ff01-0023,0016|0301||ff01-0023,0005|0301||ff01-0023,0016|0301||ff01-0023,000a|0301||ff01-0023
111.200.197.227,111.200.197.227,00000000000000000000000000000000000000000000000000000000000000,|||,|||,|||,|||,|||,|||,|||,|||,|||,|||
111.202.151.2,111.202.151.2,00000000000000000000000000000000000000000000000000000000000000,|||,|||,|||,|||,|||,|||,|||,|||,|||,|||
106.75.145.185,106.75.145.185,00000000000000000000000000000000000000000000000000000000000000,|||,|||,|||,|||,|||,|||,|||,|||,|||,|||
60.10.138.129,60.10.138.129,00000000000000000000000000000000000000000000000000000000000000,|||,|||,|||,|||,|||,|||,|||,|||,|||,|||
101.35.79.156,101.35.79.156,00000000000000000000000000000000000000000000000000000000000000,|||,|||,|||,|||,|||,|||,|||,|||,|||,|||
111.123.243.37,111.123.243.37,00000000000000000000000000000000000000000000000000000000000000,|||,|||,|||,|||,|||,|||,|||,|||,|||,|||
74.222.22.245,74.222.22.245,00000000000000000000000000000000000000000000000000000000000000,|||,|||,|||,|||,|||,|||,|||,|||,|||,|||
74.73.147.142,74.73.147.142,00000000000000000000000000000000000000000000000000000000000000,|||,|||,|||,|||,|||,|||,|||,|||,|||,|||
101.35.252.128,101.35.252.128,29d29d00029d29d22c29d29d29d29d881e59db99b9f67f908be168829ecef9,c02f|0303|http/1.1|ff01-000b-0023-0010,c02f|0303|http/1.1|ff01-000b-0023-0010,|||,c02f|0303||ff01-000b-0023,c02f|0303||ff01-000b-0023,c014|0302|http/1.1|ff01-000b-0023-0010,c02f|0303|http/1.1|ff01-000b-0023-0010,c02f|0303|http/1.1|ff01-000b-0023-0010,c02f|0303|http/1.1|ff01-000b-0023-0010,c02f|0303|http/1.1|ff01-000b-0023-0010
110.225.15.221,110.225.15.221,00000000000000000000000000000000000000000000000000000000000000,|||,|||,|||,|||,|||,|||,|||,|||,|||,|||
74.70.219.70,74.70.219.70,00000000000000000000000000000000000000000000000000000000000000,|||,|||,|||,|||,|||,|||,|||,|||,|||,|||
75.184.40.84,75.184.40.84,00000000000000000000000000000000000000000000000000000000000000,|||,|||,|||,|||,|||,|||,|||,|||,|||,|||
75.152.67.249,75.152.67.249,00000000000000000000000000000000000000000000000000000000000000,|||,|||,|||,|||,|||,|||,|||,|||,|||,|||
106.55.47.249,106.55.47.249,07d2ad16d21d21d07c07d2ad07d21d9b2f5869a6985368a9dec764186a9175,0033|0303||ff01-0017,c030|0303||ff01-0017,009f|0303||ff01-0017,c013|0303||ff01-0017,c013|0303||ff01-0017,0033|0302||ff01-0017,0033|0303||ff01-0017,c030|0303||ff01-0017,0033|0303||ff01-0017,c013|0303||ff01-0017
75.158.19.20,75.158.19.20,00000000000000000000000000000000000000000000000000000000000000,|||,|||,|||,|||,|||,|||,|||,|||,|||,|||
76.175.73.85,76.175.73.85,00000000000000000000000000000000000000000000000000000000000000,|||,|||,|||,|||,|||,|||,|||,|||,|||,|||
106.75.176.164,106.75.176.164,29d29d00029d29d22c29d29d29d29dc2ddcfd203d071c45b4b0ffe3d7b4b89,c02f|0303|http/1.1|ff01-0000-0001-000b-0023-0010-0017,c02f|0303|http/1.1|ff01-0000-0001-000b-0023-0010-0017,|||,c02f|0303||ff01-0000-0001-000b-0023-0017,c02f|0303||ff01-0000-0001-000b-0023-0017,c014|0302|http/1.1|ff01-0000-0001-000b-0023-0010-0017,c02f|0303|http/1.1|ff01-0000-0001-000b-0023-0010-0017,c02f|0303|http/1.1|ff01-0000-0001-000b-0023-0010-0017,c02f|0303|http/1.1|ff01-0000-0001-000b-0023-0010-0017,c02f|0303|http/1.1|ff01-0000-0001-000b-0023-0010-0017
76.166.166.73,76.166.166.73,00000000000000000000000000000000000000000000000000000000000000,|||,|||,|||,|||,|||,|||,|||,|||,|||,|||
76.175.134.221,76.175.134.221,00000000000000000000000000000000000000000000000000000000000000,|||,|||,|||,|||,|||,|||,|||,|||,|||,|||
106.12.174.94,106.12.174.94,3fd3fd0003fd3fd21c42d42d000000307ee0eb468e9fdb5cfcd698a80a67ef,cca8|0303|h2|ff01-0000-0001-000b-0023-0010-0017,cca8|0303|h2|ff01-0000-0001-000b-0023-0010-0017,|||,cca8|0303||ff01-0000-0001-000b-0023-0017,cca8|0303||ff01-0000-0001-000b-0023-0017,c013|0302|h2|ff01-0000-0001-000b-0023-0010-0017,1302|0303||002b-0033,1302|0303||002b-0033,|||,|||
76.170.135.139,76.170.135.139,00000000000000000000000000000000000000000000000000000000000000,|||,|||,|||,|||,|||,|||,|||,|||,|||,|||
76.180.108.208,76.180.108.208,00000000000000000000000000000000000000000000000000000000000000,|||,|||,|||,|||,|||,|||,|||,|||,|||,|||
106.15.230.36,106.15.230.36,29d29d20d29d29d22c29d29d29d29dfb5de881cc847e53e47fc6dd40b422b0,c02f|0303|http/1.1|ff01-0000-0001-000b-0023-0010-0017,c02f|0303|http/1.1|ff01-0000-0001-000b-0023-0010-0017,c012|0303|http/1.1|ff01-0000-0001-000b-0023-0010-0017,c02f|0303||ff01-0000-0001-000b-0023-0017,c02f|0303||ff01-0000-0001-000b-0023-0017,c014|0302|http/1.1|ff01-0000-0001-000b-0023-0010-0017,c02f|0303|http/1.1|ff01-0000-0001-000b-0023-0010-0017,c02f|0303|http/1.1|ff01-0000-0001-000b-0023-0010-0017,c02f|0303|http/1.1|ff01-0000-0001-000b-0023-0010-0017,c02f|0303|http/1.1|ff01-0000-0001-000b-0023-0010-0017
76.67.64.6,76.67.64.6,00000000000000000000000000000000000000000000000000000000000000,|||,|||,|||,|||,|||,|||,|||,|||,|||,|||
111.229.220.182,111.229.220.182,00000000000000000000000000000000000000000000000000000000000000,|||,|||,|||,|||,|||,|||,|||,|||,|||,|||
61.83.141.33,61.83.141.33,00000000000000000000000000000000000000000000000000000000000000,|||,|||,|||,|||,|||,|||,|||,|||,|||,|||
60.222.235.11,60.222.235.11,00000000000000000000000000000000000000000000000000000000000000,|||,|||,|||,|||,|||,|||,|||,|||,|||,|||
111.230.225.181,111.230.225.181,00000000000000000000000000000000000000000000000000000000000000,|||,|||,|||,|||,|||,|||,|||,|||,|||,|||
76.17.160.159,76.17.160.159,00000000000000000000000000000000000000000000000000000000000000,|||,|||,|||,|||,|||,|||,|||,|||,|||,|||
76.174.22.151,76.174.22.151,00000000000000000000000000000000000000000000000000000000000000,|||,|||,|||,|||,|||,|||,|||,|||,|||,|||
106.13.144.53,106.13.144.53,00000000000000000000000000000000000000000000000000000000000000,|||,|||,|||,|||,|||,|||,|||,|||,|||,|||
106.2.224.58,106.2.224.58,29d29d00029d29d21c41d41d000000f7be33a964d0daa97a97a8068db17dd3,c02f|0303|http/1.1|ff01-0001-000b-0023-0010-0017,c02f|0303|http/1.1|ff01-0001-000b-0023-0010-0017,|||,c02f|0303|http/1.1|ff01-0001-000b-0023-0010-0017,c02f|0303|http/1.1|ff01-0001-000b-0023-0010-0017,c013|0302|http/1.1|ff01-0001-000b-0023-0010-0017,1301|0303||002b-0033,1301|0303||002b-0033,|||,|||
110.42.202.173,110.42.202.173,00000000000000000000000000000000000000000000000000000000000000,|||,|||,|||,|||,|||,|||,|||,|||,|||,|||
76.31.143.160,76.31.143.160,00000000000000000000000000000000000000000000000000000000000000,|||,|||,|||,|||,|||,|||,|||,|||,|||,|||
76.26.103.138,76.26.103.138,00000000000000000000000000000000000000000000000000000000000000,|||,|||,|||,|||,|||,|||,|||,|||,|||,|||
76.79.115.190,76.79.115.190,00000000000000000000000000000000000000000000000000000000000000,|||,|||,|||,|||,|||,|||,|||,|||,|||,|||
104.163.136.151,104.163.136.151,07d10d11d06d06d07c07d10d07d06da441f40918707087561e2af18cf76f0e,0033|0303||ff01-0023,0084|0303||ff01-0023,0088|0303||ff01-0023,002f|0303||ff01-0023,002f|0303||ff01-0023,0033|0302||ff01-0023,0033|0303||ff01-0023,0084|0303||ff01-0023,0033|0303||ff01-0023,002f|0303||ff01-0023
76.177.173.139,76.177.173.139,00000000000000000000000000000000000000000000000000000000000000,|||,|||,|||,|||,|||,|||,|||,|||,|||,|||
76.171.162.218,76.171.162.218,00000000000000000000000000000000000000000000000000000000000000,|||,|||,|||,|||,|||,|||,|||,|||,|||,|||
75.142.220.129,75.142.220.129,00000000000000000000000000000000000000000000000000000000000000,|||,|||,|||,|||,|||,|||,|||,|||,|||,|||
111.229.248.161,111.229.248.161,00000000000000000000000000000000000000000000000000000000000000,|||,|||,|||,|||,|||,|||,|||,|||,|||,|||
112.197.138.207,112.197.138.207,00000000000000000000000000000000000000000000000000000000000000,|||,|||,|||,|||,|||,|||,|||,|||,|||,|||
76.71.139.91,76.71.139.91,00000000000000000000000000000000000000000000000000000000000000,|||,|||,|||,|||,|||,|||,|||,|||,|||,|||
75.72.124.166,75.72.124.166,00000000000000000000000000000000000000000000000000000000000000,|||,|||,|||,|||,|||,|||,|||,|||,|||,|||
74.68.48.24,74.68.48.24,00000000000000000000000000000000000000000000000000000000000000,|||,|||,|||,|||,|||,|||,|||,|||,|||,|||
74.82.47.51,74.82.47.51,00000000000000000000000000000000000000000000000000000000000000,|||,|||,|||,|||,|||,|||,|||,|||,|||,|||
112.124.58.231,112.124.58.231,00000000000000000000000000000000000000000000000000000000000000,|||,|||,|||,|||,|||,|||,|||,|||,|||,|||
75.127.11.52,75.127.11.52,00000000000000000000000000000000000000000000000000000000000000,|||,|||,|||,|||,|||,|||,|||,|||,|||,|||
77.48.20.25,77.48.20.25,00000000000000000000000000000000000000000000000000000000000000,|||,|||,|||,|||,|||,|||,|||,|||,|||,|||
111.2.190.207,111.2.190.207,00000000000000000000000000000000000000000000000000000000000000,|||,|||,|||,|||,|||,|||,|||,|||,|||,|||
106.75.51.177,106.75.51.177,00000000000000000000000000000000000000000000000000000000000000,|||,|||,|||,|||,|||,|||,|||,|||,|||,|||
106.201.237.10,106.201.237.10,2ad2ad16d00000022c2ad2ad2ad2adbc07bc352a188303b518c8a273c71220,c030|0303|h2|0010-0017-ff01,c030|0303|h2|0010-0017-ff01,009f|0303|h2|0010-0017-ff01,|||,|||,c014|0302|h2|0010-0017-ff01,c030|0303|h2|0010-0017-ff01,c030|0303|h2|0010-0017-ff01,c030|0303|h2|0010-0017-ff01,c030|0303|h2|0010-0017-ff01
111.73.46.209,111.73.46.209,00000000000000000000000000000000000000000000000000000000000000,|||,|||,|||,|||,|||,|||,|||,|||,|||,|||
71.36.174.174,71.36.174.174,00000000000000000000000000000000000000000000000000000000000000,|||,|||,|||,|||,|||,|||,|||,|||,|||,|||
60.6.218.251,60.6.218.251,00000000000000000000000000000000000000000000000000000000000000,|||,|||,|||,|||,|||,|||,|||,|||,|||,|||
103.136.2.18,103.136.2.18,00000000000000000000000000000000000000000000000000000000000000,|||,|||,|||,|||,|||,|||,|||,|||,|||,|||
110.40.157.70,110.40.157.70,00000000000000000000000000000000000000000000000000000000000000,|||,|||,|||,|||,|||,|||,|||,|||,|||,|||
110.42.162.160,110.42.162.160,00000000000000000000000000000000000000000000000000000000000000,|||,|||,|||,|||,|||,|||,|||,|||,|||,|||
110.40.196.199,110.40.196.199,00000000000000000000000000000000000000000000000000000000000000,|||,|||,|||,|||,|||,|||,|||,|||,|||,|||
106.201.238.227,106.201.238.227,00006b00000006b06b06b06b06b06b37dcde95e6a37f478b294ca889037f72,|||,002f|0301||0017-ff01,|||,|||,002f|0301||0017-ff01,002f|0301||0017-ff01,002f|0301||0017-ff01,002f|0301||0017-ff01,002f|0301||0017-ff01,002f|0301||0017-ff01
101.132.77.235,101.132.77.235,00000000000000000000000000000000000000000000000000000000000000,|||,|||,|||,|||,|||,|||,|||,|||,|||,|||
75.99.107.77,75.99.107.77,00000000000000000000000000000000000000000000000000000000000000,|||,|||,|||,|||,|||,|||,|||,|||,|||,|||
112.124.30.214,112.124.30.214,00000000000000000000000000000000000000000000000000000000000000,|||,|||,|||,|||,|||,|||,|||,|||,|||,|||
76.9.63.156,76.9.63.156,00000000000000000000000000000000000000000000000000000000000000,|||,|||,|||,|||,|||,|||,|||,|||,|||,|||
77.203.134.193,77.203.134.193,00000000000000000000000000000000000000000000000000000000000000,|||,|||,|||,|||,|||,|||,|||,|||,|||,|||
77.227.124.190,77.227.124.190,00000000000000000000000000000000000000000000000000000000000000,|||,|||,|||,|||,|||,|||,|||,|||,|||,|||
77.125.143.93,77.125.143.93,00000000000000000000000000000000000000000000000000000000000000,|||,|||,|||,|||,|||,|||,|||,|||,|||,|||
106.12.77.23,106.12.77.23,00000000000000000000000000000000000000000000000000000000000000,|||,|||,|||,|||,|||,|||,|||,|||,|||,|||
112.124.35.82,112.124.35.82,00000000000000000000000000000000000000000000000000000000000000,|||,|||,|||,|||,|||,|||,|||,|||,|||,|||
106.14.77.41,106.14.77.41,00000000000000000000000000000000000000000000000000000000000000,|||,|||,|||,|||,|||,|||,|||,|||,|||,|||
106.39.231.119,106.39.231.119,2ad2ad0002ad2ad22c2ad2ad2ad2adc2ddcfd203d071c45b4b0ffe3d7b4b89,c030|0303|http/1.1|ff01-0000-0001-000b-0023-0010-0017,c030|0303|http/1.1|ff01-0000-0001-000b-0023-0010-0017,|||,c030|0303||ff01-0000-0001-000b-0023-0017,c030|0303||ff01-0000-0001-000b-0023-0017,c014|0302|http/1.1|ff01-0000-0001-000b-0023-0010-0017,c030|0303|http/1.1|ff01-0000-0001-000b-0023-0010-0017,c030|0303|http/1.1|ff01-0000-0001-000b-0023-0010-0017,c030|0303|http/1.1|ff01-0000-0001-000b-0023-0010-0017,c030|0303|http/1.1|ff01-0000-0001-000b-0023-0010-0017
75.191.39.187,75.191.39.187,00000000000000000000000000000000000000000000000000000000000000,|||,|||,|||,|||,|||,|||,|||,|||,|||,|||
111.2.190.208,111.2.190.208,00000000000000000000000000000000000000000000000000000000000000,|||,|||,|||,|||,|||,|||,|||,|||,|||,|||
103.40.172.173,103.40.172.173,16d16d16d14d16d09c16d16d16d16da441f40918707087561e2af18cf76f0e,009f|0303||ff01-0023,009f|0303||ff01-0023,009f|0303||ff01-0023,009d|0303||ff01-0023,009f|0303||ff01-0023,0039|0302||ff01-0023,009f|0303||ff01-0023,009f|0303||ff01-0023,009f|0303||ff01-0023,009f|0303||ff01-0023
76.108.190.95,76.108.190.95,00000000000000000000000000000000000000000000000000000000000000,|||,|||,|||,|||,|||,|||,|||,|||,|||,|||
110.78.138.198,110.78.138.198,04b02b00004b04b04b04b02b04b04b5057778bc1f876930ff33abf7340c3f1,000a|0301||0000-0023,0005|0301||0000-0023,|||,000a|0301||0000-0023,000a|0301||0000-0023,000a|0301||0000-0023,000a|0301||0000-0023,0005|0301||0000-0023,000a|0301||0000-0023,000a|0301||0000-0023
112.125.90.20,112.125.90.20,00000000000000000000000000000000000000000000000000000000000000,|||,|||,|||,|||,|||,|||,|||,|||,|||,|||
110.77.147.114,110.77.147.114,00000000000000000000000000000000000000000000000000000000000000,|||,|||,|||,|||,|||,|||,|||,|||,|||,|||
106.54.153.203,106.54.153.203,2ad2ad16d2ad2ad22c2ad2ad2ad2ad47321614530b94a96fa03d06e666d6d6,c030|0303|http/1.1|ff01-000b-0023-0010,c030|0303|http/1.1|ff01-000b-0023-0010,009f|0303|http/1.1|ff01-0023-0010,c030|0303||ff01-000b-0023,c030|0303||ff01-000b-0023,c014|0302|http/1.1|ff01-000b-0023-0010,c030|0303|http/1.1|ff01-000b-0023-0010,c030|0303|http/1.1|ff01-000b-0023-0010,c030|0303|http/1.1|ff01-000b-0023-0010,c030|0303|http/1.1|ff01-000b-0023-0010
112.124.107.142,112.124.107.142,00000000000000000000000000000000000000000000000000000000000000,|||,|||,|||,|||,|||,|||,|||,|||,|||,|||
61.133.218.202,61.133.218.202,09b09b09b08b09b09b09b09b09b09ba441f40918707087561e2af18cf76f0e,0039|0301||ff01-0023,0039|0301||ff01-0023,0039|0301||ff01-0023,0035|0301||ff01-0023,0039|0301||ff01-0023,0039|0301||ff01-0023,0039|0301||ff01-0023,0039|0301||ff01-0023,0039|0301||ff01-0023,0039|0301||ff01-0023
111.229.243.23,111.229.243.23,00000000000000000000000000000000000000000000000000000000000000,|||,|||,|||,|||,|||,|||,|||,|||,|||,|||
75.84.23.230,75.84.23.230,00000000000000000000000000000000000000000000000000000000000000,|||,|||,|||,|||,|||,|||,|||,|||,|||,|||
78.84.216.49,78.84.216.49,00000000000000000000000000000000000000000000000000000000000000,|||,|||,|||,|||,|||,|||,|||,|||,|||,|||
106.12.216.56,106.12.216.56,00000000000000000000000000000000000000000000000000000000000000,|||,|||,|||,|||,|||,|||,|||,|||,|||,|||
112.140.30.93,112.140.30.93,00000000000000000000000000000000000000000000000000000000000000,|||,|||,|||,|||,|||,|||,|||,|||,|||,|||
112.24.104.60,112.24.104.60,00000000000000000000000000000000000000000000000000000000000000,|||,|||,|||,|||,|||,|||,|||,|||,|||,|||
112.118.161.39,112.118.161.39,00000000000000000000000000000000000000000000000000000000000000,|||,|||,|||,|||,|||,|||,|||,|||,|||,|||
106.52.252.106,106.52.252.106,00000000000000000000000000000000000000000000000000000000000000,|||,|||,|||,|||,|||,|||,|||,|||,|||,|||
78.85.48.93,78.85.48.93,00000000000000000000000000000000000000000000000000000000000000,|||,|||,|||,|||,|||,|||,|||,|||,|||,|||
112.74.52.43,112.74.52.43,00000000000000000000000000000000000000000000000000000000000000,|||,|||,|||,|||,|||,|||,|||,|||,|||,|||
84.210.177.6,84.210.177.6,00000000000000000000000000000000000000000000000000000000000000,|||,|||,|||,|||,|||,|||,|||,|||,|||,|||
112.168.17.217,112.168.17.217,00000000000000000000000000000000000000000000000000000000000000,|||,|||,|||,|||,|||,|||,|||,|||,|||,|||
77.227.129.90,77.227.129.90,00000000000000000000000000000000000000000000000000000000000000,|||,|||,|||,|||,|||,|||,|||,|||,|||,|||
110.49.74.82,110.49.74.82,2ad2ad16d2ad2ad00042d42d000000a0d14c559c674ff8857d4e511e7563d1,c030|0303|http/1.1|ff01-0001-000b-0010-0017,c030|0303|http/1.1|ff01-0001-000b-0010-0017,009f|0303|http/1.1|ff01-0001-0010-0017,c030|0303|http/1.1|ff01-0001-000b-0010-0017,c030|0303|http/1.1|ff01-0001-000b-0010-0017,|||,1302|0303||002b-0033,1302|0303||002b-0033,|||,|||
112.167.229.237,112.167.229.237,00000000000000000000000000000000000000000000000000000000000000,|||,|||,|||,|||,|||,|||,|||,|||,|||,|||
112.160.96.116,112.160.96.116,00000000000000000000000000000000000000000000000000000000000000,|||,|||,|||,|||,|||,|||,|||,|||,|||,|||
112.124.39.204,112.124.39.204,00000000000000000000000000000000000000000000000000000000000000,|||,|||,|||,|||,|||,|||,|||,|||,|||,|||
112.163.19.251,112.163.19.251,00000000000000000000000000000000000000000000000000000000000000,|||,|||,|||,|||,|||,|||,|||,|||,|||,|||
77.72.250.18,77.72.250.18,00000000000000000000000000000000000000000000000000000000000000,|||,|||,|||,|||,|||,|||,|||,|||,|||,|||
106.12.92.135,106.12.92.135,3fd3fd20d3fd3fd21c42d42d0000000f0f2ea251d805c4640f820a3394a07a,cca8|0303|h2|ff01-0000-0001-000b-0023-0010-0017,cca8|0303|h2|ff01-0000-0001-000b-0023-0010-0017,c012|0303|h2|ff01-0000-0001-000b-0023-0010-0017,cca8|0303||ff01-0000-0001-000b-0023-0017,cca8|0303||ff01-0000-0001-000b-0023-0017,c013|0302|h2|ff01-0000-0001-000b-0023-0010-0017,1302|0303||002b-0033,1302|0303||002b-0033,|||,|||
112.94.161.92,112.94.161.92,00000000000000000000000000000000000000000000000000000000000000,|||,|||,|||,|||,|||,|||,|||,|||,|||,|||
112.124.67.210,112.124.67.210,00000000000000000000000000000000000000000000000000000000000000,|||,|||,|||,|||,|||,|||,|||,|||,|||,|||
112.157.149.12,112.157.149.12,00000000000000000000000000000000000000000000000000000000000000,|||,|||,|||,|||,|||,|||,|||,|||,|||,|||
60.222.235.135,60.222.235.135,00000000000000000000000000000000000000000000000000000000000000,|||,|||,|||,|||,|||,|||,|||,|||,|||,|||
112.223.87.42,112.223.87.42,00000000000000000000000000000000000000000000000000000000000000,|||,|||,|||,|||,|||,|||,|||,|||,|||,|||
103.42.78.197,103.42.78.197,21d10d00021d21d21c21d10d21d21dfa4f2d467cfc282d8a9029b2af1af43b,c013|0303|http/1.1|0000-ff01-000b-0023-0010,0084|0303|http/1.1|0000-ff01-0023-0010,|||,c013|0303||0000-ff01-000b-0023,c013|0303||0000-ff01-000b-0023,c013|0302|http/1.1|0000-ff01-000b-0023-0010,c013|0303|http/1.1|0000-ff01-000b-0023-0010,0084|0303|http/1.1|0000-ff01-0023-0010,c013|0303|http/1.1|0000-ff01-000b-0023-0010,c013|0303|http/1.1|0000-ff01-000b-0023-0010
112.80.39.180,112.80.39.180,00000000000000000000000000000000000000000000000000000000000000,|||,|||,|||,|||,|||,|||,|||,|||,|||,|||
79.115.171.58,79.115.171.58,00000000000000000000000000000000000000000000000000000000000000,|||,|||,|||,|||,|||,|||,|||,|||,|||,|||
112.216.191.162,112.216.191.162,00000000000000000000000000000000000000000000000000000000000000,|||,|||,|||,|||,|||,|||,|||,|||,|||,|||
106.15.43.230,106.15.43.230,29d29d00029d29d22a29d29d29d29df61db3c685625c8d4f3458af03549468,c02f|0303|http/1.1|0000-ff01-000b-0023-0010,c02f|0303|http/1.1|0000-ff01-000b-0023-0010,|||,c02f|0303||0000-ff01-000b-0023,c02f|0303||0000-ff01-000b-0023,c014|0300|http/1.1|0000-ff01-000b-0010,c02f|0303|http/1.1|0000-ff01-000b-0023-0010,c02f|0303|http/1.1|0000-ff01-000b-0023-0010,c02f|0303|http/1.1|0000-ff01-000b-0023-0010,c02f|0303|http/1.1|0000-ff01-000b-0023-0010
77.138.150.29,77.138.150.29,00000000000000000000000000000000000000000000000000000000000000,|||,|||,|||,|||,|||,|||,|||,|||,|||,|||
77.39.15.237,77.39.15.237,00000000000000000000000000000000000000000000000000000000000000,|||,|||,|||,|||,|||,|||,|||,|||,|||,|||
76.9.63.214,76.9.63.214,00000000000000000000000000000000000000000000000000000000000000,|||,|||,|||,|||,|||,|||,|||,|||,|||,|||
111.229.22.243,111.229.22.243,00000000000000000000000000000000000000000000000000000000000000,|||,|||,|||,|||,|||,|||,|||,|||,|||,|||
106.12.39.62,106.12.39.62,29d29d20d29d29d22c29d29d29d29dfb5de881cc847e53e47fc6dd40b422b0,c02f|0303|http/1.1|ff01-0000-0001-000b-0023-0010-0017,c02f|0303|http/1.1|ff01-0000-0001-000b-0023-0010-0017,c012|0303|http/1.1|ff01-0000-0001-000b-0023-0010-0017,c02f|0303||ff01-0000-0001-000b-0023-0017,c02f|0303||ff01-0000-0001-000b-0023-0017,c014|0302|http/1.1|ff01-0000-0001-000b-0023-0010-0017,c02f|0303|http/1.1|ff01-0000-0001-000b-0023-0010-0017,c02f|0303|http/1.1|ff01-0000-0001-000b-0023-0010-0017,c02f|0303|http/1.1|ff01-0000-0001-000b-0023-0010-0017,c02f|0303|http/1.1|ff01-0000-0001-000b-0023-0010-0017
78.37.40.192,78.37.40.192,00000000000000000000000000000000000000000000000000000000000000,|||,|||,|||,|||,|||,|||,|||,|||,|||,|||
78.108.38.158,78.108.38.158,00000000000000000000000000000000000000000000000000000000000000,|||,|||,|||,|||,|||,|||,|||,|||,|||,|||
47.107.84.131,47.107.84.131,00000000000000000000000000000000000000000000000000000000000000,|||,|||,|||,|||,|||,|||,|||,|||,|||,|||
101.34.155.52,101.34.155.52,00000000000000000000000000000000000000000000000000000000000000,|||,|||,|||,|||,|||,|||,|||,|||,|||,|||
77.247.110.184,77.247.110.184,00000000000000000000000000000000000000000000000000000000000000,|||,|||,|||,|||,|||,|||,|||,|||,|||,|||
113.215.39.233,113.215.39.233,00000000000000000000000000000000000000000000000000000000000000,|||,|||,|||,|||,|||,|||,|||,|||,|||,|||
112.74.61.252,112.74.61.252,00000000000000000000000000000000000000000000000000000000000000,|||,|||,|||,|||,|||,|||,|||,|||,|||,|||
79.178.108.245,79.178.108.245,00000000000000000000000000000000000000000000000000000000000000,|||,|||,|||,|||,|||,|||,|||,|||,|||,|||
79.142.95.10,79.142.95.10,00000000000000000000000000000000000000000000000000000000000000,|||,|||,|||,|||,|||,|||,|||,|||,|||,|||
78.68.7.244,78.68.7.244,00000000000000000000000000000000000000000000000000000000000000,|||,|||,|||,|||,|||,|||,|||,|||,|||,|||
78.133.45.206,78.133.45.206,00000000000000000000000000000000000000000000000000000000000000,|||,|||,|||,|||,|||,|||,|||,|||,|||,|||
78.187.102.160,78.187.102.160,00000000000000000000000000000000000000000000000000000000000000,|||,|||,|||,|||,|||,|||,|||,|||,|||,|||
79.114.121.242,79.114.121.242,00000000000000000000000000000000000000000000000000000000000000,|||,|||,|||,|||,|||,|||,|||,|||,|||,|||
112.4.97.91,112.4.97.91,00000000000000000000000000000000000000000000000000000000000000,|||,|||,|||,|||,|||,|||,|||,|||,|||,|||
77.238.120.20,77.238.120.20,00000000000000000000000000000000000000000000000000000000000000,|||,|||,|||,|||,|||,|||,|||,|||,|||,|||
79.78.254.40,79.78.254.40,00000000000000000000000000000000000000000000000000000000000000,|||,|||,|||,|||,|||,|||,|||,|||,|||,|||
79.183.247.119,79.183.247.119,00000000000000000000000000000000000000000000000000000000000000,|||,|||,|||,|||,|||,|||,|||,|||,|||,|||
77.247.110.108,77.247.110.108,00000000000000000000000000000000000000000000000000000000000000,|||,|||,|||,|||,|||,|||,|||,|||,|||,|||
113.141.29.162,113.141.29.162,00000000000000000000000000000000000000000000000000000000000000,|||,|||,|||,|||,|||,|||,|||,|||,|||,|||
77.98.70.136,77.98.70.136,00000000000000000000000000000000000000000000000000000000000000,|||,|||,|||,|||,|||,|||,|||,|||,|||,|||
78.85.139.142,78.85.139.142,00000000000000000000000000000000000000000000000000000000000000,|||,|||,|||,|||,|||,|||,|||,|||,|||,|||
79.182.53.248,79.182.53.248,00000000000000000000000000000000000000000000000000000000000000,|||,|||,|||,|||,|||,|||,|||,|||,|||,|||
77.38.182.45,77.38.182.45,00000000000000000000000000000000000000000000000000000000000000,|||,|||,|||,|||,|||,|||,|||,|||,|||,|||
78.157.43.148,78.157.43.148,00000000000000000000000000000000000000000000000000000000000000,|||,|||,|||,|||,|||,|||,|||,|||,|||,|||
79.11.192.131,79.11.192.131,00000000000000000000000000000000000000000000000000000000000000,|||,|||,|||,|||,|||,|||,|||,|||,|||,|||
80.255.3.66,80.255.3.66,00000000000000000000000000000000000000000000000000000000000000,|||,|||,|||,|||,|||,|||,|||,|||,|||,|||
77.81.21.249,77.81.21.249,00000000000000000000000000000000000000000000000000000000000000,|||,|||,|||,|||,|||,|||,|||,|||,|||,|||
78.36.196.213,78.36.196.213,00000000000000000000000000000000000000000000000000000000000000,|||,|||,|||,|||,|||,|||,|||,|||,|||,|||
81.198.24.139,81.198.24.139,00000000000000000000000000000000000000000000000000000000000000,|||,|||,|||,|||,|||,|||,|||,|||,|||,|||
79.10.45.67,79.10.45.67,00000000000000000000000000000000000000000000000000000000000000,|||,|||,|||,|||,|||,|||,|||,|||,|||,|||
79.135.66.156,79.135.66.156,00000000000000000000000000000000000000000000000000000000000000,|||,|||,|||,|||,|||,|||,|||,|||,|||,|||
79.179.214.92,79.179.214.92,00000000000000000000000000000000000000000000000000000000000000,|||,|||,|||,|||,|||,|||,|||,|||,|||,|||
81.170.226.120,81.170.226.120,00000000000000000000000000000000000000000000000000000000000000,|||,|||,|||,|||,|||,|||,|||,|||,|||,|||
77.30.106.95,77.30.106.95,00000000000000000000000000000000000000000000000000000000000000,|||,|||,|||,|||,|||,|||,|||,|||,|||,|||
77.91.194.210,77.91.194.210,00000000000000000000000000000000000000000000000000000000000000,|||,|||,|||,|||,|||,|||,|||,|||,|||,|||
80.82.77.227,80.82.77.227,00000000000000000000000000000000000000000000000000000000000000,|||,|||,|||,|||,|||,|||,|||,|||,|||,|||
112.74.83.220,112.74.83.220,00000000000000000000000000000000000000000000000000000000000000,|||,|||,|||,|||,|||,|||,|||,|||,|||,|||
78.201.104.153,78.201.104.153,00000000000000000000000000000000000000000000000000000000000000,|||,|||,|||,|||,|||,|||,|||,|||,|||,|||
81.17.30.204,81.17.30.204,00000000000000000000000000000000000000000000000000000000000000,|||,|||,|||,|||,|||,|||,|||,|||,|||,|||
80.82.77.193,80.82.77.193,00000000000000000000000000000000000000000000000000000000000000,|||,|||,|||,|||,|||,|||,|||,|||,|||,|||
81.10.59.117,81.10.59.117,00000000000000000000000000000000000000000000000000000000000000,|||,|||,|||,|||,|||,|||,|||,|||,|||,|||
78.128.113.250,78.128.113.250,00000000000000000000000000000000000000000000000000000000000000,|||,|||,|||,|||,|||,|||,|||,|||,|||,|||
80.82.77.144,80.82.77.144,00000000000000000000000000000000000000000000000000000000000000,|||,|||,|||,|||,|||,|||,|||,|||,|||,|||
79.143.180.97,79.143.180.97,00000000000000000000000000000000000000000000000000000000000000,|||,|||,|||,|||,|||,|||,|||,|||,|||,|||
77.89.232.70,77.89.232.70,00000000000000000000000000000000000000000000000000000000000000,|||,|||,|||,|||,|||,|||,|||,|||,|||,|||
77.78.204.44,77.78.204.44,00000000000000000000000000000000000000000000000000000000000000,|||,|||,|||,|||,|||,|||,|||,|||,|||,|||
78.135.85.108,78.135.85.108,00000000000000000000000000000000000000000000000000000000000000,|||,|||,|||,|||,|||,|||,|||,|||,|||,|||
78.96.115.133,78.96.115.133,00000000000000000000000000000000000000000000000000000000000000,|||,|||,|||,|||,|||,|||,|||,|||,|||,|||
81.68.164.184,81.68.164.184,00000000000000000000000000000000000000000000000000000000000000,|||,|||,|||,|||,|||,|||,|||,|||,|||,|||
113.200.51.222,113.200.51.222,00000000000000000000000000000000000000000000000000000000000000,|||,|||,|||,|||,|||,|||,|||,|||,|||,|||
80.141.113.98,80.141.113.98,00000000000000000000000000000000000000000000000000000000000000,|||,|||,|||,|||,|||,|||,|||,|||,|||,|||
80.95.250.158,80.95.250.158,00000000000000000000000000000000000000000000000000000000000000,|||,|||,|||,|||,|||,|||,|||,|||,|||,|||
78.187.175.152,78.187.175.152,00000000000000000000000000000000000000000000000000000000000000,|||,|||,|||,|||,|||,|||,|||,|||,|||,|||
81.214.28.30,81.214.28.30,00000000000000000000000000000000000000000000000000000000000000,|||,|||,|||,|||,|||,|||,|||,|||,|||,|||
77.45.40.132,77.45.40.132,00000000000000000000000000000000000000000000000000000000000000,|||,|||,|||,|||,|||,|||,|||,|||,|||,|||
81.209.147.5,81.209.147.5,00000000000000000000000000000000000000000000000000000000000000,|||,|||,|||,|||,|||,|||,|||,|||,|||,|||
78.186.171.25,78.186.171.25,00000000000000000000000000000000000000000000000000000000000000,|||,|||,|||,|||,|||,|||,|||,|||,|||,|||
78.188.180.139,78.188.180.139,00000000000000000000000000000000000000000000000000000000000000,|||,|||,|||,|||,|||,|||,|||,|||,|||,|||
78.189.177.29,78.189.177.29,00000000000000000000000000000000000000000000000000000000000000,|||,|||,|||,|||,|||,|||,|||,|||,|||,|||
80.82.78.100,80.82.78.100,00000000000000000000000000000000000000000000000000000000000000,|||,|||,|||,|||,|||,|||,|||,|||,|||,|||
78.108.177.54,78.108.177.54,00000000000000000000000000000000000000000000000000000000000000,|||,|||,|||,|||,|||,|||,|||,|||,|||,|||
81.217.35.111,81.217.35.111,00000000000000000000000000000000000000000000000000000000000000,|||,|||,|||,|||,|||,|||,|||,|||,|||,|||
81.237.110.42,81.237.110.42,00000000000000000000000000000000000000000000000000000000000000,|||,|||,|||,|||,|||,|||,|||,|||,|||,|||
110.80.137.227,110.80.137.227,00000000000000000000000000000000000000000000000000000000000000,|||,|||,|||,|||,|||,|||,|||,|||,|||,|||
81.135.115.254,81.135.115.254,00000000000000000000000000000000000000000000000000000000000000,|||,|||,|||,|||,|||,|||,|||,|||,|||,|||
114.116.54.125,114.116.54.125,00000000000000000000000000000000000000000000000000000000000000,|||,|||,|||,|||,|||,|||,|||,|||,|||,|||
78.186.248.243,78.186.248.243,00000000000000000000000000000000000000000000000000000000000000,|||,|||,|||,|||,|||,|||,|||,|||,|||,|||
82.148.17.31,82.148.17.31,00000000000000000000000000000000000000000000000000000000000000,|||,|||,|||,|||,|||,|||,|||,|||,|||,|||
80.82.77.192,80.82.77.192,00000000000000000000000000000000000000000000000000000000000000,|||,|||,|||,|||,|||,|||,|||,|||,|||,|||
78.85.136.40,78.85.136.40,00000000000000000000000000000000000000000000000000000000000000,|||,|||,|||,|||,|||,|||,|||,|||,|||,|||
81.68.93.97,81.68.93.97,00000000000000000000000000000000000000000000000000000000000000,|||,|||,|||,|||,|||,|||,|||,|||,|||,|||
81.10.19.229,81.10.19.229,00000000000000000000000000000000000000000000000000000000000000,|||,|||,|||,|||,|||,|||,|||,|||,|||,|||
82.151.123.148,82.151.123.148,00000000000000000000000000000000000000000000000000000000000000,|||,|||,|||,|||,|||,|||,|||,|||,|||,|||
80.82.77.5,80.82.77.5,00000000000000000000000000000000000000000000000000000000000000,|||,|||,|||,|||,|||,|||,|||,|||,|||,|||
82.133.19.74,82.133.19.74,00000000000000000000000000000000000000000000000000000000000000,|||,|||,|||,|||,|||,|||,|||,|||,|||,|||
81.94.252.103,81.94.252.103,00000000000000000000000000000000000000000000000000000000000000,|||,|||,|||,|||,|||,|||,|||,|||,|||,|||
80.243.150.11,80.243.150.11,00000000000000000000000000000000000000000000000000000000000000,|||,|||,|||,|||,|||,|||,|||,|||,|||,|||
80.107.17.248,80.107.17.248,00000000000000000000000000000000000000000000000000000000000000,|||,|||,|||,|||,|||,|||,|||,|||,|||,|||
112.170.113.211,112.170.113.211,00000000000000000000000000000000000000000000000000000000000000,|||,|||,|||,|||,|||,|||,|||,|||,|||,|||
81.68.239.55,81.68.239.55,00000000000000000000000000000000000000000000000000000000000000,|||,|||,|||,|||,|||,|||,|||,|||,|||,|||
81.68.128.49,81.68.128.49,00000000000000000000000000000000000000000000000000000000000000,|||,|||,|||,|||,|||,|||,|||,|||,|||,|||
81.182.17.236,81.182.17.236,00000000000000000000000000000000000000000000000000000000000000,|||,|||,|||,|||,|||,|||,|||,|||,|||,|||
81.214.248.240,81.214.248.240,00000000000000000000000000000000000000000000000000000000000000,|||,|||,|||,|||,|||,|||,|||,|||,|||,|||
106.13.96.71,106.13.96.71,00000000000000000000000000000000000000000000000000000000000000,|||,|||,|||,|||,|||,|||,|||,|||,|||,|||
81.68.179.56,81.68.179.56,00000000000000000000000000000000000000000000000000000000000000,|||,|||,|||,|||,|||,|||,|||,|||,|||,|||
81.70.161.101,81.70.161.101,00000000000000000000000000000000000000000000000000000000000000,|||,|||,|||,|||,|||,|||,|||,|||,|||,|||
82.102.127.26,82.102.127.26,00000000000000000000000000000000000000000000000000000000000000,|||,|||,|||,|||,|||,|||,|||,|||,|||,|||
101.34.155.42,101.34.155.42,00000000000000000000000000000000000000000000000000000000000000,|||,|||,|||,|||,|||,|||,|||,|||,|||,|||
81.70.169.46,81.70.169.46,00000000000000000000000000000000000000000000000000000000000000,|||,|||,|||,|||,|||,|||,|||,|||,|||,|||
81.70.218.133,81.70.218.133,00000000000000000000000000000000000000000000000000000000000000,|||,|||,|||,|||,|||,|||,|||,|||,|||,|||
113.240.227.123,113.240.227.123,00000000000000000000000000000000000000000000000000000000000000,|||,|||,|||,|||,|||,|||,|||,|||,|||,|||
81.68.205.27,81.68.205.27,00000000000000000000000000000000000000000000000000000000000000,|||,|||,|||,|||,|||,|||,|||,|||,|||,|||
106.12.160.126,106.12.160.126,07d2ad16d21d21d00042d41d00041d47e4e0ae17960b2a5b4fd6107fbb0926,0033|0303||0001-0017-ff01,c030|0303||0001-0017-ff01,009f|0303||0001-0017-ff01,c013|0303||0001-0017-ff01,c013|0303||0001-0017-ff01,|||,1302|0303||002b-002c-0033,1301|0303||002b-002c-0033,|||,1301|0303||002b-002c-0033
81.70.53.59,81.70.53.59,00000000000000000000000000000000000000000000000000000000000000,|||,|||,|||,|||,|||,|||,|||,|||,|||,|||
82.151.125.97,82.151.125.97,00000000000000000000000000000000000000000000000000000000000000,|||,|||,|||,|||,|||,|||,|||,|||,|||,|||
112.160.3.4,112.160.3.4,00000000000000000000000000000000000000000000000000000000000000,|||,|||,|||,|||,|||,|||,|||,|||,|||,|||
80.251.144.16,80.251.144.16,00000000000000000000000000000000000000000000000000000000000000,|||,|||,|||,|||,|||,|||,|||,|||,|||,|||
79.124.62.78,79.124.62.78,00000000000000000000000000000000000000000000000000000000000000,|||,|||,|||,|||,|||,|||,|||,|||,|||,|||
113.247.223.37,113.247.223.37,00000000000000000000000000000000000000000000000000000000000000,|||,|||,|||,|||,|||,|||,|||,|||,|||,|||
81.69.245.62,81.69.245.62,00000000000000000000000000000000000000000000000000000000000000,|||,|||,|||,|||,|||,|||,|||,|||,|||,|||
103.66.217.169,103.66.217.169,3fd3fd0003fd3fd21c42d42d000000307ee0eb468e9fdb5cfcd698a80a67ef,cca8|0303|h2|ff01-0000-0001-000b-0023-0010-0017,cca8|0303|h2|ff01-0000-0001-000b-0023-0010-0017,|||,cca8|0303||ff01-0000-0001-000b-0023-0017,cca8|0303||ff01-0000-0001-000b-0023-0017,c013|0302|h2|ff01-0000-0001-000b-0023-0010-0017,1302|0303||002b-0033,1302|0303||002b-0033,|||,|||
82.157.65.14,82.157.65.14,00000000000000000000000000000000000000000000000000000000000000,|||,|||,|||,|||,|||,|||,|||,|||,|||,|||
80.100.130.70,80.100.130.70,00000000000000000000000000000000000000000000000000000000000000,|||,|||,|||,|||,|||,|||,|||,|||,|||,|||
112.245.17.70,112.245.17.70,2ad2ad20d2ad2ad22c2ad2ad2ad2ad8e917db1de9d33002d70770504a55ef7,c030|0303|http/1.1|0000-ff01-000b-0023-0010,c030|0303|http/1.1|0000-ff01-000b-0023-0010,c012|0303|http/1.1|0000-ff01-000b-0023-0010,c030|0303||0000-ff01-000b-0023,c030|0303||0000-ff01-000b-0023,c014|0302|http/1.1|0000-ff01-000b-0023-0010,c030|0303|http/1.1|0000-ff01-000b-0023-0010,c030|0303|http/1.1|0000-ff01-000b-0023-0010,c030|0303|http/1.1|0000-ff01-000b-0023-0010,c030|0303|http/1.1|0000-ff01-000b-0023-0010
112.126.63.99,112.126.63.99,00000000000000000000000000000000000000000000000000000000000000,|||,|||,|||,|||,|||,|||,|||,|||,|||,|||
113.131.200.16,113.131.200.16,00000000000000000000000000000000000000000000000000000000000000,|||,|||,|||,|||,|||,|||,|||,|||,|||,|||
113.254.20.180,113.254.20.180,00000000000000000000000000000000000000000000000000000000000000,|||,|||,|||,|||,|||,|||,|||,|||,|||,|||
81.68.119.17,81.68.119.17,00000000000000000000000000000000000000000000000000000000000000,|||,|||,|||,|||,|||,|||,|||,|||,|||,|||
78.186.11.107,78.186.11.107,00000000000000000000000000000000000000000000000000000000000000,|||,|||,|||,|||,|||,|||,|||,|||,|||,|||
81.68.188.228,81.68.188.228,00000000000000000000000000000000000000000000000000000000000000,|||,|||,|||,|||,|||,|||,|||,|||,|||,|||
81.220.4.47,81.220.4.47,00000000000000000000000000000000000000000000000000000000000000,|||,|||,|||,|||,|||,|||,|||,|||,|||,|||
78.188.113.50,78.188.113.50,00000000000000000000000000000000000000000000000000000000000000,|||,|||,|||,|||,|||,|||,|||,|||,|||,|||
81.215.251.230,81.215.251.230,00000000000000000000000000000000000000000000000000000000000000,|||,|||,|||,|||,|||,|||,|||,|||,|||,|||
114.132.200.136,114.132.200.136,00000000000000000000000000000000000000000000000000000000000000,|||,|||,|||,|||,|||,|||,|||,|||,|||,|||
78.184.188.207,78.184.188.207,00000000000000000000000000000000000000000000000000000000000000,|||,|||,|||,|||,|||,|||,|||,|||,|||,|||
113.176.123.43,113.176.123.43,00000000000000000000000000000000000000000000000000000000000000,|||,|||,|||,|||,|||,|||,|||,|||,|||,|||
113.160.145.191,113.160.145.191,00000000000000000000000000000000000000000000000000000000000000,|||,|||,|||,|||,|||,|||,|||,|||,|||,|||
114.215.43.198,114.215.43.198,00000000000000000000000000000000000000000000000000000000000000,|||,|||,|||,|||,|||,|||,|||,|||,|||,|||
114.117.202.74,114.117.202.74,00000000000000000000000000000000000000000000000000000000000000,|||,|||,|||,|||,|||,|||,|||,|||,|||,|||
81.69.220.102,81.69.220.102,00000000000000000000000000000000000000000000000000000000000000,|||,|||,|||,|||,|||,|||,|||,|||,|||,|||
114.215.210.134,114.215.210.134,00000000000000000000000000000000000000000000000000000000000000,|||,|||,|||,|||,|||,|||,|||,|||,|||,|||
80.254.46.248,80.254.46.248,00000000000000000000000000000000000000000000000000000000000000,|||,|||,|||,|||,|||,|||,|||,|||,|||,|||
81.68.171.253,81.68.171.253,00000000000000000000000000000000000000000000000000000000000000,|||,|||,|||,|||,|||,|||,|||,|||,|||,|||
82.156.10.41,82.156.10.41,00000000000000000000000000000000000000000000000000000000000000,|||,|||,|||,|||,|||,|||,|||,|||,|||,|||
80.82.77.245,80.82.77.245,00000000000000000000000000000000000000000000000000000000000000,|||,|||,|||,|||,|||,|||,|||,|||,|||,|||
82.157.147.144,82.157.147.144,00000000000000000000000000000000000000000000000000000000000000,|||,|||,|||,|||,|||,|||,|||,|||,|||,|||
82.157.139.178,82.157.139.178,00000000000000000000000000000000000000000000000000000000000000,|||,|||,|||,|||,|||,|||,|||,|||,|||,|||
114.116.232.223,114.116.232.223,00000000000000000000000000000000000000000000000000000000000000,|||,|||,|||,|||,|||,|||,|||,|||,|||,|||
114.132.44.71,114.132.44.71,00000000000000000000000000000000000000000000000000000000000000,|||,|||,|||,|||,|||,|||,|||,|||,|||,|||
79.69.243.20,79.69.243.20,00000000000000000000000000000000000000000000000000000000000000,|||,|||,|||,|||,|||,|||,|||,|||,|||,|||
81.70.3.91,81.70.3.91,00000000000000000000000000000000000000000000000000000000000000,|||,|||,|||,|||,|||,|||,|||,|||,|||,|||
114.215.196.190,114.215.196.190,00000000000000000000000000000000000000000000000000000000000000,|||,|||,|||,|||,|||,|||,|||,|||,|||,|||
47.112.155.133,47.112.155.133,00000000000000000000000000000000000000000000000000000000000000,|||,|||,|||,|||,|||,|||,|||,|||,|||,|||
114.64.236.131,114.64.236.131,00000000000000000000000000000000000000000000000000000000000000,|||,|||,|||,|||,|||,|||,|||,|||,|||,|||
110.40.198.137,110.40.198.137,29d29d00029d29d22c29d29d29d29d6a7bd8f51d54bfc07e1cd34e5ca50bb3,c02f|0303|http/1.1|0000-ff01-000b-0023-0010,c02f|0303|http/1.1|0000-ff01-000b-0023-0010,|||,c02f|0303||0000-ff01-000b-0023,c02f|0303||0000-ff01-000b-0023,c014|0302|http/1.1|0000-ff01-000b-0023-0010,c02f|0303|http/1.1|0000-ff01-000b-0023-0010,c02f|0303|http/1.1|0000-ff01-000b-0023-0010,c02f|0303|http/1.1|0000-ff01-000b-0023-0010,c02f|0303|http/1.1|0000-ff01-000b-0023-0010
80.252.150.66,80.252.150.66,00000000000000000000000000000000000000000000000000000000000000,|||,|||,|||,|||,|||,|||,|||,|||,|||,|||
114.215.177.141,114.215.177.141,00000000000000000000000000000000000000000000000000000000000000,|||,|||,|||,|||,|||,|||,|||,|||,|||,|||
114.108.137.92,114.108.137.92,00000000000000000000000000000000000000000000000000000000000000,|||,|||,|||,|||,|||,|||,|||,|||,|||,|||
82.157.172.180,82.157.172.180,00000000000000000000000000000000000000000000000000000000000000,|||,|||,|||,|||,|||,|||,|||,|||,|||,|||
114.206.239.86,114.206.239.86,00000000000000000000000000000000000000000000000000000000000000,|||,|||,|||,|||,|||,|||,|||,|||,|||,|||
81.68.162.120,81.68.162.120,00000000000000000000000000000000000000000000000000000000000000,|||,|||,|||,|||,|||,|||,|||,|||,|||,|||
114.55.32.218,114.55.32.218,00000000000000000000000000000000000000000000000000000000000000,|||,|||,|||,|||,|||,|||,|||,|||,|||,|||
81.70.101.27,81.70.101.27,00000000000000000000000000000000000000000000000000000000000000,|||,|||,|||,|||,|||,|||,|||,|||,|||,|||
114.132.224.32,114.132.224.32,00000000000000000000000000000000000000000000000000000000000000,|||,|||,|||,|||,|||,|||,|||,|||,|||,|||
114.215.176.72,114.215.176.72,00000000000000000000000000000000000000000000000000000000000000,|||,|||,|||,|||,|||,|||,|||,|||,|||,|||
114.55.168.68,114.55.168.68,00000000000000000000000000000000000000000000000000000000000000,|||,|||,|||,|||,|||,|||,|||,|||,|||,|||
114.55.25.31,114.55.25.31,00000000000000000000000000000000000000000000000000000000000000,|||,|||,|||,|||,|||,|||,|||,|||,|||,|||
114.55.179.228,114.55.179.228,00000000000000000000000000000000000000000000000000000000000000,|||,|||,|||,|||,|||,|||,|||,|||,|||,|||
114.207.203.245,114.207.203.245,00000000000000000000000000000000000000000000000000000000000000,|||,|||,|||,|||,|||,|||,|||,|||,|||,|||
114.132.40.209,114.132.40.209,00000000000000000000000000000000000000000000000000000000000000,|||,|||,|||,|||,|||,|||,|||,|||,|||,|||
114.67.168.186,114.67.168.186,00000000000000000000000000000000000000000000000000000000000000,|||,|||,|||,|||,|||,|||,|||,|||,|||,|||
82.65.36.8,82.65.36.8,00000000000000000000000000000000000000000000000000000000000000,|||,|||,|||,|||,|||,|||,|||,|||,|||,|||
82.156.207.164,82.156.207.164,00000000000000000000000000000000000000000000000000000000000000,|||,|||,|||,|||,|||,|||,|||,|||,|||,|||
112.186.177.7,112.186.177.7,00000000000000000000000000000000000000000000000000000000000000,|||,|||,|||,|||,|||,|||,|||,|||,|||,|||
114.116.44.77,114.116.44.77,00000000000000000000000000000000000000000000000000000000000000,|||,|||,|||,|||,|||,|||,|||,|||,|||,|||
115.242.134.34,115.242.134.34,00000000000000000000000000000000000000000000000000000000000000,|||,|||,|||,|||,|||,|||,|||,|||,|||,|||
114.215.180.220,114.215.180.220,00000000000000000000000000000000000000000000000000000000000000,|||,|||,|||,|||,|||,|||,|||,|||,|||,|||
114.55.105.164,114.55.105.164,00000000000000000000000000000000000000000000000000000000000000,|||,|||,|||,|||,|||,|||,|||,|||,|||,|||
82.80.176.23,82.80.176.23,00000000000000000000000000000000000000000000000000000000000000,|||,|||,|||,|||,|||,|||,|||,|||,|||,|||
114.55.67.234,114.55.67.234,00000000000000000000000000000000000000000000000000000000000000,|||,|||,|||,|||,|||,|||,|||,|||,|||,|||
83.139.6.104,83.139.6.104,00000000000000000000000000000000000000000000000000000000000000,|||,|||,|||,|||,|||,|||,|||,|||,|||,|||
114.201.228.147,114.201.228.147,00000000000000000000000000000000000000000000000000000000000000,|||,|||,|||,|||,|||,|||,|||,|||,|||,|||
84.229.31.30,84.229.31.30,00000000000000000000000000000000000000000000000000000000000000,|||,|||,|||,|||,|||,|||,|||,|||,|||,|||
114.55.125.29,114.55.125.29,00000000000000000000000000000000000000000000000000000000000000,|||,|||,|||,|||,|||,|||,|||,|||,|||,|||
83.209.130.119,83.209.130.119,00000000000000000000000000000000000000000000000000000000000000,|||,|||,|||,|||,|||,|||,|||,|||,|||,|||
114.215.139.240,114.215.139.240,00000000000000000000000000000000000000000000000000000000000000,|||,|||,|||,|||,|||,|||,|||,|||,|||,|||
114.55.238.234,114.55.238.234,00000000000000000000000000000000000000000000000000000000000000,|||,|||,|||,|||,|||,|||,|||,|||,|||,|||
114.67.115.205,114.67.115.205,00000000000000000000000000000000000000000000000000000000000000,|||,|||,|||,|||,|||,|||,|||,|||,|||,|||
81.70.159.14,81.70.159.14,00000000000000000000000000000000000000000000000000000000000000,|||,|||,|||,|||,|||,|||,|||,|||,|||,|||
114.55.24.72,114.55.24.72,00000000000000000000000000000000000000000000000000000000000000,|||,|||,|||,|||,|||,|||,|||,|||,|||,|||
82.199.96.193,82.199.96.193,00000000000000000000000000000000000000000000000000000000000000,|||,|||,|||,|||,|||,|||,|||,|||,|||,|||
81.68.235.206,81.68.235.206,00000000000000000000000000000000000000000000000000000000000000,|||,|||,|||,|||,|||,|||,|||,|||,|||,|||
82.194.57.221,82.194.57.221,00000000000000000000000000000000000000000000000000000000000000,|||,|||,|||,|||,|||,|||,|||,|||,|||,|||
81.70.135.118,81.70.135.118,00000000000000000000000000000000000000000000000000000000000000,|||,|||,|||,|||,|||,|||,|||,|||,|||,|||
114.55.167.80,114.55.167.80,00000000000000000000000000000000000000000000000000000000000000,|||,|||,|||,|||,|||,|||,|||,|||,|||,|||
82.157.97.118,82.157.97.118,00000000000000000000000000000000000000000000000000000000000000,|||,|||,|||,|||,|||,|||,|||,|||,|||,|||
83.134.200.50,83.134.200.50,00000000000000000000000000000000000000000000000000000000000000,|||,|||,|||,|||,|||,|||,|||,|||,|||,|||
82.64.87.88,82.64.87.88,00000000000000000000000000000000000000000000000000000000000000,|||,|||,|||,|||,|||,|||,|||,|||,|||,|||
83.140.74.77,83.140.74.77,00000000000000000000000000000000000000000000000000000000000000,|||,|||,|||,|||,|||,|||,|||,|||,|||,|||
83.233.139.198,83.233.139.198,00000000000000000000000000000000000000000000000000000000000000,|||,|||,|||,|||,|||,|||,|||,|||,|||,|||
83.110.6.62,83.110.6.62,00000000000000000000000000000000000000000000000000000000000000,|||,|||,|||,|||,|||,|||,|||,|||,|||,|||
81.69.42.107,81.69.42.107,00000000000000000000000000000000000000000000000000000000000000,|||,|||,|||,|||,|||,|||,|||,|||,|||,|||
83.142.140.102,83.142.140.102,00000000000000000000000000000000000000000000000000000000000000,|||,|||,|||,|||,|||,|||,|||,|||,|||,|||
113.160.223.227,113.160.223.227,00000000000000000000000000000000000000000000000000000000000000,|||,|||,|||,|||,|||,|||,|||,|||,|||,|||
84.205.228.1,84.205.228.1,00000000000000000000000000000000000000000000000000000000000000,|||,|||,|||,|||,|||,|||,|||,|||,|||,|||
114.29.105.13,114.29.105.13,00000000000000000000000000000000000000000000000000000000000000,|||,|||,|||,|||,|||,|||,|||,|||,|||,|||
83.49.67.101,83.49.67.101,00000000000000000000000000000000000000000000000000000000000000,|||,|||,|||,|||,|||,|||,|||,|||,|||,|||
82.78.190.71,82.78.190.71,00000000000000000000000000000000000000000000000000000000000000,|||,|||,|||,|||,|||,|||,|||,|||,|||,|||
83.136.114.154,83.136.114.154,00000000000000000000000000000000000000000000000000000000000000,|||,|||,|||,|||,|||,|||,|||,|||,|||,|||
114.55.4.73,114.55.4.73,00000000000000000000000000000000000000000000000000000000000000,|||,|||,|||,|||,|||,|||,|||,|||,|||,|||
111.62.52.212,111.62.52.212,00000000000000000000000000000000000000000000000000000000000000,|||,|||,|||,|||,|||,|||,|||,|||,|||,|||
116.131.32.226,116.131.32.226,00000000000000000000000000000000000000000000000000000000000000,|||,|||,|||,|||,|||,|||,|||,|||,|||,|||
82.156.164.118,82.156.164.118,00000000000000000000000000000000000000000000000000000000000000,|||,|||,|||,|||,|||,|||,|||,|||,|||,|||
114.34.52.217,114.34.52.217,00000000000000000000000000000000000000000000000000000000000000,|||,|||,|||,|||,|||,|||,|||,|||,|||,|||
109.206.245.225,109.206.245.225,00000000000000000000000000000000000000000000000000000000000000,|||,|||,|||,|||,|||,|||,|||,|||,|||,|||
81.71.123.169,81.71.123.169,00000000000000000000000000000000000000000000000000000000000000,|||,|||,|||,|||,|||,|||,|||,|||,|||,|||
116.131.12.198,116.131.12.198,00000000000000000000000000000000000000000000000000000000000000,|||,|||,|||,|||,|||,|||,|||,|||,|||,|||
114.32.252.200,114.32.252.200,00000000000000000000000000000000000000000000000000000000000000,|||,|||,|||,|||,|||,|||,|||,|||,|||,|||
81.68.68.75,81.68.68.75,00000000000000000000000000000000000000000000000000000000000000,|||,|||,|||,|||,|||,|||,|||,|||,|||,|||
113.199.49.7,113.199.49.7,00000000000000000000000000000000000000000000000000000000000000,|||,|||,|||,|||,|||,|||,|||,|||,|||,|||
114.215.208.22,114.215.208.22,00000000000000000000000000000000000000000000000000000000000000,|||,|||,|||,|||,|||,|||,|||,|||,|||,|||
114.26.5.37,114.26.5.37,00000000000000000000000000000000000000000000000000000000000000,|||,|||,|||,|||,|||,|||,|||,|||,|||,|||
83.248.16.244,83.248.16.244,00000000000000000000000000000000000000000000000000000000000000,|||,|||,|||,|||,|||,|||,|||,|||,|||,|||
114.118.3.130,114.118.3.130,00000000000000000000000000000000000000000000000000000000000000,|||,|||,|||,|||,|||,|||,|||,|||,|||,|||
115.238.133.162,115.238.133.162,00000000000000000000000000000000000000000000000000000000000000,|||,|||,|||,|||,|||,|||,|||,|||,|||,|||
85.202.169.252,85.202.169.252,00000000000000000000000000000000000000000000000000000000000000,|||,|||,|||,|||,|||,|||,|||,|||,|||,|||
84.110.49.60,84.110.49.60,00000000000000000000000000000000000000000000000000000000000000,|||,|||,|||,|||,|||,|||,|||,|||,|||,|||
84.240.202.43,84.240.202.43,00000000000000000000000000000000000000000000000000000000000000,|||,|||,|||,|||,|||,|||,|||,|||,|||,|||
82.80.253.7,82.80.253.7,00000000000000000000000000000000000000000000000000000000000000,|||,|||,|||,|||,|||,|||,|||,|||,|||,|||
83.143.206.41,83.143.206.41,00000000000000000000000000000000000000000000000000000000000000,|||,|||,|||,|||,|||,|||,|||,|||,|||,|||
84.110.49.58,84.110.49.58,00000000000000000000000000000000000000000000000000000000000000,|||,|||,|||,|||,|||,|||,|||,|||,|||,|||
85.105.73.16,85.105.73.16,00000000000000000000000000000000000000000000000000000000000000,|||,|||,|||,|||,|||,|||,|||,|||,|||,|||
84.119.6.147,84.119.6.147,00000000000000000000000000000000000000000000000000000000000000,|||,|||,|||,|||,|||,|||,|||,|||,|||,|||
114.34.196.243,114.34.196.243,00000000000000000000000000000000000000000000000000000000000000,|||,|||,|||,|||,|||,|||,|||,|||,|||,|||
84.19.89.42,84.19.89.42,00000000000000000000000000000000000000000000000000000000000000,|||,|||,|||,|||,|||,|||,|||,|||,|||,|||
82.209.130.45,82.209.130.45,00000000000000000000000000000000000000000000000000000000000000,|||,|||,|||,|||,|||,|||,|||,|||,|||,|||
85.202.169.102,85.202.169.102,00000000000000000000000000000000000000000000000000000000000000,|||,|||,|||,|||,|||,|||,|||,|||,|||,|||
85.164.29.217,85.164.29.217,00000000000000000000000000000000000000000000000000000000000000,|||,|||,|||,|||,|||,|||,|||,|||,|||,|||
85.202.168.37,85.202.168.37,00000000000000000000000000000000000000000000000000000000000000,|||,|||,|||,|||,|||,|||,|||,|||,|||,|||
83.252.34.64,83.252.34.64,00000000000000000000000000000000000000000000000000000000000000,|||,|||,|||,|||,|||,|||,|||,|||,|||,|||
84.39.188.235,84.39.188.235,00000000000000000000000000000000000000000000000000000000000000,|||,|||,|||,|||,|||,|||,|||,|||,|||,|||
116.71.133.133,116.71.133.133,00000000000000000000000000000000000000000000000000000000000000,|||,|||,|||,|||,|||,|||,|||,|||,|||,|||
112.74.172.216,112.74.172.216,2ad2ad0002ad2ad22c2ad2ad2ad2adc2ddcfd203d071c45b4b0ffe3d7b4b89,c030|0303|http/1.1|ff01-0000-0001-000b-0023-0010-0017,c030|0303|http/1.1|ff01-0000-0001-000b-0023-0010-0017,|||,c030|0303||ff01-0000-0001-000b-0023-0017,c030|0303||ff01-0000-0001-000b-0023-0017,c014|0302|http/1.1|ff01-0000-0001-000b-0023-0010-0017,c030|0303|http/1.1|ff01-0000-0001-000b-0023-0010-0017,c030|0303|http/1.1|ff01-0000-0001-000b-0023-0010-0017,c030|0303|http/1.1|ff01-0000-0001-000b-0023-0010-0017,c030|0303|http/1.1|ff01-0000-0001-000b-0023-0010-0017
114.134.187.236,114.134.187.236,2ad2ad16d2ad2ad22c2ad2ad2ad2adc7639a2c8ee8049d85e08031e30b69d9,c030|0303|http/1.1|ff01-000b-0023-0010,c030|0303|http/1.1|ff01-000b-0023-0010,009f|0303|http/1.1|ff01-0023-0010,c030|0303|http/1.1|ff01-000b-0023-0010,c030|0303|http/1.1|ff01-000b-0023-0010,c014|0302|http/1.1|ff01-000b-0023-0010,c030|0303|http/1.1|ff01-000b-0023-0010,c030|0303|http/1.1|ff01-000b-0023-0010,c030|0303|http/1.1|ff01-000b-0023-0010,c030|0303|http/1.1|ff01-000b-0023-0010
115.29.203.138,115.29.203.138,00000000000000000000000000000000000000000000000000000000000000,|||,|||,|||,|||,|||,|||,|||,|||,|||,|||
116.58.254.139,116.58.254.139,00000000000000000000000000000000000000000000000000000000000000,|||,|||,|||,|||,|||,|||,|||,|||,|||,|||
116.236.222.106,116.236.222.106,00000000000000000000000000000000000000000000000000000000000000,|||,|||,|||,|||,|||,|||,|||,|||,|||,|||
84.54.180.17,84.54.180.17,00000000000000000000000000000000000000000000000000000000000000,|||,|||,|||,|||,|||,|||,|||,|||,|||,|||
85.224.71.160,85.224.71.160,00000000000000000000000000000000000000000000000000000000000000,|||,|||,|||,|||,|||,|||,|||,|||,|||,|||
85.243.61.172,85.243.61.172,00000000000000000000000000000000000000000000000000000000000000,|||,|||,|||,|||,|||,|||,|||,|||,|||,|||
115.231.24.250,115.231.24.250,00000000000000000000000000000000000000000000000000000000000000,|||,|||,|||,|||,|||,|||,|||,|||,|||,|||
115.75.8.111,115.75.8.111,00000000000000000000000000000000000000000000000000000000000000,|||,|||,|||,|||,|||,|||,|||,|||,|||,|||
114.32.32.77,114.32.32.77,00000000000000000000000000000000000000000000000000000000000000,|||,|||,|||,|||,|||,|||,|||,|||,|||,|||
86.99.204.182,86.99.204.182,00000000000000000000000000000000000000000000000000000000000000,|||,|||,|||,|||,|||,|||,|||,|||,|||,|||
113.142.72.2,113.142.72.2,06d14d00006d06d06c06d14d06d06d2bb1101b28b790bf5d9d4dcad463fdc2,002f|0303||ff01,009d|0303||ff01,|||,002f|0303||ff01,002f|0303||ff01,002f|0302||ff01,002f|0303||ff01,009d|0303||ff01,002f|0303||ff01,002f|0303||ff01
114.33.13.181,114.33.13.181,00000000000000000000000000000000000000000000000000000000000000,|||,|||,|||,|||,|||,|||,|||,|||,|||,|||
114.33.97.221,114.33.97.221,00000000000000000000000000000000000000000000000000000000000000,|||,|||,|||,|||,|||,|||,|||,|||,|||,|||
114.35.52.89,114.35.52.89,00000000000000000000000000000000000000000000000000000000000000,|||,|||,|||,|||,|||,|||,|||,|||,|||,|||
112.78.1.38,112.78.1.38,3fd3fd15d3fd3fd21c3fd3fd3fd3fdc110bab2c0a19e5d4e587c17ce497b15,cca8|0303|http/1.1|ff01-0001-000b-0023-0010-0017,cca8|0303|http/1.1|ff01-0001-000b-0023-0010-0017,009e|0303|http/1.1|ff01-0001-0023-0010-0017,cca8|0303||ff01-0001-000b-0023-0017,cca8|0303||ff01-0001-000b-0023-0017,c013|0302|http/1.1|ff01-0001-000b-0023-0010-0017,cca8|0303|http/1.1|ff01-0001-000b-0023-0010-0017,cca8|0303|http/1.1|ff01-0001-000b-0023-0010-0017,cca8|0303|http/1.1|ff01-0001-000b-0023-0010-0017,cca8|0303|http/1.1|ff01-0001-000b-0023-0010-0017
114.33.173.124,114.33.173.124,00000000000000000000000000000000000000000000000000000000000000,|||,|||,|||,|||,|||,|||,|||,|||,|||,|||
85.10.40.24,85.10.40.24,00000000000000000000000000000000000000000000000000000000000000,|||,|||,|||,|||,|||,|||,|||,|||,|||,|||
85.93.207.109,85.93.207.109,00000000000000000000000000000000000000000000000000000000000000,|||,|||,|||,|||,|||,|||,|||,|||,|||,|||
115.28.107.232,115.28.107.232,00000000000000000000000000000000000000000000000000000000000000,|||,|||,|||,|||,|||,|||,|||,|||,|||,|||
114.33.83.28,114.33.83.28,00000000000000000000000000000000000000000000000000000000000000,|||,|||,|||,|||,|||,|||,|||,|||,|||,|||
113.200.185.58,113.200.185.58,2ad2ad16d2ad2ad0002ad2ad2ad2ad17cc48fc117f8e3e771ff13ba31eeaf8,c030|0303||ff01-0000-0001-000b-0023-0017,c030|0303||ff01-0000-0001-000b-0023-0017,009f|0303||ff01-0000-0001-0023-0017,c030|0303||ff01-0000-0001-000b-0023-0017,c030|0303||ff01-0000-0001-000b-0023-0017,|||,c030|0303||ff01-0000-0001-000b-0023-0017,c030|0303||ff01-0000-0001-000b-0023-0017,c030|0303||ff01-0000-0001-000b-0023-0017,c030|0303||ff01-0000-0001-000b-0023-0017
83.218.116.2,83.218.116.2,00000000000000000000000000000000000000000000000000000000000000,|||,|||,|||,|||,|||,|||,|||,|||,|||,|||
85.100.27.171,85.100.27.171,00000000000000000000000000000000000000000000000000000000000000,|||,|||,|||,|||,|||,|||,|||,|||,|||,|||
114.33.154.194,114.33.154.194,00000000000000000000000000000000000000000000000000000000000000,|||,|||,|||,|||,|||,|||,|||,|||,|||,|||
85.228.250.216,85.228.250.216,00000000000000000000000000000000000000000000000000000000000000,|||,|||,|||,|||,|||,|||,|||,|||,|||,|||
85.106.5.108,85.106.5.108,00000000000000000000000000000000000000000000000000000000000000,|||,|||,|||,|||,|||,|||,|||,|||,|||,|||
85.132.79.170,85.132.79.170,00000000000000000000000000000000000000000000000000000000000000,|||,|||,|||,|||,|||,|||,|||,|||,|||,|||
82.98.145.140,82.98.145.140,00000000000000000000000000000000000000000000000000000000000000,|||,|||,|||,|||,|||,|||,|||,|||,|||,|||
87.110.10.168,87.110.10.168,00000000000000000000000000000000000000000000000000000000000000,|||,|||,|||,|||,|||,|||,|||,|||,|||,|||
86.190.102.240,86.190.102.240,00000000000000000000000000000000000000000000000000000000000000,|||,|||,|||,|||,|||,|||,|||,|||,|||,|||
115.182.90.3,115.182.90.3,00000000000000000000000000000000000000000000000000000000000000,|||,|||,|||,|||,|||,|||,|||,|||,|||,|||
114.33.73.232,114.33.73.232,00000000000000000000000000000000000000000000000000000000000000,|||,|||,|||,|||,|||,|||,|||,|||,|||,|||
114.33.160.73,114.33.160.73,00000000000000000000000000000000000000000000000000000000000000,|||,|||,|||,|||,|||,|||,|||,|||,|||,|||
114.33.7.203,114.33.7.203,00000000000000000000000000000000000000000000000000000000000000,|||,|||,|||,|||,|||,|||,|||,|||,|||,|||
83.144.189.163,83.144.189.163,00000000000000000000000000000000000000000000000000000000000000,|||,|||,|||,|||,|||,|||,|||,|||,|||,|||
85.64.226.161,85.64.226.161,00000000000000000000000000000000000000000000000000000000000000,|||,|||,|||,|||,|||,|||,|||,|||,|||,|||
86.142.113.68,86.142.113.68,00000000000000000000000000000000000000000000000000000000000000,|||,|||,|||,|||,|||,|||,|||,|||,|||,|||
86.57.133.91,86.57.133.91,00000000000000000000000000000000000000000000000000000000000000,|||,|||,|||,|||,|||,|||,|||,|||,|||,|||
83.3.151.42,83.3.151.42,00000000000000000000000000000000000000000000000000000000000000,|||,|||,|||,|||,|||,|||,|||,|||,|||,|||
85.228.236.124,85.228.236.124,00000000000000000000000000000000000000000000000000000000000000,|||,|||,|||,|||,|||,|||,|||,|||,|||,|||
86.42.160.14,86.42.160.14,00000000000000000000000000000000000000000000000000000000000000,|||,|||,|||,|||,|||,|||,|||,|||,|||,|||
85.202.169.9,85.202.169.9,00000000000000000000000000000000000000000000000000000000000000,|||,|||,|||,|||,|||,|||,|||,|||,|||,|||
86.130.149.60,86.130.149.60,00000000000000000000000000000000000000000000000000000000000000,|||,|||,|||,|||,|||,|||,|||,|||,|||,|||
111.71.222.9,111.71.222.9,0ad14d0000ad0ad0000ad14d0ad0ad6b64279c20472e17718ddea38ab610fa,003c|0303||ff01-0023,009d|0303||ff01-0023,|||,003c|0303||ff01-0023,003c|0303||ff01-0023,|||,003c|0303||ff01-0023,009d|0303||ff01-0023,003c|0303||ff01-0023,003c|0303||ff01-0023
106.75.45.142,106.75.45.142,00000000000000000000000000000000000000000000000000000000000000,|||,|||,|||,|||,|||,|||,|||,|||,|||,|||
112.170.87.205,112.170.87.205,00000000000000000000000000000000000000000000000000000000000000,|||,|||,|||,|||,|||,|||,|||,|||,|||,|||
85.226.174.97,85.226.174.97,00000000000000000000000000000000000000000000000000000000000000,|||,|||,|||,|||,|||,|||,|||,|||,|||,|||
116.126.118.56,116.126.118.56,00000000000000000000000000000000000000000000000000000000000000,|||,|||,|||,|||,|||,|||,|||,|||,|||,|||
85.224.242.201,85.224.242.201,00000000000000000000000000000000000000000000000000000000000000,|||,|||,|||,|||,|||,|||,|||,|||,|||,|||
114.241.197.18,114.241.197.18,29d29d00000000021c29d29d29d29d1f4989c319e75da83988253a39553038,c02f|0303|h2|0010-0017-ff01,c02f|0303|h2|0010-0017-ff01,|||,|||,|||,c013|0302|h2|0010-0017-ff01,c02f|0303|h2|0010-0017-ff01,c02f|0303|h2|0010-0017-ff01,c02f|0303|h2|0010-0017-ff01,c02f|0303|h2|0010-0017-ff01
84.118.65.91,84.118.65.91,00000000000000000000000000000000000000000000000000000000000000,|||,|||,|||,|||,|||,|||,|||,|||,|||,|||
88.206.104.98,88.206.104.98,00000000000000000000000000000000000000000000000000000000000000,|||,|||,|||,|||,|||,|||,|||,|||,|||,|||
87.11.110.129,87.11.110.129,00000000000000000000000000000000000000000000000000000000000000,|||,|||,|||,|||,|||,|||,|||,|||,|||,|||
111.56.37.46,111.56.37.46,06d08d00006d06d06c06d08d06d06d9674c6b4e623ae36cc2d998e99e2262e,002f|0303||ff01-0023,0035|0303||ff01-0023,|||,002f|0303||ff01-0023,002f|0303||ff01-0023,002f|0302||ff01-0023,002f|0303||ff01-0023,0035|0303||ff01-0023,002f|0303||ff01-0023,002f|0303||ff01-0023
116.62.206.190,116.62.206.190,00000000000000000000000000000000000000000000000000000000000000,|||,|||,|||,|||,|||,|||,|||,|||,|||,|||
116.62.161.33,116.62.161.33,00000000000000000000000000000000000000000000000000000000000000,|||,|||,|||,|||,|||,|||,|||,|||,|||,|||
112.26.45.226,112.26.45.226,29d29d20d29d29d22c29d29d29d29d8e917db1de9d33002d70770504a55ef7,c02f|0303|http/1.1|0000-ff01-000b-0023-0010,c02f|0303|http/1.1|0000-ff01-000b-0023-0010,c012|0303|http/1.1|0000-ff01-000b-0023-0010,c02f|0303||0000-ff01-000b-0023,c02f|0303||0000-ff01-000b-0023,c014|0302|http/1.1|0000-ff01-000b-0023-0010,c02f|0303|http/1.1|0000-ff01-000b-0023-0010,c02f|0303|http/1.1|0000-ff01-000b-0023-0010,c02f|0303|http/1.1|0000-ff01-000b-0023-0010,c02f|0303|http/1.1|0000-ff01-000b-0023-0010
116.62.233.44,116.62.233.44,00000000000000000000000000000000000000000000000000000000000000,|||,|||,|||,|||,|||,|||,|||,|||,|||,|||
116.62.141.66,116.62.141.66,00000000000000000000000000000000000000000000000000000000000000,|||,|||,|||,|||,|||,|||,|||,|||,|||,|||
116.62.142.11,116.62.142.11,00000000000000000000000000000000000000000000000000000000000000,|||,|||,|||,|||,|||,|||,|||,|||,|||,|||
86.122.102.121,86.122.102.121,00000000000000000000000000000000000000000000000000000000000000,|||,|||,|||,|||,|||,|||,|||,|||,|||,|||
86.253.151.232,86.253.151.232,00000000000000000000000000000000000000000000000000000000000000,|||,|||,|||,|||,|||,|||,|||,|||,|||,|||
87.110.50.22,87.110.50.22,00000000000000000000000000000000000000000000000000000000000000,|||,|||,|||,|||,|||,|||,|||,|||,|||,|||
116.62.129.112,116.62.129.112,00000000000000000000000000000000000000000000000000000000000000,|||,|||,|||,|||,|||,|||,|||,|||,|||,|||
113.57.103.151,113.57.103.151,06d0bd00006d06d06c06d0bd06d06d9674c6b4e623ae36cc2d998e99e2262e,002f|0303||ff01-0023,003d|0303||ff01-0023,|||,002f|0303||ff01-0023,002f|0303||ff01-0023,002f|0302||ff01-0023,002f|0303||ff01-0023,003d|0303||ff01-0023,002f|0303||ff01-0023,002f|0303||ff01-0023
115.86.222.219,115.86.222.219,00000000000000000000000000000000000000000000000000000000000000,|||,|||,|||,|||,|||,|||,|||,|||,|||,|||
87.128.109.132,87.128.109.132,00000000000000000000000000000000000000000000000000000000000000,|||,|||,|||,|||,|||,|||,|||,|||,|||,|||
88.214.24.59,88.214.24.59,00000000000000000000000000000000000000000000000000000000000000,|||,|||,|||,|||,|||,|||,|||,|||,|||,|||
87.103.208.30,87.103.208.30,00000000000000000000000000000000000000000000000000000000000000,|||,|||,|||,|||,|||,|||,|||,|||,|||,|||
116.62.13.59,116.62.13.59,00000000000000000000000000000000000000000000000000000000000000,|||,|||,|||,|||,|||,|||,|||,|||,|||,|||
86.57.216.112,86.57.216.112,00000000000000000000000000000000000000000000000000000000000000,|||,|||,|||,|||,|||,|||,|||,|||,|||,|||
116.62.48.253,116.62.48.253,00000000000000000000000000000000000000000000000000000000000000,|||,|||,|||,|||,|||,|||,|||,|||,|||,|||
113.201.199.19,113.201.199.19,29d0bd00029d29d00029d0bd29d29d0fb44dff0c23b5fee92725dd83d0063e,c02f|0303||ff01-000b-0023-0017,003d|0303||ff01-0023-0017,|||,c02f|0303||ff01-000b-0023-0017,c02f|0303||ff01-000b-0023-0017,|||,c02f|0303||ff01-000b-0023-0017,003d|0303||ff01-0023-0017,c02f|0303||ff01-000b-0023-0017,c02f|0303||ff01-000b-0023-0017
115.159.215.69,115.159.215.69,00000000000000000000000000000000000000000000000000000000000000,|||,|||,|||,|||,|||,|||,|||,|||,|||,|||
115.90.244.182,115.90.244.182,00000000000000000000000000000000000000000000000000000000000000,|||,|||,|||,|||,|||,|||,|||,|||,|||,|||
114.7.213.253,114.7.213.253,0ad0ad0000ad0ad06c0ad0ad0ad0ad898ed0748554b5d9925df15eb7186a8a,003c|0303||0023-ff01,003c|0303||0023-ff01,|||,003c|0303||0023-ff01,003c|0303||0023-ff01,002f|0302||0023-ff01,003c|0303||0023-ff01,003c|0303||0023-ff01,003c|0303||0023-ff01,003c|0303||0023-ff01
116.62.148.139,116.62.148.139,00000000000000000000000000000000000000000000000000000000000000,|||,|||,|||,|||,|||,|||,|||,|||,|||,|||
59.148.18.181,59.148.18.181,00000000000000000000000000000000000000000000000000000000000000,|||,|||,|||,|||,|||,|||,|||,|||,|||,|||
116.62.148.150,116.62.148.150,00000000000000000000000000000000000000000000000000000000000000,|||,|||,|||,|||,|||,|||,|||,|||,|||,|||
115.238.183.110,115.238.183.110,00000000000000000000000000000000000000000000000000000000000000,|||,|||,|||,|||,|||,|||,|||,|||,|||,|||
116.105.142.227,116.105.142.227,00000000000000000000000000000000000000000000000000000000000000,|||,|||,|||,|||,|||,|||,|||,|||,|||,|||
115.29.173.128,115.29.173.128,00000000000000000000000000000000000000000000000000000000000000,|||,|||,|||,|||,|||,|||,|||,|||,|||,|||
86.49.120.79,86.49.120.79,00000000000000000000000000000000000000000000000000000000000000,|||,|||,|||,|||,|||,|||,|||,|||,|||,|||
88.204.210.194,88.204.210.194,00000000000000000000000000000000000000000000000000000000000000,|||,|||,|||,|||,|||,|||,|||,|||,|||,|||
114.64.255.185,114.64.255.185,00000000000000000000000000000000000000000000000000000000000000,|||,|||,|||,|||,|||,|||,|||,|||,|||,|||
116.241.82.61,116.241.82.61,00000000000000000000000000000000000000000000000000000000000000,|||,|||,|||,|||,|||,|||,|||,|||,|||,|||
111.231.52.248,111.231.52.248,2ad2ad0002ad2ad0002ad2ad2ad2adfcd6001e3a9ab1b7db1fc4727d27aa87,c030|0303|h2|ff01-000b-0023-0017-0010,c030|0303|h2|ff01-000b-0023-0017-0010,|||,c030|0303||ff01-000b-0023-0017,c030|0303||ff01-000b-0023-0017,|||,c030|0303|h2|ff01-000b-0023-0017-0010,c030|0303|h2|ff01-000b-0023-0017-0010,c030|0303|h2|ff01-000b-0023-0017-0010,c030|0303|h2|ff01-000b-0023-0017-0010
115.76.254.96,115.76.254.96,00000000000000000000000000000000000000000000000000000000000000,|||,|||,|||,|||,|||,|||,|||,|||,|||,|||
89.218.195.220,89.218.195.220,00000000000000000000000000000000000000000000000000000000000000,|||,|||,|||,|||,|||,|||,|||,|||,|||,|||
88.247.34.120,88.247.34.120,00000000000000000000000000000000000000000000000000000000000000,|||,|||,|||,|||,|||,|||,|||,|||,|||,|||
88.22.148.227,88.22.148.227,00000000000000000000000000000000000000000000000000000000000000,|||,|||,|||,|||,|||,|||,|||,|||,|||,|||
110.80.46.90,110.80.46.90,05d02d20d21d20d05c05d02d05d20d74fcf6501ae7a92319e575bfafd2a827,0016|0303||ff01-0023,0005|0303||ff01-0023,c012|0303||ff01-000b-0023,c013|0303||ff01-000b-0023,c012|0303||ff01-000b-0023,0016|0302||ff01-0023,0016|0303||ff01-0023,0005|0303||ff01-0023,0016|0303||ff01-0023,c012|0303||ff01-000b-0023
117.50.93.75,117.50.93.75,00000000000000000000000000000000000000000000000000000000000000,|||,|||,|||,|||,|||,|||,|||,|||,|||,|||
89.248.160.150,89.248.160.150,00000000000000000000000000000000000000000000000000000000000000,|||,|||,|||,|||,|||,|||,|||,|||,|||,|||
89.203.249.239,89.203.249.239,00000000000000000000000000000000000000000000000000000000000000,|||,|||,|||,|||,|||,|||,|||,|||,|||,|||
88.126.65.2,88.126.65.2,00000000000000000000000000000000000000000000000000000000000000,|||,|||,|||,|||,|||,|||,|||,|||,|||,|||
87.98.241.203,87.98.241.203,00000000000000000000000000000000000000000000000000000000000000,|||,|||,|||,|||,|||,|||,|||,|||,|||,|||
114.107.229.255,114.107.229.255,2ad2ad0002ad2ad22c2ad2ad2ad2adc2ddcfd203d071c45b4b0ffe3d7b4b89,c030|0303|http/1.1|ff01-0000-0001-000b-0023-0010-0017,c030|0303|http/1.1|ff01-0000-0001-000b-0023-0010-0017,|||,c030|0303||ff01-0000-0001-000b-0023-0017,c030|0303||ff01-0000-0001-000b-0023-0017,c014|0302|http/1.1|ff01-0000-0001-000b-0023-0010-0017,c030|0303|http/1.1|ff01-0000-0001-000b-0023-0010-0017,c030|0303|http/1.1|ff01-0000-0001-000b-0023-0010-0017,c030|0303|http/1.1|ff01-0000-0001-000b-0023-0010-0017,c030|0303|http/1.1|ff01-0000-0001-000b-0023-0010-0017
119.12.253.237,119.12.253.237,00000000000000000000000000000000000000000000000000000000000000,|||,|||,|||,|||,|||,|||,|||,|||,|||,|||
87.65.207.214,87.65.207.214,00000000000000000000000000000000000000000000000000000000000000,|||,|||,|||,|||,|||,|||,|||,|||,|||,|||
87.7.178.107,87.7.178.107,00000000000000000000000000000000000000000000000000000000000000,|||,|||,|||,|||,|||,|||,|||,|||,|||,|||
89.217.80.219,89.217.80.219,00000000000000000000000000000000000000000000000000000000000000,|||,|||,|||,|||,|||,|||,|||,|||,|||,|||
89.19.190.56,89.19.190.56,00000000000000000000000000000000000000000000000000000000000000,|||,|||,|||,|||,|||,|||,|||,|||,|||,|||
89.187.177.57,89.187.177.57,00000000000000000000000000000000000000000000000000000000000000,|||,|||,|||,|||,|||,|||,|||,|||,|||,|||
106.54.94.158,106.54.94.158,00000000000000000000000000000000000000000000000000000000000000,|||,|||,|||,|||,|||,|||,|||,|||,|||,|||
89.187.177.56,89.187.177.56,00000000000000000000000000000000000000000000000000000000000000,|||,|||,|||,|||,|||,|||,|||,|||,|||,|||
87.71.176.203,87.71.176.203,00000000000000000000000000000000000000000000000000000000000000,|||,|||,|||,|||,|||,|||,|||,|||,|||,|||
89.187.177.55,89.187.177.55,00000000000000000000000000000000000000000000000000000000000000,|||,|||,|||,|||,|||,|||,|||,|||,|||,|||
87.242.41.27,87.242.41.27,00000000000000000000000000000000000000000000000000000000000000,|||,|||,|||,|||,|||,|||,|||,|||,|||,|||
88.3.124.0,88.3.124.0,00000000000000000000000000000000000000000000000000000000000000,|||,|||,|||,|||,|||,|||,|||,|||,|||,|||
89.106.111.30,89.106.111.30,00000000000000000000000000000000000000000000000000000000000000,|||,|||,|||,|||,|||,|||,|||,|||,|||,|||
117.50.174.40,117.50.174.40,00000000000000000000000000000000000000000000000000000000000000,|||,|||,|||,|||,|||,|||,|||,|||,|||,|||
117.50.63.253,117.50.63.253,00000000000000000000000000000000000000000000000000000000000000,|||,|||,|||,|||,|||,|||,|||,|||,|||,|||
117.50.163.6,117.50.163.6,00000000000000000000000000000000000000000000000000000000000000,|||,|||,|||,|||,|||,|||,|||,|||,|||,|||
87.244.183.190,87.244.183.190,00000000000000000000000000000000000000000000000000000000000000,|||,|||,|||,|||,|||,|||,|||,|||,|||,|||
86.171.226.238,86.171.226.238,00000000000000000000000000000000000000000000000000000000000000,|||,|||,|||,|||,|||,|||,|||,|||,|||,|||
88.249.187.50,88.249.187.50,00000000000000000000000000000000000000000000000000000000000000,|||,|||,|||,|||,|||,|||,|||,|||,|||,|||
88.126.234.118,88.126.234.118,00000000000000000000000000000000000000000000000000000000000000,|||,|||,|||,|||,|||,|||,|||,|||,|||,|||
89.218.118.22,89.218.118.22,00000000000000000000000000000000000000000000000000000000000000,|||,|||,|||,|||,|||,|||,|||,|||,|||,|||
88.84.219.114,88.84.219.114,00000000000000000000000000000000000000000000000000000000000000,|||,|||,|||,|||,|||,|||,|||,|||,|||,|||
87.251.64.158,87.251.64.158,00000000000000000000000000000000000000000000000000000000000000,|||,|||,|||,|||,|||,|||,|||,|||,|||,|||
117.123.207.187,117.123.207.187,00000000000000000000000000000000000000000000000000000000000000,|||,|||,|||,|||,|||,|||,|||,|||,|||,|||
117.5.97.86,117.5.97.86,00000000000000000000000000000000000000000000000000000000000000,|||,|||,|||,|||,|||,|||,|||,|||,|||,|||
118.193.56.204,118.193.56.204,00000000000000000000000000000000000000000000000000000000000000,|||,|||,|||,|||,|||,|||,|||,|||,|||,|||
118.193.56.141,118.193.56.141,00000000000000000000000000000000000000000000000000000000000000,|||,|||,|||,|||,|||,|||,|||,|||,|||,|||
118.193.21.186,118.193.21.186,00000000000000000000000000000000000000000000000000000000000000,|||,|||,|||,|||,|||,|||,|||,|||,|||,|||
118.190.14.55,118.190.14.55,00000000000000000000000000000000000000000000000000000000000000,|||,|||,|||,|||,|||,|||,|||,|||,|||,|||
118.193.35.16,118.193.35.16,00000000000000000000000000000000000000000000000000000000000000,|||,|||,|||,|||,|||,|||,|||,|||,|||,|||
85.209.0.186,85.209.0.186,00000000000000000000000000000000000000000000000000000000000000,|||,|||,|||,|||,|||,|||,|||,|||,|||,|||
114.215.201.250,114.215.201.250,3fd3fd0003fd3fd21c42d42d000000307ee0eb468e9fdb5cfcd698a80a67ef,cca8|0303|h2|ff01-0000-0001-000b-0023-0010-0017,cca8|0303|h2|ff01-0000-0001-000b-0023-0010-0017,|||,cca8|0303||ff01-0000-0001-000b-0023-0017,cca8|0303||ff01-0000-0001-000b-0023-0017,c013|0302|h2|ff01-0000-0001-000b-0023-0010-0017,1302|0303||002b-0033,1302|0303||002b-0033,|||,|||
117.18.154.88,117.18.154.88,00000000000000000000000000000000000000000000000000000000000000,|||,|||,|||,|||,|||,|||,|||,|||,|||,|||
116.62.180.44,116.62.180.44,00000000000000000000000000000000000000000000000000000000000000,|||,|||,|||,|||,|||,|||,|||,|||,|||,|||
89.248.165.202,89.248.165.202,00000000000000000000000000000000000000000000000000000000000000,|||,|||,|||,|||,|||,|||,|||,|||,|||,|||
116.50.242.237,116.50.242.237,00000000000000000000000000000000000000000000000000000000000000,|||,|||,|||,|||,|||,|||,|||,|||,|||,|||
90.150.205.69,90.150.205.69,00000000000000000000000000000000000000000000000000000000000000,|||,|||,|||,|||,|||,|||,|||,|||,|||,|||
115.73.219.116,115.73.219.116,00000000000000000000000000000000000000000000000000000000000000,|||,|||,|||,|||,|||,|||,|||,|||,|||,|||
118.193.56.146,118.193.56.146,00000000000000000000000000000000000000000000000000000000000000,|||,|||,|||,|||,|||,|||,|||,|||,|||,|||
89.248.174.3,89.248.174.3,00000000000000000000000000000000000000000000000000000000000000,|||,|||,|||,|||,|||,|||,|||,|||,|||,|||
90.24.141.94,90.24.141.94,00000000000000000000000000000000000000000000000000000000000000,|||,|||,|||,|||,|||,|||,|||,|||,|||,|||
117.211.160.45,117.211.160.45,00000000000000000000000000000000000000000000000000000000000000,|||,|||,|||,|||,|||,|||,|||,|||,|||,|||
89.253.101.187,89.253.101.187,00000000000000000000000000000000000000000000000000000000000000,|||,|||,|||,|||,|||,|||,|||,|||,|||,|||
116.206.56.51,116.206.56.51,00000000000000000000000000000000000000000000000000000000000000,|||,|||,|||,|||,|||,|||,|||,|||,|||,|||
89.252.168.214,89.252.168.214,00000000000000000000000000000000000000000000000000000000000000,|||,|||,|||,|||,|||,|||,|||,|||,|||,|||
118.178.239.9,118.178.239.9,00000000000000000000000000000000000000000000000000000000000000,|||,|||,|||,|||,|||,|||,|||,|||,|||,|||
89.169.43.98,89.169.43.98,00000000000000000000000000000000000000000000000000000000000000,|||,|||,|||,|||,|||,|||,|||,|||,|||,|||
118.178.234.147,118.178.234.147,00000000000000000000000000000000000000000000000000000000000000,|||,|||,|||,|||,|||,|||,|||,|||,|||,|||
113.199.34.56,113.199.34.56,00000000000000000000000000000000000000000000000000000000000000,|||,|||,|||,|||,|||,|||,|||,|||,|||,|||
89.178.218.231,89.178.218.231,00000000000000000000000000000000000000000000000000000000000000,|||,|||,|||,|||,|||,|||,|||,|||,|||,|||
118.178.239.109,118.178.239.109,00000000000000000000000000000000000000000000000000000000000000,|||,|||,|||,|||,|||,|||,|||,|||,|||,|||
117.50.101.117,117.50.101.117,00000000000000000000000000000000000000000000000000000000000000,|||,|||,|||,|||,|||,|||,|||,|||,|||,|||
104.220.122.206,104.220.122.206,00000000000000000000000000000000000000000000000000000000000000,|||,|||,|||,|||,|||,|||,|||,|||,|||,|||
114.55.225.3,114.55.225.3,05d10d20d21d20d05c05d10d05d20d74fcf6501ae7a92319e575bfafd2a827,0016|0303||ff01-0023,0084|0303||ff01-0023,c012|0303||ff01-000b-0023,c013|0303||ff01-000b-0023,c012|0303||ff01-000b-0023,0016|0302||ff01-0023,0016|0303||ff01-0023,0084|0303||ff01-0023,0016|0303||ff01-0023,c012|0303||ff01-000b-0023
89.208.122.216,89.208.122.216,00000000000000000000000000000000000000000000000000000000000000,|||,|||,|||,|||,|||,|||,|||,|||,|||,|||
112.72.205.139,112.72.205.139,00000000000000000000000000000000000000000000000000000000000000,|||,|||,|||,|||,|||,|||,|||,|||,|||,|||
89.248.165.199,89.248.165.199,00000000000000000000000000000000000000000000000000000000000000,|||,|||,|||,|||,|||,|||,|||,|||,|||,|||
89.248.165.131,89.248.165.131,00000000000000000000000000000000000000000000000000000000000000,|||,|||,|||,|||,|||,|||,|||,|||,|||,|||
118.193.31.179,118.193.31.179,00000000000000000000000000000000000000000000000000000000000000,|||,|||,|||,|||,|||,|||,|||,|||,|||,|||
117.236.109.245,117.236.109.245,00000000000000000000000000000000000000000000000000000000000000,|||,|||,|||,|||,|||,|||,|||,|||,|||,|||
118.193.31.181,118.193.31.181,00000000000000000000000000000000000000000000000000000000000000,|||,|||,|||,|||,|||,|||,|||,|||,|||,|||
89.248.165.118,89.248.165.118,00000000000000000000000000000000000000000000000000000000000000,|||,|||,|||,|||,|||,|||,|||,|||,|||,|||
118.172.155.113,118.172.155.113,00000000000000000000000000000000000000000000000000000000000000,|||,|||,|||,|||,|||,|||,|||,|||,|||,|||
118.193.31.180,118.193.31.180,00000000000000000000000000000000000000000000000000000000000000,|||,|||,|||,|||,|||,|||,|||,|||,|||,|||
117.50.5.252,117.50.5.252,00000000000000000000000000000000000000000000000000000000000000,|||,|||,|||,|||,|||,|||,|||,|||,|||,|||
118.193.31.186,118.193.31.186,00000000000000000000000000000000000000000000000000000000000000,|||,|||,|||,|||,|||,|||,|||,|||,|||,|||
118.195.185.153,118.195.185.153,00000000000000000000000000000000000000000000000000000000000000,|||,|||,|||,|||,|||,|||,|||,|||,|||,|||
118.25.8.225,118.25.8.225,00000000000000000000000000000000000000000000000000000000000000,|||,|||,|||,|||,|||,|||,|||,|||,|||,|||
118.195.158.117,118.195.158.117,00000000000000000000000000000000000000000000000000000000000000,|||,|||,|||,|||,|||,|||,|||,|||,|||,|||
89.248.168.51,89.248.168.51,00000000000000000000000000000000000000000000000000000000000000,|||,|||,|||,|||,|||,|||,|||,|||,|||,|||
90.63.212.112,90.63.212.112,00000000000000000000000000000000000000000000000000000000000000,|||,|||,|||,|||,|||,|||,|||,|||,|||,|||
89.165.48.250,89.165.48.250,00000000000000000000000000000000000000000000000000000000000000,|||,|||,|||,|||,|||,|||,|||,|||,|||,|||
89.248.168.172,89.248.168.172,00000000000000000000000000000000000000000000000000000000000000,|||,|||,|||,|||,|||,|||,|||,|||,|||,|||
118.195.180.99,118.195.180.99,00000000000000000000000000000000000000000000000000000000000000,|||,|||,|||,|||,|||,|||,|||,|||,|||,|||
89.248.174.193,89.248.174.193,00000000000000000000000000000000000000000000000000000000000000,|||,|||,|||,|||,|||,|||,|||,|||,|||,|||
89.248.168.157,89.248.168.157,00000000000000000000000000000000000000000000000000000000000000,|||,|||,|||,|||,|||,|||,|||,|||,|||,|||
118.31.63.10,118.31.63.10,00000000000000000000000000000000000000000000000000000000000000,|||,|||,|||,|||,|||,|||,|||,|||,|||,|||
90.84.227.99,90.84.227.99,00000000000000000000000000000000000000000000000000000000000000,|||,|||,|||,|||,|||,|||,|||,|||,|||,|||
90.36.75.204,90.36.75.204,00000000000000000000000000000000000000000000000000000000000000,|||,|||,|||,|||,|||,|||,|||,|||,|||,|||
90.69.223.20,90.69.223.20,00000000000000000000000000000000000000000000000000000000000000,|||,|||,|||,|||,|||,|||,|||,|||,|||,|||
118.31.6.250,118.31.6.250,00000000000000000000000000000000000000000000000000000000000000,|||,|||,|||,|||,|||,|||,|||,|||,|||,|||
90.150.57.142,90.150.57.142,00000000000000000000000000000000000000000000000000000000000000,|||,|||,|||,|||,|||,|||,|||,|||,|||,|||
89.248.168.112,89.248.168.112,00000000000000000000000000000000000000000000000000000000000000,|||,|||,|||,|||,|||,|||,|||,|||,|||,|||
118.97.221.251,118.97.221.251,00000000000000000000000000000000000000000000000000000000000000,|||,|||,|||,|||,|||,|||,|||,|||,|||,|||
90.150.73.73,90.150.73.73,00000000000000000000000000000000000000000000000000000000000000,|||,|||,|||,|||,|||,|||,|||,|||,|||,|||
91.135.193.146,91.135.193.146,00000000000000000000000000000000000000000000000000000000000000,|||,|||,|||,|||,|||,|||,|||,|||,|||,|||
49.232.147.146,49.232.147.146,00000000000000000000000000000000000000000000000000000000000000,|||,|||,|||,|||,|||,|||,|||,|||,|||,|||
90.63.169.107,90.63.169.107,00000000000000000000000000000000000000000000000000000000000000,|||,|||,|||,|||,|||,|||,|||,|||,|||,|||
91.126.205.216,91.126.205.216,00000000000000000000000000000000000000000000000000000000000000,|||,|||,|||,|||,|||,|||,|||,|||,|||,|||
89.248.168.176,89.248.168.176,00000000000000000000000000000000000000000000000000000000000000,|||,|||,|||,|||,|||,|||,|||,|||,|||,|||
91.138.214.155,91.138.214.155,00000000000000000000000000000000000000000000000000000000000000,|||,|||,|||,|||,|||,|||,|||,|||,|||,|||
89.39.117.111,89.39.117.111,00000000000000000000000000000000000000000000000000000000000000,|||,|||,|||,|||,|||,|||,|||,|||,|||,|||
89.248.169.12,89.248.169.12,00000000000000000000000000000000000000000000000000000000000000,|||,|||,|||,|||,|||,|||,|||,|||,|||,|||
90.218.191.19,90.218.191.19,00000000000000000000000000000000000000000000000000000000000000,|||,|||,|||,|||,|||,|||,|||,|||,|||,|||
117.50.42.111,117.50.42.111,00000000000000000000000000000000000000000000000000000000000000,|||,|||,|||,|||,|||,|||,|||,|||,|||,|||
118.31.22.190,118.31.22.190,00000000000000000000000000000000000000000000000000000000000000,|||,|||,|||,|||,|||,|||,|||,|||,|||,|||
118.163.179.188,118.163.179.188,00000000000000000000000000000000000000000000000000000000000000,|||,|||,|||,|||,|||,|||,|||,|||,|||,|||
118.31.9.200,118.31.9.200,00000000000000000000000000000000000000000000000000000000000000,|||,|||,|||,|||,|||,|||,|||,|||,|||,|||
118.193.72.183,118.193.72.183,00000000000000000000000000000000000000000000000000000000000000,|||,|||,|||,|||,|||,|||,|||,|||,|||,|||
114.111.241.210,114.111.241.210,04b04b00004b04b04b04b04b04b04be3b0c44298fc1c149afbf4c8996fb924,000a|0301||,000a|0301||,|||,000a|0301||,000a|0301||,000a|0301||,000a|0301||,000a|0301||,000a|0301||,000a|0301||
119.236.68.241,119.236.68.241,00000000000000000000000000000000000000000000000000000000000000,|||,|||,|||,|||,|||,|||,|||,|||,|||,|||
119.153.102.173,119.153.102.173,00000000000000000000000000000000000000000000000000000000000000,|||,|||,|||,|||,|||,|||,|||,|||,|||,|||
118.179.157.178,118.179.157.178,00000000000000000000000000000000000000000000000000000000000000,|||,|||,|||,|||,|||,|||,|||,|||,|||,|||
119.236.140.180,119.236.140.180,00000000000000000000000000000000000000000000000000000000000000,|||,|||,|||,|||,|||,|||,|||,|||,|||,|||
116.62.66.232,116.62.66.232,00000000000000000000000000000000000000000000000000000000000000,|||,|||,|||,|||,|||,|||,|||,|||,|||,|||
118.31.42.224,118.31.42.224,00000000000000000000000000000000000000000000000000000000000000,|||,|||,|||,|||,|||,|||,|||,|||,|||,|||
118.193.72.164,118.193.72.164,00000000000000000000000000000000000000000000000000000000000000,|||,|||,|||,|||,|||,|||,|||,|||,|||,|||
118.69.226.254,118.69.226.254,00000000000000000000000000000000000000000000000000000000000000,|||,|||,|||,|||,|||,|||,|||,|||,|||,|||
118.193.72.27,118.193.72.27,00000000000000000000000000000000000000000000000000000000000000,|||,|||,|||,|||,|||,|||,|||,|||,|||,|||
118.220.19.103,118.220.19.103,00000000000000000000000000000000000000000000000000000000000000,|||,|||,|||,|||,|||,|||,|||,|||,|||,|||
118.193.72.169,118.193.72.169,00000000000000000000000000000000000000000000000000000000000000,|||,|||,|||,|||,|||,|||,|||,|||,|||,|||
118.193.72.69,118.193.72.69,00000000000000000000000000000000000000000000000000000000000000,|||,|||,|||,|||,|||,|||,|||,|||,|||,|||
118.31.116.86,118.31.116.86,00000000000000000000000000000000000000000000000000000000000000,|||,|||,|||,|||,|||,|||,|||,|||,|||,|||
118.31.6.58,118.31.6.58,00000000000000000000000000000000000000000000000000000000000000,|||,|||,|||,|||,|||,|||,|||,|||,|||,|||
118.216.57.184,118.216.57.184,00000000000000000000000000000000000000000000000000000000000000,|||,|||,|||,|||,|||,|||,|||,|||,|||,|||
118.190.61.202,118.190.61.202,00000000000000000000000000000000000000000000000000000000000000,|||,|||,|||,|||,|||,|||,|||,|||,|||,|||
91.239.145.215,91.239.145.215,00000000000000000000000000000000000000000000000000000000000000,|||,|||,|||,|||,|||,|||,|||,|||,|||,|||
89.248.168.220,89.248.168.220,00000000000000000000000000000000000000000000000000000000000000,|||,|||,|||,|||,|||,|||,|||,|||,|||,|||
91.149.224.43,91.149.224.43,00000000000000000000000000000000000000000000000000000000000000,|||,|||,|||,|||,|||,|||,|||,|||,|||,|||
90.150.204.80,90.150.204.80,00000000000000000000000000000000000000000000000000000000000000,|||,|||,|||,|||,|||,|||,|||,|||,|||,|||
89.248.168.217,89.248.168.217,00000000000000000000000000000000000000000000000000000000000000,|||,|||,|||,|||,|||,|||,|||,|||,|||,|||
89.70.76.219,89.70.76.219,00000000000000000000000000000000000000000000000000000000000000,|||,|||,|||,|||,|||,|||,|||,|||,|||,|||
91.185.212.7,91.185.212.7,00000000000000000000000000000000000000000000000000000000000000,|||,|||,|||,|||,|||,|||,|||,|||,|||,|||
91.166.55.185,91.166.55.185,00000000000000000000000000000000000000000000000000000000000000,|||,|||,|||,|||,|||,|||,|||,|||,|||,|||
91.161.36.94,91.161.36.94,00000000000000000000000000000000000000000000000000000000000000,|||,|||,|||,|||,|||,|||,|||,|||,|||,|||
91.223.242.23,91.223.242.23,00000000000000000000000000000000000000000000000000000000000000,|||,|||,|||,|||,|||,|||,|||,|||,|||,|||
116.6.21.90,116.6.21.90,2ad2ad0002ad2ad22c2ad2ad2ad2ad8e535d8da558c8d26fe8c3f65ba9bd5d,c030|0303|http/1.1|ff01-000b-0010,c030|0303|http/1.1|ff01-000b-0010,|||,c030|0303|http/1.1|ff01-000b-0010,c030|0303|http/1.1|ff01-000b-0010,c014|0302|http/1.1|ff01-000b-0010,c030|0303|http/1.1|ff01-000b-0010,c030|0303|http/1.1|ff01-000b-0010,c030|0303|http/1.1|ff01-000b-0010,c030|0303|http/1.1|ff01-000b-0010
118.194.252.88,118.194.252.88,00000000000000000000000000000000000000000000000000000000000000,|||,|||,|||,|||,|||,|||,|||,|||,|||,|||
118.68.171.118,118.68.171.118,00000000000000000000000000000000000000000000000000000000000000,|||,|||,|||,|||,|||,|||,|||,|||,|||,|||
118.69.32.143,118.69.32.143,00000000000000000000000000000000000000000000000000000000000000,|||,|||,|||,|||,|||,|||,|||,|||,|||,|||
119.188.125.179,119.188.125.179,00000000000000000000000000000000000000000000000000000000000000,|||,|||,|||,|||,|||,|||,|||,|||,|||,|||
118.193.72.185,118.193.72.185,00000000000000000000000000000000000000000000000000000000000000,|||,|||,|||,|||,|||,|||,|||,|||,|||,|||
90.126.219.253,90.126.219.253,00000000000000000000000000000000000000000000000000000000000000,|||,|||,|||,|||,|||,|||,|||,|||,|||,|||
91.193.212.122,91.193.212.122,00000000000000000000000000000000000000000000000000000000000000,|||,|||,|||,|||,|||,|||,|||,|||,|||,|||
115.111.184.231,115.111.184.231,00000000000000000000000000000000000000000000000000000000000000,|||,|||,|||,|||,|||,|||,|||,|||,|||,|||
114.55.146.21,114.55.146.21,00000000000000000000000000000000000000000000000000000000000000,|||,|||,|||,|||,|||,|||,|||,|||,|||,|||
91.116.4.237,91.116.4.237,00000000000000000000000000000000000000000000000000000000000000,|||,|||,|||,|||,|||,|||,|||,|||,|||,|||
118.194.253.72,118.194.253.72,00000000000000000000000000000000000000000000000000000000000000,|||,|||,|||,|||,|||,|||,|||,|||,|||,|||
91.93.41.95,91.93.41.95,00000000000000000000000000000000000000000000000000000000000000,|||,|||,|||,|||,|||,|||,|||,|||,|||,|||
118.194.253.131,118.194.253.131,00000000000000000000000000000000000000000000000000000000000000,|||,|||,|||,|||,|||,|||,|||,|||,|||,|||
119.148.38.226,119.148.38.226,00000000000000000000000000000000000000000000000000000000000000,|||,|||,|||,|||,|||,|||,|||,|||,|||,|||
119.1.169.252,119.1.169.252,00000000000000000000000000000000000000000000000000000000000000,|||,|||,|||,|||,|||,|||,|||,|||,|||,|||
91.238.105.171,91.238.105.171,00000000000000000000000000000000000000000000000000000000000000,|||,|||,|||,|||,|||,|||,|||,|||,|||,|||
91.215.168.125,91.215.168.125,00000000000000000000000000000000000000000000000000000000000000,|||,|||,|||,|||,|||,|||,|||,|||,|||,|||
118.194.253.73,118.194.253.73,00000000000000000000000000000000000000000000000000000000000000,|||,|||,|||,|||,|||,|||,|||,|||,|||,|||
119.23.237.187,119.23.237.187,00000000000000000000000000000000000000000000000000000000000000,|||,|||,|||,|||,|||,|||,|||,|||,|||,|||
118.31.77.155,118.31.77.155,00000000000000000000000000000000000000000000000000000000000000,|||,|||,|||,|||,|||,|||,|||,|||,|||,|||
89.29.241.65,89.29.241.65,00000000000000000000000000000000000000000000000000000000000000,|||,|||,|||,|||,|||,|||,|||,|||,|||,|||
118.194.253.74,118.194.253.74,00000000000000000000000000000000000000000000000000000000000000,|||,|||,|||,|||,|||,|||,|||,|||,|||,|||
119.23.254.250,119.23.254.250,00000000000000000000000000000000000000000000000000000000000000,|||,|||,|||,|||,|||,|||,|||,|||,|||,|||
91.239.145.214,91.239.145.214,00000000000000000000000000000000000000000000000000000000000000,|||,|||,|||,|||,|||,|||,|||,|||,|||,|||
91.185.216.4,91.185.216.4,00000000000000000000000000000000000000000000000000000000000000,|||,|||,|||,|||,|||,|||,|||,|||,|||,|||
117.50.100.216,117.50.100.216,00000000000000000000000000000000000000000000000000000000000000,|||,|||,|||,|||,|||,|||,|||,|||,|||,|||
119.23.61.145,119.23.61.145,00000000000000000000000000000000000000000000000000000000000000,|||,|||,|||,|||,|||,|||,|||,|||,|||,|||
118.178.237.31,118.178.237.31,00000000000000000000000000000000000000000000000000000000000000,|||,|||,|||,|||,|||,|||,|||,|||,|||,|||
67.205.138.198,67.205.138.198,00000000000000000000000000000000000000000000000000000000000000,|||,|||,|||,|||,|||,|||,|||,|||,|||,|||
119.23.70.232,119.23.70.232,00000000000000000000000000000000000000000000000000000000000000,|||,|||,|||,|||,|||,|||,|||,|||,|||,|||
119.23.148.196,119.23.148.196,00000000000000000000000000000000000000000000000000000000000000,|||,|||,|||,|||,|||,|||,|||,|||,|||,|||
91.242.96.52,91.242.96.52,00000000000000000000000000000000000000000000000000000000000000,|||,|||,|||,|||,|||,|||,|||,|||,|||,|||
118.178.188.191,118.178.188.191,00000000000000000000000000000000000000000000000000000000000000,|||,|||,|||,|||,|||,|||,|||,|||,|||,|||
91.239.77.159,91.239.77.159,00000000000000000000000000000000000000000000000000000000000000,|||,|||,|||,|||,|||,|||,|||,|||,|||,|||
114.67.84.142,114.67.84.142,00000000000000000000000000000000000000000000000000000000000000,|||,|||,|||,|||,|||,|||,|||,|||,|||,|||
118.70.33.68,118.70.33.68,00000000000000000000000000000000000000000000000000000000000000,|||,|||,|||,|||,|||,|||,|||,|||,|||,|||
91.218.107.178,91.218.107.178,00000000000000000000000000000000000000000000000000000000000000,|||,|||,|||,|||,|||,|||,|||,|||,|||,|||
91.236.116.89,91.236.116.89,00000000000000000000000000000000000000000000000000000000000000,|||,|||,|||,|||,|||,|||,|||,|||,|||,|||
96.57.233.4,96.57.233.4,08d08d00008d08d08c08d08d08d08d9674c6b4e623ae36cc2d998e99e2262e,0035|0303||ff01-0023,0035|0303||ff01-0023,|||,0035|0303||ff01-0023,0035|0303||ff01-0023,0035|0302||ff01-0023,0035|0303||ff01-0023,0035|0303||ff01-0023,0035|0303||ff01-0023,0035|0303||ff01-0023
119.3.72.222,119.3.72.222,00000000000000000000000000000000000000000000000000000000000000,|||,|||,|||,|||,|||,|||,|||,|||,|||,|||
91.196.222.194,91.196.222.194,00000000000000000000000000000000000000000000000000000000000000,|||,|||,|||,|||,|||,|||,|||,|||,|||,|||
118.68.243.4,118.68.243.4,00000000000000000000000000000000000000000000000000000000000000,|||,|||,|||,|||,|||,|||,|||,|||,|||,|||
119.29.96.17,119.29.96.17,00000000000000000000000000000000000000000000000000000000000000,|||,|||,|||,|||,|||,|||,|||,|||,|||,|||
119.23.254.1,119.23.254.1,00000000000000000000000000000000000000000000000000000000000000,|||,|||,|||,|||,|||,|||,|||,|||,|||,|||
92.34.178.19,92.34.178.19,00000000000000000000000000000000000000000000000000000000000000,|||,|||,|||,|||,|||,|||,|||,|||,|||,|||
118.34.156.237,118.34.156.237,00000000000000000000000000000000000000000000000000000000000000,|||,|||,|||,|||,|||,|||,|||,|||,|||,|||
118.41.137.72,118.41.137.72,00000000000000000000000000000000000000000000000000000000000000,|||,|||,|||,|||,|||,|||,|||,|||,|||,|||
117.50.23.52,117.50.23.52,00000000000000000000000000000000000000000000000000000000000000,|||,|||,|||,|||,|||,|||,|||,|||,|||,|||
118.45.165.132,118.45.165.132,00000000000000000000000000000000000000000000000000000000000000,|||,|||,|||,|||,|||,|||,|||,|||,|||,|||
118.42.235.135,118.42.235.135,00000000000000000000000000000000000000000000000000000000000000,|||,|||,|||,|||,|||,|||,|||,|||,|||,|||
93.119.2.192,93.119.2.192,00000000000000000000000000000000000000000000000000000000000000,|||,|||,|||,|||,|||,|||,|||,|||,|||,|||
113.161.220.193,113.161.220.193,2ad2ad16d2ad2ad0002ad2ad2ad2ad487dfc3734968073f786f66dcf4de1b2,c030|0303||ff01-000b-0023,c030|0303||ff01-000b-0023,009f|0303||ff01-0023,c030|0303||ff01-000b-0023,c030|0303||ff01-000b-0023,|||,c030|0303||ff01-000b-0023,c030|0303||ff01-000b-0023,c030|0303||ff01-000b-0023,c030|0303||ff01-000b-0023
115.134.96.185,115.134.96.185,00000000000000000000000000000000000000000000000000000000000000,|||,|||,|||,|||,|||,|||,|||,|||,|||,|||
91.246.148.115,91.246.148.115,00000000000000000000000000000000000000000000000000000000000000,|||,|||,|||,|||,|||,|||,|||,|||,|||,|||
118.31.1.150,118.31.1.150,00000000000000000000000000000000000000000000000000000000000000,|||,|||,|||,|||,|||,|||,|||,|||,|||,|||
119.45.10.18,119.45.10.18,00000000000000000000000000000000000000000000000000000000000000,|||,|||,|||,|||,|||,|||,|||,|||,|||,|||
93.153.93.104,93.153.93.104,00000000000000000000000000000000000000000000000000000000000000,|||,|||,|||,|||,|||,|||,|||,|||,|||,|||
119.91.83.236,119.91.83.236,00000000000000000000000000000000000000000000000000000000000000,|||,|||,|||,|||,|||,|||,|||,|||,|||,|||
92.222.50.21,92.222.50.21,00000000000000000000000000000000000000000000000000000000000000,|||,|||,|||,|||,|||,|||,|||,|||,|||,|||
118.25.95.1,118.25.95.1,00000000000000000000000000000000000000000000000000000000000000,|||,|||,|||,|||,|||,|||,|||,|||,|||,|||
91.239.145.213,91.239.145.213,00000000000000000000000000000000000000000000000000000000000000,|||,|||,|||,|||,|||,|||,|||,|||,|||,|||
119.29.85.129,119.29.85.129,00000000000000000000000000000000000000000000000000000000000000,|||,|||,|||,|||,|||,|||,|||,|||,|||,|||
92.242.207.18,92.242.207.18,00000000000000000000000000000000000000000000000000000000000000,|||,|||,|||,|||,|||,|||,|||,|||,|||,|||
93.54.111.40,93.54.111.40,00000000000000000000000000000000000000000000000000000000000000,|||,|||,|||,|||,|||,|||,|||,|||,|||,|||
91.250.29.75,91.250.29.75,00000000000000000000000000000000000000000000000000000000000000,|||,|||,|||,|||,|||,|||,|||,|||,|||,|||
120.1.186.153,120.1.186.153,00000000000000000000000000000000000000000000000000000000000000,|||,|||,|||,|||,|||,|||,|||,|||,|||,|||
119.45.117.182,119.45.117.182,00000000000000000000000000000000000000000000000000000000000000,|||,|||,|||,|||,|||,|||,|||,|||,|||,|||
118.48.5.16,118.48.5.16,00000000000000000000000000000000000000000000000000000000000000,|||,|||,|||,|||,|||,|||,|||,|||,|||,|||
91.75.8.100,91.75.8.100,00000000000000000000000000000000000000000000000000000000000000,|||,|||,|||,|||,|||,|||,|||,|||,|||,|||
119.3.108.168,119.3.108.168,00000000000000000000000000000000000000000000000000000000000000,|||,|||,|||,|||,|||,|||,|||,|||,|||,|||
118.193.31.182,118.193.31.182,00000000000000000000000000000000000000000000000000000000000000,|||,|||,|||,|||,|||,|||,|||,|||,|||,|||
92.43.32.175,92.43.32.175,00000000000000000000000000000000000000000000000000000000000000,|||,|||,|||,|||,|||,|||,|||,|||,|||,|||
116.62.123.154,116.62.123.154,21d10d00021d21d21c21d10d21d21dfa4f2d467cfc282d8a9029b2af1af43b,c013|0303|http/1.1|0000-ff01-000b-0023-0010,0084|0303|http/1.1|0000-ff01-0023-0010,|||,c013|0303||0000-ff01-000b-0023,c013|0303||0000-ff01-000b-0023,c013|0302|http/1.1|0000-ff01-000b-0023-0010,c013|0303|http/1.1|0000-ff01-000b-0023-0010,0084|0303|http/1.1|0000-ff01-0023-0010,c013|0303|http/1.1|0000-ff01-000b-0023-0010,c013|0303|http/1.1|0000-ff01-000b-0023-0010
116.62.27.140,116.62.27.140,2ad2ad0002ad2ad22c2ad2ad2ad2ad6a7bd8f51d54bfc07e1cd34e5ca50bb3,c030|0303|http/1.1|0000-ff01-000b-0023-0010,c030|0303|http/1.1|0000-ff01-000b-0023-0010,|||,c030|0303||0000-ff01-000b-0023,c030|0303||0000-ff01-000b-0023,c014|0302|http/1.1|0000-ff01-000b-0023-0010,c030|0303|http/1.1|0000-ff01-000b-0023-0010,c030|0303|http/1.1|0000-ff01-000b-0023-0010,c030|0303|http/1.1|0000-ff01-000b-0023-0010,c030|0303|http/1.1|0000-ff01-000b-0023-0010
116.55.248.101,116.55.248.101,26d26d16d26d26d22c26d26d26d26dfd9c9d14e4f4f67f94f0359f8b28f532,c028|0303||0017-ff01,c028|0303||0017-ff01,009f|0303||0017-ff01,c028|0303||0017-ff01,c028|0303||0017-ff01,c014|0302||0017-ff01,c028|0303||0017-ff01,c028|0303||0017-ff01,c028|0303||0017-ff01,c028|0303||0017-ff01
119.91.96.149,119.91.96.149,00000000000000000000000000000000000000000000000000000000000000,|||,|||,|||,|||,|||,|||,|||,|||,|||,|||
91.245.131.248,91.245.131.248,00000000000000000000000000000000000000000000000000000000000000,|||,|||,|||,|||,|||,|||,|||,|||,|||,|||
119.161.98.141,119.161.98.141,00000000000000000000000000000000000000000000000000000000000000,|||,|||,|||,|||,|||,|||,|||,|||,|||,|||
119.3.13.140,119.3.13.140,00000000000000000000000000000000000000000000000000000000000000,|||,|||,|||,|||,|||,|||,|||,|||,|||,|||
119.91.234.102,119.91.234.102,00000000000000000000000000000000000000000000000000000000000000,|||,|||,|||,|||,|||,|||,|||,|||,|||,|||
118.31.117.2,118.31.117.2,00000000000000000000000000000000000000000000000000000000000000,|||,|||,|||,|||,|||,|||,|||,|||,|||,|||
119.45.9.23,119.45.9.23,00000000000000000000000000000000000000000000000000000000000000,|||,|||,|||,|||,|||,|||,|||,|||,|||,|||
119.203.136.165,119.203.136.165,00000000000000000000000000000000000000000000000000000000000000,|||,|||,|||,|||,|||,|||,|||,|||,|||,|||
116.62.218.186,116.62.218.186,2ad2ad0002ad2ad22c2ad2ad2ad2adc2ddcfd203d071c45b4b0ffe3d7b4b89,c030|0303|http/1.1|ff01-0000-0001-000b-0023-0010-0017,c030|0303|http/1.1|ff01-0000-0001-000b-0023-0010-0017,|||,c030|0303||ff01-0000-0001-000b-0023-0017,c030|0303||ff01-0000-0001-000b-0023-0017,c014|0302|http/1.1|ff01-0000-0001-000b-0023-0010-0017,c030|0303|http/1.1|ff01-0000-0001-000b-0023-0010-0017,c030|0303|http/1.1|ff01-0000-0001-000b-0023-0010-0017,c030|0303|http/1.1|ff01-0000-0001-000b-0023-0010-0017,c030|0303|http/1.1|ff01-0000-0001-000b-0023-0010-0017
92.11.107.132,92.11.107.132,00000000000000000000000000000000000000000000000000000000000000,|||,|||,|||,|||,|||,|||,|||,|||,|||,|||
91.226.83.124,91.226.83.124,00000000000000000000000000000000000000000000000000000000000000,|||,|||,|||,|||,|||,|||,|||,|||,|||,|||
116.240.201.30,116.240.201.30,00000000000000000000000000000000000000000000000000000000000000,|||,|||,|||,|||,|||,|||,|||,|||,|||,|||
119.91.19.220,119.91.19.220,00000000000000000000000000000000000000000000000000000000000000,|||,|||,|||,|||,|||,|||,|||,|||,|||,|||
115.69.100.11,115.69.100.11,08d08d00008d08d08c08d08d08d08d9674c6b4e623ae36cc2d998e99e2262e,0035|0303||ff01-0023,0035|0303||ff01-0023,|||,0035|0303||ff01-0023,0035|0303||ff01-0023,0035|0302||ff01-0023,0035|0303||ff01-0023,0035|0303||ff01-0023,0035|0303||ff01-0023,0035|0303||ff01-0023
119.14.160.67,119.14.160.67,00000000000000000000000000000000000000000000000000000000000000,|||,|||,|||,|||,|||,|||,|||,|||,|||,|||
118.193.95.130,118.193.95.130,00000000000000000000000000000000000000000000000000000000000000,|||,|||,|||,|||,|||,|||,|||,|||,|||,|||
116.196.103.147,116.196.103.147,07d29d15d21d21d07c07d29d07d21dd7fc4c7c6ef19b77a4ca0787979cdc13,0033|0303||ff01,c02f|0303||ff01,009e|0303||ff01,c013|0303||ff01,c013|0303||ff01,0033|0302||ff01,0033|0303||ff01,c02f|0303||ff01,0033|0303||ff01,c013|0303||ff01
119.91.65.119,119.91.65.119,00000000000000000000000000000000000000000000000000000000000000,|||,|||,|||,|||,|||,|||,|||,|||,|||,|||
119.28.163.223,119.28.163.223,00000000000000000000000000000000000000000000000000000000000000,|||,|||,|||,|||,|||,|||,|||,|||,|||,|||
120.0.109.81,120.0.109.81,00000000000000000000000000000000000000000000000000000000000000,|||,|||,|||,|||,|||,|||,|||,|||,|||,|||
119.18.119.124,119.18.119.124,00000000000000000000000000000000000000000000000000000000000000,|||,|||,|||,|||,|||,|||,|||,|||,|||,|||
116.62.126.29,116.62.126.29,00000000000000000000000000000000000000000000000000000000000000,|||,|||,|||,|||,|||,|||,|||,|||,|||,|||
118.40.139.65,118.40.139.65,00000000000000000000000000000000000000000000000000000000000000,|||,|||,|||,|||,|||,|||,|||,|||,|||,|||
119.207.125.41,119.207.125.41,00000000000000000000000000000000000000000000000000000000000000,|||,|||,|||,|||,|||,|||,|||,|||,|||,|||
119.197.37.37,119.197.37.37,00000000000000000000000000000000000000000000000000000000000000,|||,|||,|||,|||,|||,|||,|||,|||,|||,|||
119.91.99.33,119.91.99.33,00000000000000000000000000000000000000000000000000000000000000,|||,|||,|||,|||,|||,|||,|||,|||,|||,|||
115.236.65.194,115.236.65.194,21d10d00021d21d21c21d10d21d21dfa4f2d467cfc282d8a9029b2af1af43b,c013|0303|http/1.1|0000-ff01-000b-0023-0010,0084|0303|http/1.1|0000-ff01-0023-0010,|||,c013|0303||0000-ff01-000b-0023,c013|0303||0000-ff01-000b-0023,c013|0302|http/1.1|0000-ff01-000b-0023-0010,c013|0303|http/1.1|0000-ff01-000b-0023-0010,0084|0303|http/1.1|0000-ff01-0023-0010,c013|0303|http/1.1|0000-ff01-000b-0023-0010,c013|0303|http/1.1|0000-ff01-000b-0023-0010
119.194.92.61,119.194.92.61,00000000000000000000000000000000000000000000000000000000000000,|||,|||,|||,|||,|||,|||,|||,|||,|||,|||
93.118.103.76,93.118.103.76,00000000000000000000000000000000000000000000000000000000000000,|||,|||,|||,|||,|||,|||,|||,|||,|||,|||
119.70.253.34,119.70.253.34,00000000000000000000000000000000000000000000000000000000000000,|||,|||,|||,|||,|||,|||,|||,|||,|||,|||
118.233.188.108,118.233.188.108,00000000000000000000000000000000000000000000000000000000000000,|||,|||,|||,|||,|||,|||,|||,|||,|||,|||
119.207.42.190,119.207.42.190,00000000000000000000000000000000000000000000000000000000000000,|||,|||,|||,|||,|||,|||,|||,|||,|||,|||
93.109.114.90,93.109.114.90,00000000000000000000000000000000000000000000000000000000000000,|||,|||,|||,|||,|||,|||,|||,|||,|||,|||
93.170.19.155,93.170.19.155,00000000000000000000000000000000000000000000000000000000000000,|||,|||,|||,|||,|||,|||,|||,|||,|||,|||
93.177.185.159,93.177.185.159,00000000000000000000000000000000000000000000000000000000000000,|||,|||,|||,|||,|||,|||,|||,|||,|||,|||
93.241.93.141,93.241.93.141,00000000000000000000000000000000000000000000000000000000000000,|||,|||,|||,|||,|||,|||,|||,|||,|||,|||
93.170.134.244,93.170.134.244,00000000000000000000000000000000000000000000000000000000000000,|||,|||,|||,|||,|||,|||,|||,|||,|||,|||
93.84.114.247,93.84.114.247,00000000000000000000000000000000000000000000000000000000000000,|||,|||,|||,|||,|||,|||,|||,|||,|||,|||
93.144.21.210,93.144.21.210,00000000000000000000000000000000000000000000000000000000000000,|||,|||,|||,|||,|||,|||,|||,|||,|||,|||
92.50.149.246,92.50.149.246,00000000000000000000000000000000000000000000000000000000000000,|||,|||,|||,|||,|||,|||,|||,|||,|||,|||
81.69.13.136,81.69.13.136,00000000000000000000000000000000000000000000000000000000000000,|||,|||,|||,|||,|||,|||,|||,|||,|||,|||
93.182.35.74,93.182.35.74,00000000000000000000000000000000000000000000000000000000000000,|||,|||,|||,|||,|||,|||,|||,|||,|||,|||
93.174.93.195,93.174.93.195,00000000000000000000000000000000000000000000000000000000000000,|||,|||,|||,|||,|||,|||,|||,|||,|||,|||
117.50.12.100,117.50.12.100,00000000000000000000000000000000000000000000000000000000000000,|||,|||,|||,|||,|||,|||,|||,|||,|||,|||
93.221.48.242,93.221.48.242,00000000000000000000000000000000000000000000000000000000000000,|||,|||,|||,|||,|||,|||,|||,|||,|||,|||
117.50.11.192,117.50.11.192,00000000000000000000000000000000000000000000000000000000000000,|||,|||,|||,|||,|||,|||,|||,|||,|||,|||
114.33.78.65,114.33.78.65,04b02b00004b04b04b04b02b04b04b9674c6b4e623ae36cc2d998e99e2262e,000a|0301||ff01-0023,0005|0301||ff01-0023,|||,000a|0301||ff01-0023,000a|0301||ff01-0023,000a|0301||ff01-0023,000a|0301||ff01-0023,0005|0301||ff01-0023,000a|0301||ff01-0023,000a|0301||ff01-0023
93.51.74.32,93.51.74.32,00000000000000000000000000000000000000000000000000000000000000,|||,|||,|||,|||,|||,|||,|||,|||,|||,|||
93.74.119.65,93.74.119.65,00000000000000000000000000000000000000000000000000000000000000,|||,|||,|||,|||,|||,|||,|||,|||,|||,|||
118.39.41.27,118.39.41.27,00000000000000000000000000000000000000000000000000000000000000,|||,|||,|||,|||,|||,|||,|||,|||,|||,|||
120.24.159.38,120.24.159.38,00000000000000000000000000000000000000000000000000000000000000,|||,|||,|||,|||,|||,|||,|||,|||,|||,|||
120.24.36.66,120.24.36.66,00000000000000000000000000000000000000000000000000000000000000,|||,|||,|||,|||,|||,|||,|||,|||,|||,|||
120.204.196.181,120.204.196.181,00000000000000000000000000000000000000000000000000000000000000,|||,|||,|||,|||,|||,|||,|||,|||,|||,|||
117.40.170.43,117.40.170.43,29d29d00029d29d22c42d42d000000307ee0eb468e9fdb5cfcd698a80a67ef,c02f|0303|h2|ff01-0000-0001-000b-0023-0010-0017,c02f|0303|h2|ff01-0000-0001-000b-0023-0010-0017,|||,c02f|0303||ff01-0000-0001-000b-0023-0017,c02f|0303||ff01-0000-0001-000b-0023-0017,c014|0302|h2|ff01-0000-0001-000b-0023-0010-0017,1302|0303||002b-0033,1302|0303||002b-0033,|||,|||
93.177.223.198,93.177.223.198,00000000000000000000000000000000000000000000000000000000000000,|||,|||,|||,|||,|||,|||,|||,|||,|||,|||
94.179.210.154,94.179.210.154,00000000000000000000000000000000000000000000000000000000000000,|||,|||,|||,|||,|||,|||,|||,|||,|||,|||
95.169.208.27,95.169.208.27,00000000000000000000000000000000000000000000000000000000000000,|||,|||,|||,|||,|||,|||,|||,|||,|||,|||
92.51.94.46,92.51.94.46,00000000000000000000000000000000000000000000000000000000000000,|||,|||,|||,|||,|||,|||,|||,|||,|||,|||
95.215.153.210,95.215.153.210,00000000000000000000000000000000000000000000000000000000000000,|||,|||,|||,|||,|||,|||,|||,|||,|||,|||
95.241.158.8,95.241.158.8,00000000000000000000000000000000000000000000000000000000000000,|||,|||,|||,|||,|||,|||,|||,|||,|||,|||
119.45.104.200,119.45.104.200,00000000000000000000000000000000000000000000000000000000000000,|||,|||,|||,|||,|||,|||,|||,|||,|||,|||
93.70.211.89,93.70.211.89,00000000000000000000000000000000000000000000000000000000000000,|||,|||,|||,|||,|||,|||,|||,|||,|||,|||
93.82.87.32,93.82.87.32,00000000000000000000000000000000000000000000000000000000000000,|||,|||,|||,|||,|||,|||,|||,|||,|||,|||
93.75.213.185,93.75.213.185,00000000000000000000000000000000000000000000000000000000000000,|||,|||,|||,|||,|||,|||,|||,|||,|||,|||
95.135.201.152,95.135.201.152,00000000000000000000000000000000000000000000000000000000000000,|||,|||,|||,|||,|||,|||,|||,|||,|||,|||
95.165.5.18,95.165.5.18,00000000000000000000000000000000000000000000000000000000000000,|||,|||,|||,|||,|||,|||,|||,|||,|||,|||
92.24.244.65,92.24.244.65,00000000000000000000000000000000000000000000000000000000000000,|||,|||,|||,|||,|||,|||,|||,|||,|||,|||
93.177.234.70,93.177.234.70,00000000000000000000000000000000000000000000000000000000000000,|||,|||,|||,|||,|||,|||,|||,|||,|||,|||
93.149.160.109,93.149.160.109,00000000000000000000000000000000000000000000000000000000000000,|||,|||,|||,|||,|||,|||,|||,|||,|||,|||
95.215.65.176,95.215.65.176,00000000000000000000000000000000000000000000000000000000000000,|||,|||,|||,|||,|||,|||,|||,|||,|||,|||
120.24.221.204,120.24.221.204,00000000000000000000000000000000000000000000000000000000000000,|||,|||,|||,|||,|||,|||,|||,|||,|||,|||
120.24.83.57,120.24.83.57,00000000000000000000000000000000000000000000000000000000000000,|||,|||,|||,|||,|||,|||,|||,|||,|||,|||
94.178.206.182,94.178.206.182,00000000000000000000000000000000000000000000000000000000000000,|||,|||,|||,|||,|||,|||,|||,|||,|||,|||
94.28.123.145,94.28.123.145,00000000000000000000000000000000000000000000000000000000000000,|||,|||,|||,|||,|||,|||,|||,|||,|||,|||
95.181.161.170,95.181.161.170,00000000000000000000000000000000000000000000000000000000000000,|||,|||,|||,|||,|||,|||,|||,|||,|||,|||
94.20.77.77,94.20.77.77,00000000000000000000000000000000000000000000000000000000000000,|||,|||,|||,|||,|||,|||,|||,|||,|||,|||
95.182.105.102,95.182.105.102,00000000000000000000000000000000000000000000000000000000000000,|||,|||,|||,|||,|||,|||,|||,|||,|||,|||
95.142.223.165,95.142.223.165,00000000000000000000000000000000000000000000000000000000000000,|||,|||,|||,|||,|||,|||,|||,|||,|||,|||
94.156.58.69,94.156.58.69,00000000000000000000000000000000000000000000000000000000000000,|||,|||,|||,|||,|||,|||,|||,|||,|||,|||
95.181.161.63,95.181.161.63,00000000000000000000000000000000000000000000000000000000000000,|||,|||,|||,|||,|||,|||,|||,|||,|||,|||
93.181.250.158,93.181.250.158,00000000000000000000000000000000000000000000000000000000000000,|||,|||,|||,|||,|||,|||,|||,|||,|||,|||
92.63.197.88,92.63.197.88,00000000000000000000000000000000000000000000000000000000000000,|||,|||,|||,|||,|||,|||,|||,|||,|||,|||
94.43.10.199,94.43.10.199,00000000000000000000000000000000000000000000000000000000000000,|||,|||,|||,|||,|||,|||,|||,|||,|||,|||
120.24.220.194,120.24.220.194,00000000000000000000000000000000000000000000000000000000000000,|||,|||,|||,|||,|||,|||,|||,|||,|||,|||
93.49.247.215,93.49.247.215,00000000000000000000000000000000000000000000000000000000000000,|||,|||,|||,|||,|||,|||,|||,|||,|||,|||
95.111.193.24,95.111.193.24,00000000000000000000000000000000000000000000000000000000000000,|||,|||,|||,|||,|||,|||,|||,|||,|||,|||
112.74.32.162,112.74.32.162,00000000000000000000000000000000000000000000000000000000000000,|||,|||,|||,|||,|||,|||,|||,|||,|||,|||
117.50.3.142,117.50.3.142,00000000000000000000000000000000000000000000000000000000000000,|||,|||,|||,|||,|||,|||,|||,|||,|||,|||
118.174.0.244,118.174.0.244,00000000000000000000000000000000000000000000000000000000000000,|||,|||,|||,|||,|||,|||,|||,|||,|||,|||
120.25.201.51,120.25.201.51,00000000000000000000000000000000000000000000000000000000000000,|||,|||,|||,|||,|||,|||,|||,|||,|||,|||
93.47.14.23,93.47.14.23,00000000000000000000000000000000000000000000000000000000000000,|||,|||,|||,|||,|||,|||,|||,|||,|||,|||
94.183.43.137,94.183.43.137,00000000000000000000000000000000000000000000000000000000000000,|||,|||,|||,|||,|||,|||,|||,|||,|||,|||
95.65.95.10,95.65.95.10,00000000000000000000000000000000000000000000000000000000000000,|||,|||,|||,|||,|||,|||,|||,|||,|||,|||
116.255.205.42,116.255.205.42,3fd3fd0003fd3fd21c42d42d000000307ee0eb468e9fdb5cfcd698a80a67ef,cca8|0303|h2|ff01-0000-0001-000b-0023-0010-0017,cca8|0303|h2|ff01-0000-0001-000b-0023-0010-0017,|||,cca8|0303||ff01-0000-0001-000b-0023-0017,cca8|0303||ff01-0000-0001-000b-0023-0017,c013|0302|h2|ff01-0000-0001-000b-0023-0010-0017,1302|0303||002b-0033,1302|0303||002b-0033,|||,|||
120.25.195.89,120.25.195.89,00000000000000000000000000000000000000000000000000000000000000,|||,|||,|||,|||,|||,|||,|||,|||,|||,|||
120.25.236.218,120.25.236.218,00000000000000000000000000000000000000000000000000000000000000,|||,|||,|||,|||,|||,|||,|||,|||,|||,|||
95.46.137.33,95.46.137.33,00000000000000000000000000000000000000000000000000000000000000,|||,|||,|||,|||,|||,|||,|||,|||,|||,|||
94.214.231.1,94.214.231.1,00000000000000000000000000000000000000000000000000000000000000,|||,|||,|||,|||,|||,|||,|||,|||,|||,|||
120.24.181.140,120.24.181.140,00000000000000000000000000000000000000000000000000000000000000,|||,|||,|||,|||,|||,|||,|||,|||,|||,|||
94.45.173.117,94.45.173.117,00000000000000000000000000000000000000000000000000000000000000,|||,|||,|||,|||,|||,|||,|||,|||,|||,|||
120.24.176.202,120.24.176.202,00000000000000000000000000000000000000000000000000000000000000,|||,|||,|||,|||,|||,|||,|||,|||,|||,|||
96.9.86.13,96.9.86.13,00000000000000000000000000000000000000000000000000000000000000,|||,|||,|||,|||,|||,|||,|||,|||,|||,|||
95.184.112.226,95.184.112.226,00000000000000000000000000000000000000000000000000000000000000,|||,|||,|||,|||,|||,|||,|||,|||,|||,|||
120.25.178.253,120.25.178.253,00000000000000000000000000000000000000000000000000000000000000,|||,|||,|||,|||,|||,|||,|||,|||,|||,|||
120.24.178.155,120.24.178.155,00000000000000000000000000000000000000000000000000000000000000,|||,|||,|||,|||,|||,|||,|||,|||,|||,|||
97.94.125.197,97.94.125.197,00000000000000000000000000000000000000000000000000000000000000,|||,|||,|||,|||,|||,|||,|||,|||,|||,|||
94.245.135.255,94.245.135.255,00000000000000000000000000000000000000000000000000000000000000,|||,|||,|||,|||,|||,|||,|||,|||,|||,|||
94.102.56.216,94.102.56.216,00000000000000000000000000000000000000000000000000000000000000,|||,|||,|||,|||,|||,|||,|||,|||,|||,|||
95.132.239.240,95.132.239.240,00000000000000000000000000000000000000000000000000000000000000,|||,|||,|||,|||,|||,|||,|||,|||,|||,|||
97.107.132.113,97.107.132.113,00000000000000000000000000000000000000000000000000000000000000,|||,|||,|||,|||,|||,|||,|||,|||,|||,|||
94.142.59.223,94.142.59.223,00000000000000000000000000000000000000000000000000000000000000,|||,|||,|||,|||,|||,|||,|||,|||,|||,|||
120.195.28.59,120.195.28.59,00000000000000000000000000000000000000000000000000000000000000,|||,|||,|||,|||,|||,|||,|||,|||,|||,|||
95.7.185.41,95.7.185.41,00000000000000000000000000000000000000000000000000000000000000,|||,|||,|||,|||,|||,|||,|||,|||,|||,|||
118.174.0.243,118.174.0.243,00000000000000000000000000000000000000000000000000000000000000,|||,|||,|||,|||,|||,|||,|||,|||,|||,|||
95.163.12.113,95.163.12.113,00000000000000000000000000000000000000000000000000000000000000,|||,|||,|||,|||,|||,|||,|||,|||,|||,|||
119.91.227.89,119.91.227.89,00000000000000000000000000000000000000000000000000000000000000,|||,|||,|||,|||,|||,|||,|||,|||,|||,|||
95.179.155.33,95.179.155.33,00000000000000000000000000000000000000000000000000000000000000,|||,|||,|||,|||,|||,|||,|||,|||,|||,|||
96.58.135.29,96.58.135.29,00000000000000000000000000000000000000000000000000000000000000,|||,|||,|||,|||,|||,|||,|||,|||,|||,|||
118.195.181.95,118.195.181.95,00000000000000000000000000000000000000000000000000000000000000,|||,|||,|||,|||,|||,|||,|||,|||,|||,|||
120.24.151.34,120.24.151.34,00000000000000000000000000000000000000000000000000000000000000,|||,|||,|||,|||,|||,|||,|||,|||,|||,|||
120.25.244.90,120.25.244.90,00000000000000000000000000000000000000000000000000000000000000,|||,|||,|||,|||,|||,|||,|||,|||,|||,|||
120.48.19.12,120.48.19.12,00000000000000000000000000000000000000000000000000000000000000,|||,|||,|||,|||,|||,|||,|||,|||,|||,|||
120.24.219.30,120.24.219.30,00000000000000000000000000000000000000000000000000000000000000,|||,|||,|||,|||,|||,|||,|||,|||,|||,|||
114.33.88.104,114.33.88.104,04b02b00004b04b04b04b02b04b04b9674c6b4e623ae36cc2d998e99e2262e,000a|0301||ff01-0023,0005|0301||ff01-0023,|||,000a|0301||ff01-0023,000a|0301||ff01-0023,000a|0301||ff01-0023,000a|0301||ff01-0023,0005|0301||ff01-0023,000a|0301||ff01-0023,000a|0301||ff01-0023
120.24.185.181,120.24.185.181,00000000000000000000000000000000000000000000000000000000000000,|||,|||,|||,|||,|||,|||,|||,|||,|||,|||
97.124.159.17,97.124.159.17,00000000000000000000000000000000000000000000000000000000000000,|||,|||,|||,|||,|||,|||,|||,|||,|||,|||
94.230.158.158,94.230.158.158,00000000000000000000000000000000000000000000000000000000000000,|||,|||,|||,|||,|||,|||,|||,|||,|||,|||
94.52.236.4,94.52.236.4,00000000000000000000000000000000000000000000000000000000000000,|||,|||,|||,|||,|||,|||,|||,|||,|||,|||
95.155.36.152,95.155.36.152,00000000000000000000000000000000000000000000000000000000000000,|||,|||,|||,|||,|||,|||,|||,|||,|||,|||
95.180.234.192,95.180.234.192,00000000000000000000000000000000000000000000000000000000000000,|||,|||,|||,|||,|||,|||,|||,|||,|||,|||
96.18.89.244,96.18.89.244,00000000000000000000000000000000000000000000000000000000000000,|||,|||,|||,|||,|||,|||,|||,|||,|||,|||
94.226.195.190,94.226.195.190,00000000000000000000000000000000000000000000000000000000000000,|||,|||,|||,|||,|||,|||,|||,|||,|||,|||
120.48.8.208,120.48.8.208,00000000000000000000000000000000000000000000000000000000000000,|||,|||,|||,|||,|||,|||,|||,|||,|||,|||
96.250.230.102,96.250.230.102,00000000000000000000000000000000000000000000000000000000000000,|||,|||,|||,|||,|||,|||,|||,|||,|||,|||
96.39.230.12,96.39.230.12,00000000000000000000000000000000000000000000000000000000000000,|||,|||,|||,|||,|||,|||,|||,|||,|||,|||
120.26.124.246,120.26.124.246,00000000000000000000000000000000000000000000000000000000000000,|||,|||,|||,|||,|||,|||,|||,|||,|||,|||
96.78.178.158,96.78.178.158,00000000000000000000000000000000000000000000000000000000000000,|||,|||,|||,|||,|||,|||,|||,|||,|||,|||
97.114.34.197,97.114.34.197,00000000000000000000000000000000000000000000000000000000000000,|||,|||,|||,|||,|||,|||,|||,|||,|||,|||
96.242.123.170,96.242.123.170,00000000000000000000000000000000000000000000000000000000000000,|||,|||,|||,|||,|||,|||,|||,|||,|||,|||
95.78.252.209,95.78.252.209,00000000000000000000000000000000000000000000000000000000000000,|||,|||,|||,|||,|||,|||,|||,|||,|||,|||
96.77.172.246,96.77.172.246,00000000000000000000000000000000000000000000000000000000000000,|||,|||,|||,|||,|||,|||,|||,|||,|||,|||
100.1.203.187,100.1.203.187,00000000000000000000000000000000000000000000000000000000000000,|||,|||,|||,|||,|||,|||,|||,|||,|||,|||
97.77.23.34,97.77.23.34,00000000000000000000000000000000000000000000000000000000000000,|||,|||,|||,|||,|||,|||,|||,|||,|||,|||
98.13.40.224,98.13.40.224,00000000000000000000000000000000000000000000000000000000000000,|||,|||,|||,|||,|||,|||,|||,|||,|||,|||
99.247.230.105,99.247.230.105,00000000000000000000000000000000000000000000000000000000000000,|||,|||,|||,|||,|||,|||,|||,|||,|||,|||
99.247.165.60,99.247.165.60,00000000000000000000000000000000000000000000000000000000000000,|||,|||,|||,|||,|||,|||,|||,|||,|||,|||
94.41.9.4,94.41.9.4,00000000000000000000000000000000000000000000000000000000000000,|||,|||,|||,|||,|||,|||,|||,|||,|||,|||
120.195.161.2,120.195.161.2,00000000000000000000000000000000000000000000000000000000000000,|||,|||,|||,|||,|||,|||,|||,|||,|||,|||
96.67.220.81,96.67.220.81,00000000000000000000000000000000000000000000000000000000000000,|||,|||,|||,|||,|||,|||,|||,|||,|||,|||
98.35.94.164,98.35.94.164,00000000000000000000000000000000000000000000000000000000000000,|||,|||,|||,|||,|||,|||,|||,|||,|||,|||
120.48.29.205,120.48.29.205,00000000000000000000000000000000000000000000000000000000000000,|||,|||,|||,|||,|||,|||,|||,|||,|||,|||
120.26.195.12,120.26.195.12,00000000000000000000000000000000000000000000000000000000000000,|||,|||,|||,|||,|||,|||,|||,|||,|||,|||
120.27.228.99,120.27.228.99,00000000000000000000000000000000000000000000000000000000000000,|||,|||,|||,|||,|||,|||,|||,|||,|||,|||
99.191.26.11,99.191.26.11,00000000000000000000000000000000000000000000000000000000000000,|||,|||,|||,|||,|||,|||,|||,|||,|||,|||
120.27.141.38,120.27.141.38,00000000000000000000000000000000000000000000000000000000000000,|||,|||,|||,|||,|||,|||,|||,|||,|||,|||
112.133.106.140,112.133.106.140,06b06b00006b06b06b06b06b06b06bd3b67dd3674d9af9dd91c1955a35d0e9,002f|0301||0017-ff01,002f|0301||0017-ff01,|||,002f|0301||0017-ff01,002f|0301||0017-ff01,002f|0301||0017-ff01,002f|0301||0017-ff01,002f|0301||0017-ff01,002f|0301||0017-ff01,002f|0301||0017-ff01
96.84.216.149,96.84.216.149,00000000000000000000000000000000000000000000000000000000000000,|||,|||,|||,|||,|||,|||,|||,|||,|||,|||
99.229.107.244,99.229.107.244,00000000000000000000000000000000000000000000000000000000000000,|||,|||,|||,|||,|||,|||,|||,|||,|||,|||
98.155.22.46,98.155.22.46,00000000000000000000000000000000000000000000000000000000000000,|||,|||,|||,|||,|||,|||,|||,|||,|||,|||
100.11.192.57,100.11.192.57,00000000000000000000000000000000000000000000000000000000000000,|||,|||,|||,|||,|||,|||,|||,|||,|||,|||
120.26.86.129,120.26.86.129,00000000000000000000000000000000000000000000000000000000000000,|||,|||,|||,|||,|||,|||,|||,|||,|||,|||
98.6.205.218,98.6.205.218,00000000000000000000000000000000000000000000000000000000000000,|||,|||,|||,|||,|||,|||,|||,|||,|||,|||
120.27.149.160,120.27.149.160,00000000000000000000000000000000000000000000000000000000000000,|||,|||,|||,|||,|||,|||,|||,|||,|||,|||
120.27.231.72,120.27.231.72,00000000000000000000000000000000000000000000000000000000000000,|||,|||,|||,|||,|||,|||,|||,|||,|||,|||
120.26.76.157,120.26.76.157,00000000000000000000000000000000000000000000000000000000000000,|||,|||,|||,|||,|||,|||,|||,|||,|||,|||
120.26.218.121,120.26.218.121,00000000000000000000000000000000000000000000000000000000000000,|||,|||,|||,|||,|||,|||,|||,|||,|||,|||
99.74.255.250,99.74.255.250,00000000000000000000000000000000000000000000000000000000000000,|||,|||,|||,|||,|||,|||,|||,|||,|||,|||
99.251.32.2,99.251.32.2,00000000000000000000000000000000000000000000000000000000000000,|||,|||,|||,|||,|||,|||,|||,|||,|||,|||
98.172.191.151,98.172.191.151,00000000000000000000000000000000000000000000000000000000000000,|||,|||,|||,|||,|||,|||,|||,|||,|||,|||
98.202.235.205,98.202.235.205,00000000000000000000000000000000000000000000000000000000000000,|||,|||,|||,|||,|||,|||,|||,|||,|||,|||
99.247.164.165,99.247.164.165,00000000000000000000000000000000000000000000000000000000000000,|||,|||,|||,|||,|||,|||,|||,|||,|||,|||
120.27.216.52,120.27.216.52,00000000000000000000000000000000000000000000000000000000000000,|||,|||,|||,|||,|||,|||,|||,|||,|||,|||
100.38.123.92,100.38.123.92,00000000000000000000000000000000000000000000000000000000000000,|||,|||,|||,|||,|||,|||,|||,|||,|||,|||
98.217.123.169,98.217.123.169,00000000000000000000000000000000000000000000000000000000000000,|||,|||,|||,|||,|||,|||,|||,|||,|||,|||
100.33.49.81,100.33.49.81,00000000000000000000000000000000000000000000000000000000000000,|||,|||,|||,|||,|||,|||,|||,|||,|||,|||
117.50.18.197,117.50.18.197,00000000000000000000000000000000000000000000000000000000000000,|||,|||,|||,|||,|||,|||,|||,|||,|||,|||
115.40.209.56,115.40.209.56,00000000000000000000000000000000000000000000000000000000000000,|||,|||,|||,|||,|||,|||,|||,|||,|||,|||
101.100.159.59,101.100.159.59,00000000000000000000000000000000000000000000000000000000000000,|||,|||,|||,|||,|||,|||,|||,|||,|||,|||
96.225.177.99,96.225.177.99,00000000000000000000000000000000000000000000000000000000000000,|||,|||,|||,|||,|||,|||,|||,|||,|||,|||
100.2.171.203,100.2.171.203,00000000000000000000000000000000000000000000000000000000000000,|||,|||,|||,|||,|||,|||,|||,|||,|||,|||
97.74.228.64,97.74.228.64,00000000000000000000000000000000000000000000000000000000000000,|||,|||,|||,|||,|||,|||,|||,|||,|||,|||
120.76.194.135,120.76.194.135,00000000000000000000000000000000000000000000000000000000000000,|||,|||,|||,|||,|||,|||,|||,|||,|||,|||
101.118.138.243,101.118.138.243,00000000000000000000000000000000000000000000000000000000000000,|||,|||,|||,|||,|||,|||,|||,|||,|||,|||
99.35.124.46,99.35.124.46,00000000000000000000000000000000000000000000000000000000000000,|||,|||,|||,|||,|||,|||,|||,|||,|||,|||
115.165.214.9,115.165.214.9,04b02b00004b04b04b04b02b04b04b9674c6b4e623ae36cc2d998e99e2262e,000a|0301||ff01-0023,0005|0301||ff01-0023,|||,000a|0301||ff01-0023,000a|0301||ff01-0023,000a|0301||ff01-0023,000a|0301||ff01-0023,0005|0301||ff01-0023,000a|0301||ff01-0023,000a|0301||ff01-0023
120.76.176.99,120.76.176.99,00000000000000000000000000000000000000000000000000000000000000,|||,|||,|||,|||,|||,|||,|||,|||,|||,|||
100.12.20.150,100.12.20.150,00000000000000000000000000000000000000000000000000000000000000,|||,|||,|||,|||,|||,|||,|||,|||,|||,|||
95.181.161.84,95.181.161.84,00000000000000000000000000000000000000000000000000000000000000,|||,|||,|||,|||,|||,|||,|||,|||,|||,|||
100.12.237.143,100.12.237.143,00000000000000000000000000000000000000000000000000000000000000,|||,|||,|||,|||,|||,|||,|||,|||,|||,|||
99.124.192.48,99.124.192.48,00000000000000000000000000000000000000000000000000000000000000,|||,|||,|||,|||,|||,|||,|||,|||,|||,|||
100.38.53.227,100.38.53.227,00000000000000000000000000000000000000000000000000000000000000,|||,|||,|||,|||,|||,|||,|||,|||,|||,|||
98.167.23.158,98.167.23.158,00000000000000000000000000000000000000000000000000000000000000,|||,|||,|||,|||,|||,|||,|||,|||,|||,|||
119.8.7.73,119.8.7.73,2ad2ad0002ad2ad00042d42d0000005d86ccb1a0567e012264097a0315d7a7,c030|0303|h2|ff01-0000-0001-000b-0023-0010-0017,c030|0303|h2|ff01-0000-0001-000b-0023-0010-0017,|||,c030|0303||ff01-0000-0001-000b-0023-0017,c030|0303||ff01-0000-0001-000b-0023-0017,|||,1302|0303||002b-0033,1302|0303||002b-0033,|||,|||
98.151.88.104,98.151.88.104,00000000000000000000000000000000000000000000000000000000000000,|||,|||,|||,|||,|||,|||,|||,|||,|||,|||
120.27.221.207,120.27.221.207,00000000000000000000000000000000000000000000000000000000000000,|||,|||,|||,|||,|||,|||,|||,|||,|||,|||
119.252.143.94,119.252.143.94,29d0bd00029d29d04c29d0bd29d29dead8f3569bd3f300f76c2a1aaa156928,c02f|0303||ff01-000b-0023-0017,003d|0303||ff01-0023-0017,|||,c02f|0303||ff01-000b-0023-0017,c02f|0303||ff01-000b-0023-0017,000a|0302||ff01-0023-0017,c02f|0303||ff01-000b-0023-0017,003d|0303||ff01-0023-0017,c02f|0303||ff01-000b-0023-0017,c02f|0303||ff01-000b-0023-0017
99.93.195.235,99.93.195.235,00000000000000000000000000000000000000000000000000000000000000,|||,|||,|||,|||,|||,|||,|||,|||,|||,|||
120.55.82.51,120.55.82.51,00000000000000000000000000000000000000000000000000000000000000,|||,|||,|||,|||,|||,|||,|||,|||,|||,|||
120.76.133.14,120.76.133.14,00000000000000000000000000000000000000000000000000000000000000,|||,|||,|||,|||,|||,|||,|||,|||,|||,|||
118.31.251.200,118.31.251.200,29d29d20d29d29d22c29d29d29d29d8e917db1de9d33002d70770504a55ef7,c02f|0303|http/1.1|0000-ff01-000b-0023-0010,c02f|0303|http/1.1|0000-ff01-000b-0023-0010,c012|0303|http/1.1|0000-ff01-000b-0023-0010,c02f|0303||0000-ff01-000b-0023,c02f|0303||0000-ff01-000b-0023,c014|0302|http/1.1|0000-ff01-000b-0023-0010,c02f|0303|http/1.1|0000-ff01-000b-0023-0010,c02f|0303|http/1.1|0000-ff01-000b-0023-0010,c02f|0303|http/1.1|0000-ff01-000b-0023-0010,c02f|0303|http/1.1|0000-ff01-000b-0023-0010
120.77.170.70,120.77.170.70,00000000000000000000000000000000000000000000000000000000000000,|||,|||,|||,|||,|||,|||,|||,|||,|||,|||
120.27.229.251,120.27.229.251,00000000000000000000000000000000000000000000000000000000000000,|||,|||,|||,|||,|||,|||,|||,|||,|||,|||
120.76.245.193,120.76.245.193,00000000000000000000000000000000000000000000000000000000000000,|||,|||,|||,|||,|||,|||,|||,|||,|||,|||
101.251.207.59,101.251.207.59,00000000000000000000000000000000000000000000000000000000000000,|||,|||,|||,|||,|||,|||,|||,|||,|||,|||
120.76.55.22,120.76.55.22,00000000000000000000000000000000000000000000000000000000000000,|||,|||,|||,|||,|||,|||,|||,|||,|||,|||
120.27.228.230,120.27.228.230,00000000000000000000000000000000000000000000000000000000000000,|||,|||,|||,|||,|||,|||,|||,|||,|||,|||
101.234.76.51,101.234.76.51,00000000000000000000000000000000000000000000000000000000000000,|||,|||,|||,|||,|||,|||,|||,|||,|||,|||
120.77.222.153,120.77.222.153,00000000000000000000000000000000000000000000000000000000000000,|||,|||,|||,|||,|||,|||,|||,|||,|||,|||
101.132.128.61,101.132.128.61,00000000000000000000000000000000000000000000000000000000000000,|||,|||,|||,|||,|||,|||,|||,|||,|||,|||
120.77.253.79,120.77.253.79,00000000000000000000000000000000000000000000000000000000000000,|||,|||,|||,|||,|||,|||,|||,|||,|||,|||
101.200.76.9,101.200.76.9,00000000000000000000000000000000000000000000000000000000000000,|||,|||,|||,|||,|||,|||,|||,|||,|||,|||
98.23.141.244,98.23.141.244,00000000000000000000000000000000000000000000000000000000000000,|||,|||,|||,|||,|||,|||,|||,|||,|||,|||
120.78.206.230,120.78.206.230,00000000000000000000000000000000000000000000000000000000000000,|||,|||,|||,|||,|||,|||,|||,|||,|||,|||
101.201.232.25,101.201.232.25,00000000000000000000000000000000000000000000000000000000000000,|||,|||,|||,|||,|||,|||,|||,|||,|||,|||
120.78.13.143,120.78.13.143,00000000000000000000000000000000000000000000000000000000000000,|||,|||,|||,|||,|||,|||,|||,|||,|||,|||
95.65.98.184,95.65.98.184,00000000000000000000000000000000000000000000000000000000000000,|||,|||,|||,|||,|||,|||,|||,|||,|||,|||
101.133.153.123,101.133.153.123,00000000000000000000000000000000000000000000000000000000000000,|||,|||,|||,|||,|||,|||,|||,|||,|||,|||
118.36.240.156,118.36.240.156,00000000000000000000000000000000000000000000000000000000000000,|||,|||,|||,|||,|||,|||,|||,|||,|||,|||
101.230.114.3,101.230.114.3,00000000000000000000000000000000000000000000000000000000000000,|||,|||,|||,|||,|||,|||,|||,|||,|||,|||
98.116.62.106,98.116.62.106,00000000000000000000000000000000000000000000000000000000000000,|||,|||,|||,|||,|||,|||,|||,|||,|||,|||
118.131.47.75,118.131.47.75,04b02b00004b04b04b04b02b04b04b9674c6b4e623ae36cc2d998e99e2262e,000a|0301||ff01-0023,0005|0301||ff01-0023,|||,000a|0301||ff01-0023,000a|0301||ff01-0023,000a|0301||ff01-0023,000a|0301||ff01-0023,0005|0301||ff01-0023,000a|0301||ff01-0023,000a|0301||ff01-0023
120.76.201.43,120.76.201.43,00000000000000000000000000000000000000000000000000000000000000,|||,|||,|||,|||,|||,|||,|||,|||,|||,|||
119.3.51.40,119.3.51.40,00000000000000000000000000000000000000000000000000000000000000,|||,|||,|||,|||,|||,|||,|||,|||,|||,|||
120.78.207.90,120.78.207.90,00000000000000000000000000000000000000000000000000000000000000,|||,|||,|||,|||,|||,|||,|||,|||,|||,|||
120.25.203.29,120.25.203.29,00000000000000000000000000000000000000000000000000000000000000,|||,|||,|||,|||,|||,|||,|||,|||,|||,|||
120.79.156.93,120.79.156.93,00000000000000000000000000000000000000000000000000000000000000,|||,|||,|||,|||,|||,|||,|||,|||,|||,|||
120.78.76.182,120.78.76.182,00000000000000000000000000000000000000000000000000000000000000,|||,|||,|||,|||,|||,|||,|||,|||,|||,|||
120.77.242.29,120.77.242.29,00000000000000000000000000000000000000000000000000000000000000,|||,|||,|||,|||,|||,|||,|||,|||,|||,|||
101.180.88.144,101.180.88.144,00000000000000000000000000000000000000000000000000000000000000,|||,|||,|||,|||,|||,|||,|||,|||,|||,|||
101.132.136.2,101.132.136.2,00000000000000000000000000000000000000000000000000000000000000,|||,|||,|||,|||,|||,|||,|||,|||,|||,|||
116.88.158.168,116.88.158.168,07d10d11d06d06d07c07d10d07d06da441f40918707087561e2af18cf76f0e,0033|0303||ff01-0023,0084|0303||ff01-0023,0088|0303||ff01-0023,002f|0303||ff01-0023,002f|0303||ff01-0023,0033|0302||ff01-0023,0033|0303||ff01-0023,0084|0303||ff01-0023,0033|0303||ff01-0023,002f|0303||ff01-0023
120.79.211.232,120.79.211.232,00000000000000000000000000000000000000000000000000000000000000,|||,|||,|||,|||,|||,|||,|||,|||,|||,|||
120.79.189.55,120.79.189.55,00000000000000000000000000000000000000000000000000000000000000,|||,|||,|||,|||,|||,|||,|||,|||,|||,|||
101.200.235.120,101.200.235.120,00000000000000000000000000000000000000000000000000000000000000,|||,|||,|||,|||,|||,|||,|||,|||,|||,|||
120.79.198.192,120.79.198.192,00000000000000000000000000000000000000000000000000000000000000,|||,|||,|||,|||,|||,|||,|||,|||,|||,|||
101.200.125.235,101.200.125.235,00000000000000000000000000000000000000000000000000000000000000,|||,|||,|||,|||,|||,|||,|||,|||,|||,|||
101.224.168.231,101.224.168.231,00000000000000000000000000000000000000000000000000000000000000,|||,|||,|||,|||,|||,|||,|||,|||,|||,|||
120.78.176.77,120.78.176.77,00000000000000000000000000000000000000000000000000000000000000,|||,|||,|||,|||,|||,|||,|||,|||,|||,|||
119.46.176.222,119.46.176.222,14d14d09d14d14d08c14d14d14d14dc5c12909cabb273058cc881ddb7a738d,009d|0303||0017,009d|0303||0017,0039|0303||0017,009d|0303||0017,009d|0303||0017,0035|0302||0017,009d|0303||0017,009d|0303||0017,009d|0303||0017,009d|0303||0017
120.55.99.57,120.55.99.57,00000000000000000000000000000000000000000000000000000000000000,|||,|||,|||,|||,|||,|||,|||,|||,|||,|||
120.24.192.69,120.24.192.69,00000000000000000000000000000000000000000000000000000000000000,|||,|||,|||,|||,|||,|||,|||,|||,|||,|||
120.79.74.39,120.79.74.39,00000000000000000000000000000000000000000000000000000000000000,|||,|||,|||,|||,|||,|||,|||,|||,|||,|||
120.78.164.234,120.78.164.234,00000000000000000000000000000000000000000000000000000000000000,|||,|||,|||,|||,|||,|||,|||,|||,|||,|||
101.33.230.230,101.33.230.230,00000000000000000000000000000000000000000000000000000000000000,|||,|||,|||,|||,|||,|||,|||,|||,|||,|||
101.35.138.144,101.35.138.144,00000000000000000000000000000000000000000000000000000000000000,|||,|||,|||,|||,|||,|||,|||,|||,|||,|||
120.78.235.69,120.78.235.69,00000000000000000000000000000000000000000000000000000000000000,|||,|||,|||,|||,|||,|||,|||,|||,|||,|||
120.77.253.177,120.77.253.177,00000000000000000000000000000000000000000000000000000000000000,|||,|||,|||,|||,|||,|||,|||,|||,|||,|||
116.87.46.128,116.87.46.128,07d10d11d06d06d07c07d10d07d06da441f40918707087561e2af18cf76f0e,0033|0303||ff01-0023,0084|0303||ff01-0023,0088|0303||ff01-0023,002f|0303||ff01-0023,002f|0303||ff01-0023,0033|0302||ff01-0023,0033|0303||ff01-0023,0084|0303||ff01-0023,0033|0303||ff01-0023,002f|0303||ff01-0023
117.2.97.232,117.2.97.232,06b06b00006b06b06b06b06b06b06b2bb1101b28b790bf5d9d4dcad463fdc2,002f|0301||ff01,002f|0301||ff01,|||,002f|0301||ff01,002f|0301||ff01,002f|0301||ff01,002f|0301||ff01,002f|0301||ff01,002f|0301||ff01,002f|0301||ff01
120.48.3.194,120.48.3.194,00000000000000000000000000000000000000000000000000000000000000,|||,|||,|||,|||,|||,|||,|||,|||,|||,|||
120.92.155.28,120.92.155.28,00000000000000000000000000000000000000000000000000000000000000,|||,|||,|||,|||,|||,|||,|||,|||,|||,|||
120.26.11.170,120.26.11.170,00000000000000000000000000000000000000000000000000000000000000,|||,|||,|||,|||,|||,|||,|||,|||,|||,|||
120.78.169.70,120.78.169.70,00000000000000000000000000000000000000000000000000000000000000,|||,|||,|||,|||,|||,|||,|||,|||,|||,|||
120.26.161.214,120.26.161.214,00000000000000000000000000000000000000000000000000000000000000,|||,|||,|||,|||,|||,|||,|||,|||,|||,|||
120.48.13.25,120.48.13.25,00000000000000000000000000000000000000000000000000000000000000,|||,|||,|||,|||,|||,|||,|||,|||,|||,|||
120.92.147.164,120.92.147.164,00000000000000000000000000000000000000000000000000000000000000,|||,|||,|||,|||,|||,|||,|||,|||,|||,|||
101.35.18.48,101.35.18.48,00000000000000000000000000000000000000000000000000000000000000,|||,|||,|||,|||,|||,|||,|||,|||,|||,|||
101.204.222.48,101.204.222.48,00000000000000000000000000000000000000000000000000000000000000,|||,|||,|||,|||,|||,|||,|||,|||,|||,|||
101.226.254.33,101.226.254.33,00000000000000000000000000000000000000000000000000000000000000,|||,|||,|||,|||,|||,|||,|||,|||,|||,|||
101.34.148.79,101.34.148.79,00000000000000000000000000000000000000000000000000000000000000,|||,|||,|||,|||,|||,|||,|||,|||,|||,|||
101.132.45.41,101.132.45.41,00000000000000000000000000000000000000000000000000000000000000,|||,|||,|||,|||,|||,|||,|||,|||,|||,|||
101.200.178.153,101.200.178.153,00000000000000000000000000000000000000000000000000000000000000,|||,|||,|||,|||,|||,|||,|||,|||,|||,|||
101.35.86.155,101.35.86.155,00000000000000000000000000000000000000000000000000000000000000,|||,|||,|||,|||,|||,|||,|||,|||,|||,|||
101.34.165.177,101.34.165.177,00000000000000000000000000000000000000000000000000000000000000,|||,|||,|||,|||,|||,|||,|||,|||,|||,|||
101.204.24.152,101.204.24.152,00000000000000000000000000000000000000000000000000000000000000,|||,|||,|||,|||,|||,|||,|||,|||,|||,|||
101.205.122.226,101.205.122.226,00000000000000000000000000000000000000000000000000000000000000,|||,|||,|||,|||,|||,|||,|||,|||,|||,|||
94.74.72.55,94.74.72.55,00000000000000000000000000000000000000000000000000000000000000,|||,|||,|||,|||,|||,|||,|||,|||,|||,|||
120.27.23.215,120.27.23.215,00000000000000000000000000000000000000000000000000000000000000,|||,|||,|||,|||,|||,|||,|||,|||,|||,|||
119.91.114.63,119.91.114.63,00000000000000000000000000000000000000000000000000000000000000,|||,|||,|||,|||,|||,|||,|||,|||,|||,|||
120.79.213.246,120.79.213.246,00000000000000000000000000000000000000000000000000000000000000,|||,|||,|||,|||,|||,|||,|||,|||,|||,|||
95.79.107.72,95.79.107.72,00000000000000000000000000000000000000000000000000000000000000,|||,|||,|||,|||,|||,|||,|||,|||,|||,|||
101.33.238.152,101.33.238.152,00000000000000000000000000000000000000000000000000000000000000,|||,|||,|||,|||,|||,|||,|||,|||,|||,|||
101.33.220.240,101.33.220.240,00000000000000000000000000000000000000000000000000000000000000,|||,|||,|||,|||,|||,|||,|||,|||,|||,|||
101.33.252.103,101.33.252.103,00000000000000000000000000000000000000000000000000000000000000,|||,|||,|||,|||,|||,|||,|||,|||,|||,|||
101.35.47.221,101.35.47.221,00000000000000000000000000000000000000000000000000000000000000,|||,|||,|||,|||,|||,|||,|||,|||,|||,|||
119.160.196.114,119.160.196.114,2ad2ad0002ad2ad22c2ad2ad2ad2ad4d38a7b5ffb0e5536d09513d9de81205,c030|0303||ff01-000b-0023,c030|0303||ff01-000b-0023,|||,c030|0303||ff01-000b-0023,c030|0303||ff01-000b-0023,c014|0302||ff01-000b-0023,c030|0303||ff01-000b-0023,c030|0303||ff01-000b-0023,c030|0303||ff01-000b-0023,c030|0303||ff01-000b-0023
101.37.145.31,101.37.145.31,00000000000000000000000000000000000000000000000000000000000000,|||,|||,|||,|||,|||,|||,|||,|||,|||,|||
101.36.118.12,101.36.118.12,00000000000000000000000000000000000000000000000000000000000000,|||,|||,|||,|||,|||,|||,|||,|||,|||,|||
101.33.198.20,101.33.198.20,00000000000000000000000000000000000000000000000000000000000000,|||,|||,|||,|||,|||,|||,|||,|||,|||,|||
121.196.145.205,121.196.145.205,00000000000000000000000000000000000000000000000000000000000000,|||,|||,|||,|||,|||,|||,|||,|||,|||,|||
110.77.138.125,110.77.138.125,00000000000000000000000000000000000000000000000000000000000000,|||,|||,|||,|||,|||,|||,|||,|||,|||,|||
98.128.180.154,98.128.180.154,00000000000000000000000000000000000000000000000000000000000000,|||,|||,|||,|||,|||,|||,|||,|||,|||,|||
121.199.14.41,121.199.14.41,00000000000000000000000000000000000000000000000000000000000000,|||,|||,|||,|||,|||,|||,|||,|||,|||,|||
101.200.78.47,101.200.78.47,00000000000000000000000000000000000000000000000000000000000000,|||,|||,|||,|||,|||,|||,|||,|||,|||,|||
101.28.148.115,101.28.148.115,00000000000000000000000000000000000000000000000000000000000000,|||,|||,|||,|||,|||,|||,|||,|||,|||,|||
101.204.223.225,101.204.223.225,00000000000000000000000000000000000000000000000000000000000000,|||,|||,|||,|||,|||,|||,|||,|||,|||,|||
121.125.236.229,121.125.236.229,00000000000000000000000000000000000000000000000000000000000000,|||,|||,|||,|||,|||,|||,|||,|||,|||,|||
101.35.241.114,101.35.241.114,00000000000000000000000000000000000000000000000000000000000000,|||,|||,|||,|||,|||,|||,|||,|||,|||,|||
101.35.249.243,101.35.249.243,00000000000000000000000000000000000000000000000000000000000000,|||,|||,|||,|||,|||,|||,|||,|||,|||,|||
101.34.204.239,101.34.204.239,00000000000000000000000000000000000000000000000000000000000000,|||,|||,|||,|||,|||,|||,|||,|||,|||,|||
101.37.254.210,101.37.254.210,00000000000000000000000000000000000000000000000000000000000000,|||,|||,|||,|||,|||,|||,|||,|||,|||,|||
101.34.179.118,101.34.179.118,00000000000000000000000000000000000000000000000000000000000000,|||,|||,|||,|||,|||,|||,|||,|||,|||,|||
121.36.24.110,121.36.24.110,00000000000000000000000000000000000000000000000000000000000000,|||,|||,|||,|||,|||,|||,|||,|||,|||,|||
2.55.103.238,2.55.103.238,00000000000000000000000000000000000000000000000000000000000000,|||,|||,|||,|||,|||,|||,|||,|||,|||,|||
121.254.106.128,121.254.106.128,00000000000000000000000000000000000000000000000000000000000000,|||,|||,|||,|||,|||,|||,|||,|||,|||,|||
121.28.199.78,121.28.199.78,00000000000000000000000000000000000000000000000000000000000000,|||,|||,|||,|||,|||,|||,|||,|||,|||,|||
121.161.181.115,121.161.181.115,00000000000000000000000000000000000000000000000000000000000000,|||,|||,|||,|||,|||,|||,|||,|||,|||,|||
120.79.140.199,120.79.140.199,00000000000000000000000000000000000000000000000000000000000000,|||,|||,|||,|||,|||,|||,|||,|||,|||,|||
101.34.66.244,101.34.66.244,00000000000000000000000000000000000000000000000000000000000000,|||,|||,|||,|||,|||,|||,|||,|||,|||,|||
101.43.205.28,101.43.205.28,00000000000000000000000000000000000000000000000000000000000000,|||,|||,|||,|||,|||,|||,|||,|||,|||,|||
119.246.94.223,119.246.94.223,05d02d16d04d04d05c05d02d05d04d7991b0b1ad2cbf06082e3b1a9dcaaa8d,0016|0303||0000-ff01-0023,0005|0303||0000-ff01-0023,009f|0303||0000-ff01-0023,000a|0303||0000-ff01-0023,000a|0303||0000-ff01-0023,0016|0302||0000-ff01-0023,0016|0303||0000-ff01-0023,0005|0303||0000-ff01-0023,0016|0303||0000-ff01-0023,000a|0303||0000-ff01-0023
118.91.91.21,118.91.91.21,21d14d00021d21d21c42d43d0000007abc6200da92c2a1b69c0a56366cbe21,c013|0303||ff01-0001-000b-0023-0017,009d|0303||ff01-0001-0023-0017,|||,c013|0303||ff01-0001-000b-0023-0017,c013|0303||ff01-0001-000b-0023-0017,c013|0302||ff01-0001-000b-0023-0017,1302|0303||002b-0033,1303|0303||002b-0033,|||,|||
121.159.7.51,121.159.7.51,00000000000000000000000000000000000000000000000000000000000000,|||,|||,|||,|||,|||,|||,|||,|||,|||,|||
121.136.56.159,121.136.56.159,00000000000000000000000000000000000000000000000000000000000000,|||,|||,|||,|||,|||,|||,|||,|||,|||,|||
101.35.152.74,101.35.152.74,00000000000000000000000000000000000000000000000000000000000000,|||,|||,|||,|||,|||,|||,|||,|||,|||,|||
120.55.94.249,120.55.94.249,00000000000000000000000000000000000000000000000000000000000000,|||,|||,|||,|||,|||,|||,|||,|||,|||,|||
121.164.207.38,121.164.207.38,00000000000000000000000000000000000000000000000000000000000000,|||,|||,|||,|||,|||,|||,|||,|||,|||,|||
101.43.17.182,101.43.17.182,00000000000000000000000000000000000000000000000000000000000000,|||,|||,|||,|||,|||,|||,|||,|||,|||,|||
121.185.85.70,121.185.85.70,00000000000000000000000000000000000000000000000000000000000000,|||,|||,|||,|||,|||,|||,|||,|||,|||,|||
121.148.185.149,121.148.185.149,00000000000000000000000000000000000000000000000000000000000000,|||,|||,|||,|||,|||,|||,|||,|||,|||,|||
101.43.188.192,101.43.188.192,00000000000000000000000000000000000000000000000000000000000000,|||,|||,|||,|||,|||,|||,|||,|||,|||,|||
121.153.178.191,121.153.178.191,00000000000000000000000000000000000000000000000000000000000000,|||,|||,|||,|||,|||,|||,|||,|||,|||,|||
121.152.84.56,121.152.84.56,00000000000000000000000000000000000000000000000000000000000000,|||,|||,|||,|||,|||,|||,|||,|||,|||,|||
121.36.68.1,121.36.68.1,00000000000000000000000000000000000000000000000000000000000000,|||,|||,|||,|||,|||,|||,|||,|||,|||,|||
121.141.19.94,121.141.19.94,00000000000000000000000000000000000000000000000000000000000000,|||,|||,|||,|||,|||,|||,|||,|||,|||,|||
120.79.145.223,120.79.145.223,00000000000000000000000000000000000000000000000000000000000000,|||,|||,|||,|||,|||,|||,|||,|||,|||,|||
119.247.19.226,119.247.19.226,2ad2ad16d2ad2ad22c2ad2ad2ad2ad579b2ec9bfaf00aff9d6fe780b7932ae,c030|0303||0000-ff01-000b-0023,c030|0303||0000-ff01-000b-0023,009f|0303||0000-ff01-0023,c030|0303||0000-ff01-000b-0023,c030|0303||0000-ff01-000b-0023,c014|0302||0000-ff01-000b-0023,c030|0303||0000-ff01-000b-0023,c030|0303||0000-ff01-000b-0023,c030|0303||0000-ff01-000b-0023,c030|0303||0000-ff01-000b-0023
101.36.97.81,101.36.97.81,00000000000000000000000000000000000000000000000000000000000000,|||,|||,|||,|||,|||,|||,|||,|||,|||,|||
121.199.23.62,121.199.23.62,00000000000000000000000000000000000000000000000000000000000000,|||,|||,|||,|||,|||,|||,|||,|||,|||,|||
101.68.79.154,101.68.79.154,00000000000000000000000000000000000000000000000000000000000000,|||,|||,|||,|||,|||,|||,|||,|||,|||,|||
121.199.32.53,121.199.32.53,00000000000000000000000000000000000000000000000000000000000000,|||,|||,|||,|||,|||,|||,|||,|||,|||,|||
121.196.186.140,121.196.186.140,00000000000000000000000000000000000000000000000000000000000000,|||,|||,|||,|||,|||,|||,|||,|||,|||,|||
102.182.120.58,102.182.120.58,00000000000000000000000000000000000000000000000000000000000000,|||,|||,|||,|||,|||,|||,|||,|||,|||,|||
121.196.101.253,121.196.101.253,00000000000000000000000000000000000000000000000000000000000000,|||,|||,|||,|||,|||,|||,|||,|||,|||,|||
101.35.195.73,101.35.195.73,00000000000000000000000000000000000000000000000000000000000000,|||,|||,|||,|||,|||,|||,|||,|||,|||,|||
106.53.223.243,106.53.223.243,00000000000000000000000000000000000000000000000000000000000000,|||,|||,|||,|||,|||,|||,|||,|||,|||,|||
101.43.111.75,101.43.111.75,00000000000000000000000000000000000000000000000000000000000000,|||,|||,|||,|||,|||,|||,|||,|||,|||,|||
101.201.35.189,101.201.35.189,00000000000000000000000000000000000000000000000000000000000000,|||,|||,|||,|||,|||,|||,|||,|||,|||,|||
121.201.94.145,121.201.94.145,00000000000000000000000000000000000000000000000000000000000000,|||,|||,|||,|||,|||,|||,|||,|||,|||,|||
101.37.33.112,101.37.33.112,00000000000000000000000000000000000000000000000000000000000000,|||,|||,|||,|||,|||,|||,|||,|||,|||,|||
101.43.176.216,101.43.176.216,00000000000000000000000000000000000000000000000000000000000000,|||,|||,|||,|||,|||,|||,|||,|||,|||,|||
101.78.3.247,101.78.3.247,00000000000000000000000000000000000000000000000000000000000000,|||,|||,|||,|||,|||,|||,|||,|||,|||,|||
101.34.235.187,101.34.235.187,00000000000000000000000000000000000000000000000000000000000000,|||,|||,|||,|||,|||,|||,|||,|||,|||,|||
101.43.105.178,101.43.105.178,00000000000000000000000000000000000000000000000000000000000000,|||,|||,|||,|||,|||,|||,|||,|||,|||,|||
101.34.78.251,101.34.78.251,00000000000000000000000000000000000000000000000000000000000000,|||,|||,|||,|||,|||,|||,|||,|||,|||,|||
119.96.133.192,119.96.133.192,26d26d16d26d26d22c26d26d26d26dfd9c9d14e4f4f67f94f0359f8b28f532,c028|0303||0017-ff01,c028|0303||0017-ff01,009f|0303||0017-ff01,c028|0303||0017-ff01,c028|0303||0017-ff01,c014|0302||0017-ff01,c028|0303||0017-ff01,c028|0303||0017-ff01,c028|0303||0017-ff01,c028|0303||0017-ff01
121.199.34.106,121.199.34.106,00000000000000000000000000000000000000000000000000000000000000,|||,|||,|||,|||,|||,|||,|||,|||,|||,|||
121.199.58.72,121.199.58.72,00000000000000000000000000000000000000000000000000000000000000,|||,|||,|||,|||,|||,|||,|||,|||,|||,|||
120.48.18.213,120.48.18.213,00000000000000000000000000000000000000000000000000000000000000,|||,|||,|||,|||,|||,|||,|||,|||,|||,|||
111.68.96.187,111.68.96.187,2ad2ad16d2ad2ad00042d42d000000ead4c7821dac1ea7708430b3c7f92929,c030|0303|http/1.1|ff01-0001-000b-0023-0010-0017,c030|0303|http/1.1|ff01-0001-000b-0023-0010-0017,009f|0303|http/1.1|ff01-0001-0023-0010-0017,c030|0303||ff01-0001-000b-0023-0017,c030|0303||ff01-0001-000b-0023-0017,|||,1302|0303||002b-0033,1302|0303||002b-0033,|||,|||
121.180.249.224,121.180.249.224,00000000000000000000000000000000000000000000000000000000000000,|||,|||,|||,|||,|||,|||,|||,|||,|||,|||
121.40.242.184,121.40.242.184,00000000000000000000000000000000000000000000000000000000000000,|||,|||,|||,|||,|||,|||,|||,|||,|||,|||
121.201.101.241,121.201.101.241,00000000000000000000000000000000000000000000000000000000000000,|||,|||,|||,|||,|||,|||,|||,|||,|||,|||
121.40.223.17,121.40.223.17,00000000000000000000000000000000000000000000000000000000000000,|||,|||,|||,|||,|||,|||,|||,|||,|||,|||
121.40.153.178,121.40.153.178,00000000000000000000000000000000000000000000000000000000000000,|||,|||,|||,|||,|||,|||,|||,|||,|||,|||
121.40.221.151,121.40.221.151,00000000000000000000000000000000000000000000000000000000000000,|||,|||,|||,|||,|||,|||,|||,|||,|||,|||
120.24.42.154,120.24.42.154,07d2ad16d21d21d00042d41d00041d47e4e0ae17960b2a5b4fd6107fbb0926,0033|0303||0001-0017-ff01,c030|0303||0001-0017-ff01,009f|0303||0001-0017-ff01,c013|0303||0001-0017-ff01,c013|0303||0001-0017-ff01,|||,1302|0303||002b-002c-0033,1301|0303||002b-002c-0033,|||,1301|0303||002b-002c-0033
121.4.168.122,121.4.168.122,00000000000000000000000000000000000000000000000000000000000000,|||,|||,|||,|||,|||,|||,|||,|||,|||,|||
120.26.184.64,120.26.184.64,00000000000000000000000000000000000000000000000000000000000000,|||,|||,|||,|||,|||,|||,|||,|||,|||,|||
121.40.254.115,121.40.254.115,00000000000000000000000000000000000000000000000000000000000000,|||,|||,|||,|||,|||,|||,|||,|||,|||,|||
121.196.103.103,121.196.103.103,00000000000000000000000000000000000000000000000000000000000000,|||,|||,|||,|||,|||,|||,|||,|||,|||,|||
121.28.56.179,121.28.56.179,00000000000000000000000000000000000000000000000000000000000000,|||,|||,|||,|||,|||,|||,|||,|||,|||,|||
121.4.181.206,121.4.181.206,00000000000000000000000000000000000000000000000000000000000000,|||,|||,|||,|||,|||,|||,|||,|||,|||,|||
121.4.112.118,121.4.112.118,00000000000000000000000000000000000000000000000000000000000000,|||,|||,|||,|||,|||,|||,|||,|||,|||,|||
121.169.34.119,121.169.34.119,00000000000000000000000000000000000000000000000000000000000000,|||,|||,|||,|||,|||,|||,|||,|||,|||,|||
121.40.63.43,121.40.63.43,00000000000000000000000000000000000000000000000000000000000000,|||,|||,|||,|||,|||,|||,|||,|||,|||,|||
47.254.242.93,47.254.242.93,07d19d1ad21d21d00042d43d0000000adb85743f9b185b8deb52bd9380cb21,0033|0303|http/1.1|ff01-0000-0001-0023-0010-0017,00c0|0303|http/1.1|ff01-0000-0001-0023-0010-0017,00c4|0303|http/1.1|ff01-0000-0001-0023-0010-0017,c013|0303|http/1.1|ff01-0000-0001-000b-0023-0010-0017,c013|0303|http/1.1|ff01-0000-0001-000b-0023-0010-0017,|||,1302|0303||002b-0033,1303|0303||002b-0033,|||,|||
103.121.174.111,103.121.174.111,00000000000000000000000000000000000000000000000000000000000000,|||,|||,|||,|||,|||,|||,|||,|||,|||,|||
121.40.56.90,121.40.56.90,00000000000000000000000000000000000000000000000000000000000000,|||,|||,|||,|||,|||,|||,|||,|||,|||,|||
121.40.216.155,121.40.216.155,00000000000000000000000000000000000000000000000000000000000000,|||,|||,|||,|||,|||,|||,|||,|||,|||,|||
121.4.242.142,121.4.242.142,00000000000000000000000000000000000000000000000000000000000000,|||,|||,|||,|||,|||,|||,|||,|||,|||,|||
120.52.157.131,120.52.157.131,01b01b05b01b01b01b01b01b01b01be3b0c44298fc1c149afbf4c8996fb924,0004|0301||,0004|0301||,0016|0301||,0004|0301||,0004|0301||,0004|0301||,0004|0301||,0004|0301||,0004|0301||,0004|0301||
120.48.7.102,120.48.7.102,00000000000000000000000000000000000000000000000000000000000000,|||,|||,|||,|||,|||,|||,|||,|||,|||,|||
119.110.71.50,119.110.71.50,20d02d20d21d20d20c20d02d20d20ddede3e7f3496248a2e00f779eee74c7f,c012|0303||ff01-000b-0023,0005|0303||ff01-0023,c012|0303||ff01-000b-0023,c013|0303||ff01-000b-0023,c012|0303||ff01-000b-0023,c012|0302||ff01-000b-0023,c012|0303||ff01-000b-0023,0005|0303||ff01-0023,c012|0303||ff01-000b-0023,c012|0303||ff01-000b-0023
114.55.236.65,114.55.236.65,2ad2ad16d2ad2ad22c2ad2ad2ad2ad47321614530b94a96fa03d06e666d6d6,c030|0303|http/1.1|ff01-000b-0023-0010,c030|0303|http/1.1|ff01-000b-0023-0010,009f|0303|http/1.1|ff01-0023-0010,c030|0303||ff01-000b-0023,c030|0303||ff01-000b-0023,c014|0302|http/1.1|ff01-000b-0023-0010,c030|0303|http/1.1|ff01-000b-0023-0010,c030|0303|http/1.1|ff01-000b-0023-0010,c030|0303|http/1.1|ff01-000b-0023-0010,c030|0303|http/1.1|ff01-000b-0023-0010
120.25.26.88,120.25.26.88,3fd3fd0003fd3fd21c42d42d000000307ee0eb468e9fdb5cfcd698a80a67ef,cca8|0303|h2|ff01-0000-0001-000b-0023-0010-0017,cca8|0303|h2|ff01-0000-0001-000b-0023-0010-0017,|||,cca8|0303||ff01-0000-0001-000b-0023-0017,cca8|0303||ff01-0000-0001-000b-0023-0017,c013|0302|h2|ff01-0000-0001-000b-0023-0010-0017,1302|0303||002b-0033,1302|0303||002b-0033,|||,|||
120.25.215.83,120.25.215.83,07d10d11d21d21d07c07d10d07d21d4c24f9a1cf1df168bb1f7ed5d7f42ac8,0033|0303|http/1.1|ff01-0023-0010,0084|0303|http/1.1|ff01-0023-0010,0088|0303|http/1.1|ff01-0023-0010,c013|0303||ff01-000b-0023,c013|0303||ff01-000b-0023,0033|0302|http/1.1|ff01-0023-0010,0033|0303|http/1.1|ff01-0023-0010,0084|0303|http/1.1|ff01-0023-0010,0033|0303|http/1.1|ff01-0023-0010,c013|0303|http/1.1|ff01-000b-0023-0010
121.40.50.210,121.40.50.210,00000000000000000000000000000000000000000000000000000000000000,|||,|||,|||,|||,|||,|||,|||,|||,|||,|||
121.4.83.133,121.4.83.133,00000000000000000000000000000000000000000000000000000000000000,|||,|||,|||,|||,|||,|||,|||,|||,|||,|||
121.41.19.6,121.41.19.6,00000000000000000000000000000000000000000000000000000000000000,|||,|||,|||,|||,|||,|||,|||,|||,|||,|||
114.35.152.245,114.35.152.245,04b02b00004b04b04b04b02b04b04b9674c6b4e623ae36cc2d998e99e2262e,000a|0301||ff01-0023,0005|0301||ff01-0023,|||,000a|0301||ff01-0023,000a|0301||ff01-0023,000a|0301||ff01-0023,000a|0301||ff01-0023,0005|0301||ff01-0023,000a|0301||ff01-0023,000a|0301||ff01-0023
120.25.235.62,120.25.235.62,2ad2ad0002ad2ad22c2ad2ad2ad2ad6a7bd8f51d54bfc07e1cd34e5ca50bb3,c030|0303|http/1.1|0000-ff01-000b-0023-0010,c030|0303|http/1.1|0000-ff01-000b-0023-0010,|||,c030|0303||0000-ff01-000b-0023,c030|0303||0000-ff01-000b-0023,c014|0302|http/1.1|0000-ff01-000b-0023-0010,c030|0303|http/1.1|0000-ff01-000b-0023-0010,c030|0303|http/1.1|0000-ff01-000b-0023-0010,c030|0303|http/1.1|0000-ff01-000b-0023-0010,c030|0303|http/1.1|0000-ff01-000b-0023-0010
121.40.131.73,121.40.131.73,00000000000000000000000000000000000000000000000000000000000000,|||,|||,|||,|||,|||,|||,|||,|||,|||,|||
121.169.34.16,121.169.34.16,00000000000000000000000000000000000000000000000000000000000000,|||,|||,|||,|||,|||,|||,|||,|||,|||,|||
121.4.245.53,121.4.245.53,00000000000000000000000000000000000000000000000000000000000000,|||,|||,|||,|||,|||,|||,|||,|||,|||,|||
120.26.140.51,120.26.140.51,00000000000000000000000000000000000000000000000000000000000000,|||,|||,|||,|||,|||,|||,|||,|||,|||,|||
121.179.3.99,121.179.3.99,00000000000000000000000000000000000000000000000000000000000000,|||,|||,|||,|||,|||,|||,|||,|||,|||,|||
101.53.248.70,101.53.248.70,00000000000000000000000000000000000000000000000000000000000000,|||,|||,|||,|||,|||,|||,|||,|||,|||,|||
101.65.132.250,101.65.132.250,00000000000000000000000000000000000000000000000000000000000000,|||,|||,|||,|||,|||,|||,|||,|||,|||,|||
101.43.100.133,101.43.100.133,00000000000000000000000000000000000000000000000000000000000000,|||,|||,|||,|||,|||,|||,|||,|||,|||,|||
101.71.249.186,101.71.249.186,00000000000000000000000000000000000000000000000000000000000000,|||,|||,|||,|||,|||,|||,|||,|||,|||,|||
121.169.34.176,121.169.34.176,00000000000000000000000000000000000000000000000000000000000000,|||,|||,|||,|||,|||,|||,|||,|||,|||,|||
101.66.172.51,101.66.172.51,00000000000000000000000000000000000000000000000000000000000000,|||,|||,|||,|||,|||,|||,|||,|||,|||,|||
101.87.22.60,101.87.22.60,00000000000000000000000000000000000000000000000000000000000000,|||,|||,|||,|||,|||,|||,|||,|||,|||,|||
121.169.34.66,121.169.34.66,00000000000000000000000000000000000000000000000000000000000000,|||,|||,|||,|||,|||,|||,|||,|||,|||,|||
102.182.144.44,102.182.144.44,00000000000000000000000000000000000000000000000000000000000000,|||,|||,|||,|||,|||,|||,|||,|||,|||,|||
101.43.149.120,101.43.149.120,00000000000000000000000000000000000000000000000000000000000000,|||,|||,|||,|||,|||,|||,|||,|||,|||,|||
103.1.105.36,103.1.105.36,00000000000000000000000000000000000000000000000000000000000000,|||,|||,|||,|||,|||,|||,|||,|||,|||,|||
101.67.148.2,101.67.148.2,00000000000000000000000000000000000000000000000000000000000000,|||,|||,|||,|||,|||,|||,|||,|||,|||,|||
101.43.147.17,101.43.147.17,00000000000000000000000000000000000000000000000000000000000000,|||,|||,|||,|||,|||,|||,|||,|||,|||,|||
101.43.86.150,101.43.86.150,00000000000000000000000000000000000000000000000000000000000000,|||,|||,|||,|||,|||,|||,|||,|||,|||,|||
101.35.48.27,101.35.48.27,00000000000000000000000000000000000000000000000000000000000000,|||,|||,|||,|||,|||,|||,|||,|||,|||,|||
103.105.23.242,103.105.23.242,00000000000000000000000000000000000000000000000000000000000000,|||,|||,|||,|||,|||,|||,|||,|||,|||,|||
101.43.165.223,101.43.165.223,00000000000000000000000000000000000000000000000000000000000000,|||,|||,|||,|||,|||,|||,|||,|||,|||,|||
121.154.226.39,121.154.226.39,00000000000000000000000000000000000000000000000000000000000000,|||,|||,|||,|||,|||,|||,|||,|||,|||,|||
103.121.89.65,103.121.89.65,00000000000000000000000000000000000000000000000000000000000000,|||,|||,|||,|||,|||,|||,|||,|||,|||,|||
103.122.34.142,103.122.34.142,00000000000000000000000000000000000000000000000000000000000000,|||,|||,|||,|||,|||,|||,|||,|||,|||,|||
103.119.55.3,103.119.55.3,00000000000000000000000000000000000000000000000000000000000000,|||,|||,|||,|||,|||,|||,|||,|||,|||,|||
101.69.241.14,101.69.241.14,00000000000000000000000000000000000000000000000000000000000000,|||,|||,|||,|||,|||,|||,|||,|||,|||,|||
103.107.60.2,103.107.60.2,00000000000000000000000000000000000000000000000000000000000000,|||,|||,|||,|||,|||,|||,|||,|||,|||,|||
101.43.77.141,101.43.77.141,00000000000000000000000000000000000000000000000000000000000000,|||,|||,|||,|||,|||,|||,|||,|||,|||,|||
101.35.165.39,101.35.165.39,00000000000000000000000000000000000000000000000000000000000000,|||,|||,|||,|||,|||,|||,|||,|||,|||,|||
103.124.152.215,103.124.152.215,00000000000000000000000000000000000000000000000000000000000000,|||,|||,|||,|||,|||,|||,|||,|||,|||,|||
101.95.166.58,101.95.166.58,00000000000000000000000000000000000000000000000000000000000000,|||,|||,|||,|||,|||,|||,|||,|||,|||,|||
103.133.105.9,103.133.105.9,00000000000000000000000000000000000000000000000000000000000000,|||,|||,|||,|||,|||,|||,|||,|||,|||,|||
103.127.83.164,103.127.83.164,00000000000000000000000000000000000000000000000000000000000000,|||,|||,|||,|||,|||,|||,|||,|||,|||,|||
103.138.109.174,103.138.109.174,00000000000000000000000000000000000000000000000000000000000000,|||,|||,|||,|||,|||,|||,|||,|||,|||,|||
101.37.25.26,101.37.25.26,00000000000000000000000000000000000000000000000000000000000000,|||,|||,|||,|||,|||,|||,|||,|||,|||,|||
103.114.107.129,103.114.107.129,00000000000000000000000000000000000000000000000000000000000000,|||,|||,|||,|||,|||,|||,|||,|||,|||,|||
103.127.124.228,103.127.124.228,00000000000000000000000000000000000000000000000000000000000000,|||,|||,|||,|||,|||,|||,|||,|||,|||,|||
121.169.34.24,121.169.34.24,00000000000000000000000000000000000000000000000000000000000000,|||,|||,|||,|||,|||,|||,|||,|||,|||,|||
103.114.105.206,103.114.105.206,00000000000000000000000000000000000000000000000000000000000000,|||,|||,|||,|||,|||,|||,|||,|||,|||,|||
102.47.64.137,102.47.64.137,00000000000000000000000000000000000000000000000000000000000000,|||,|||,|||,|||,|||,|||,|||,|||,|||,|||
101.43.153.154,101.43.153.154,00000000000000000000000000000000000000000000000000000000000000,|||,|||,|||,|||,|||,|||,|||,|||,|||,|||
103.133.110.147,103.133.110.147,00000000000000000000000000000000000000000000000000000000000000,|||,|||,|||,|||,|||,|||,|||,|||,|||,|||
103.139.45.232,103.139.45.232,00000000000000000000000000000000000000000000000000000000000000,|||,|||,|||,|||,|||,|||,|||,|||,|||,|||
102.134.149.121,102.134.149.121,00000000000000000000000000000000000000000000000000000000000000,|||,|||,|||,|||,|||,|||,|||,|||,|||,|||
101.43.159.62,101.43.159.62,00000000000000000000000000000000000000000000000000000000000000,|||,|||,|||,|||,|||,|||,|||,|||,|||,|||
103.133.107.215,103.133.107.215,00000000000000000000000000000000000000000000000000000000000000,|||,|||,|||,|||,|||,|||,|||,|||,|||,|||
101.87.93.189,101.87.93.189,00000000000000000000000000000000000000000000000000000000000000,|||,|||,|||,|||,|||,|||,|||,|||,|||,|||
121.41.109.213,121.41.109.213,00000000000000000000000000000000000000000000000000000000000000,|||,|||,|||,|||,|||,|||,|||,|||,|||,|||
121.169.34.201,121.169.34.201,00000000000000000000000000000000000000000000000000000000000000,|||,|||,|||,|||,|||,|||,|||,|||,|||,|||
101.71.143.135,101.71.143.135,00000000000000000000000000000000000000000000000000000000000000,|||,|||,|||,|||,|||,|||,|||,|||,|||,|||
121.185.16.237,121.185.16.237,00000000000000000000000000000000000000000000000000000000000000,|||,|||,|||,|||,|||,|||,|||,|||,|||,|||
101.87.255.245,101.87.255.245,00000000000000000000000000000000000000000000000000000000000000,|||,|||,|||,|||,|||,|||,|||,|||,|||,|||
103.123.73.255,103.123.73.255,00000000000000000000000000000000000000000000000000000000000000,|||,|||,|||,|||,|||,|||,|||,|||,|||,|||
103.140.127.227,103.140.127.227,00000000000000000000000000000000000000000000000000000000000000,|||,|||,|||,|||,|||,|||,|||,|||,|||,|||
103.143.73.65,103.143.73.65,00000000000000000000000000000000000000000000000000000000000000,|||,|||,|||,|||,|||,|||,|||,|||,|||,|||
102.134.149.124,102.134.149.124,00000000000000000000000000000000000000000000000000000000000000,|||,|||,|||,|||,|||,|||,|||,|||,|||,|||
118.31.106.189,118.31.106.189,29d29d00029d29d22c29d29d29d29d61178e2295aff621c4f2465a23c4364f,c02f|0303|h2|ff01-000b-0023-0010,c02f|0303|h2|ff01-000b-0023-0010,|||,c02f|0303||ff01-000b-0023,c02f|0303||ff01-000b-0023,c014|0302|h2|ff01-000b-0023-0010,c02f|0303|h2|ff01-000b-0023-0010,c02f|0303|h2|ff01-000b-0023-0010,c02f|0303|h2|ff01-000b-0023-0010,c02f|0303|h2|ff01-000b-0023-0010
121.41.199.179,121.41.199.179,00000000000000000000000000000000000000000000000000000000000000,|||,|||,|||,|||,|||,|||,|||,|||,|||,|||
103.140.180.57,103.140.180.57,00000000000000000000000000000000000000000000000000000000000000,|||,|||,|||,|||,|||,|||,|||,|||,|||,|||
121.196.111.229,121.196.111.229,00000000000000000000000000000000000000000000000000000000000000,|||,|||,|||,|||,|||,|||,|||,|||,|||,|||
103.170.92.20,103.170.92.20,00000000000000000000000000000000000000000000000000000000000000,|||,|||,|||,|||,|||,|||,|||,|||,|||,|||
121.46.130.230,121.46.130.230,00000000000000000000000000000000000000000000000000000000000000,|||,|||,|||,|||,|||,|||,|||,|||,|||,|||
101.91.127.111,101.91.127.111,00000000000000000000000000000000000000000000000000000000000000,|||,|||,|||,|||,|||,|||,|||,|||,|||,|||
102.184.219.236,102.184.219.236,00000000000000000000000000000000000000000000000000000000000000,|||,|||,|||,|||,|||,|||,|||,|||,|||,|||
103.16.46.189,103.16.46.189,00000000000000000000000000000000000000000000000000000000000000,|||,|||,|||,|||,|||,|||,|||,|||,|||,|||
121.178.242.51,121.178.242.51,00000000000000000000000000000000000000000000000000000000000000,|||,|||,|||,|||,|||,|||,|||,|||,|||,|||
121.40.16.77,121.40.16.77,00000000000000000000000000000000000000000000000000000000000000,|||,|||,|||,|||,|||,|||,|||,|||,|||,|||
121.135.221.198,121.135.221.198,00000000000000000000000000000000000000000000000000000000000000,|||,|||,|||,|||,|||,|||,|||,|||,|||,|||
121.172.10.226,121.172.10.226,00000000000000000000000000000000000000000000000000000000000000,|||,|||,|||,|||,|||,|||,|||,|||,|||,|||
121.199.36.20,121.199.36.20,00000000000000000000000000000000000000000000000000000000000000,|||,|||,|||,|||,|||,|||,|||,|||,|||,|||
121.169.57.90,121.169.57.90,00000000000000000000000000000000000000000000000000000000000000,|||,|||,|||,|||,|||,|||,|||,|||,|||,|||
120.55.162.234,120.55.162.234,00000000000000000000000000000000000000000000000000000000000000,|||,|||,|||,|||,|||,|||,|||,|||,|||,|||
121.41.167.124,121.41.167.124,00000000000000000000000000000000000000000000000000000000000000,|||,|||,|||,|||,|||,|||,|||,|||,|||,|||
120.24.165.17,120.24.165.17,29d29d00029d29d22c29d29d29d29dcb923bdf24d76ffa93e37532e1a9239b,c02f|0303|h2|ff01-0000-0001-000b-0023-0010-0017,c02f|0303|h2|ff01-0000-0001-000b-0023-0010-0017,|||,c02f|0303||ff01-0000-0001-000b-0023-0017,c02f|0303||ff01-0000-0001-000b-0023-0017,c014|0302|h2|ff01-0000-0001-000b-0023-0010-0017,c02f|0303|h2|ff01-0000-0001-000b-0023-0010-0017,c02f|0303|h2|ff01-0000-0001-000b-0023-0010-0017,c02f|0303|h2|ff01-0000-0001-000b-0023-0010-0017,c02f|0303|h2|ff01-0000-0001-000b-0023-0010-0017
101.206.108.12,101.206.108.12,00000000000000000000000000000000000000000000000000000000000000,|||,|||,|||,|||,|||,|||,|||,|||,|||,|||
120.24.88.12,120.24.88.12,00000000000000000000000000000000000000000000000000000000000000,|||,|||,|||,|||,|||,|||,|||,|||,|||,|||
103.140.126.189,103.140.126.189,00000000000000000000000000000000000000000000000000000000000000,|||,|||,|||,|||,|||,|||,|||,|||,|||,|||
121.133.250.192,121.133.250.192,00000000000000000000000000000000000000000000000000000000000000,|||,|||,|||,|||,|||,|||,|||,|||,|||,|||
121.5.49.95,121.5.49.95,00000000000000000000000000000000000000000000000000000000000000,|||,|||,|||,|||,|||,|||,|||,|||,|||,|||
121.43.128.131,121.43.128.131,00000000000000000000000000000000000000000000000000000000000000,|||,|||,|||,|||,|||,|||,|||,|||,|||,|||
103.159.133.199,103.159.133.199,00000000000000000000000000000000000000000000000000000000000000,|||,|||,|||,|||,|||,|||,|||,|||,|||,|||
103.153.77.152,103.153.77.152,00000000000000000000000000000000000000000000000000000000000000,|||,|||,|||,|||,|||,|||,|||,|||,|||,|||
118.31.229.155,118.31.229.155,21d14d00021d21d21c42d43d0000007abc6200da92c2a1b69c0a56366cbe21,c013|0303||ff01-0001-000b-0023-0017,009d|0303||ff01-0001-0023-0017,|||,c013|0303||ff01-0001-000b-0023-0017,c013|0303||ff01-0001-000b-0023-0017,c013|0302||ff01-0001-000b-0023-0017,1302|0303||002b-0033,1303|0303||002b-0033,|||,|||
121.41.3.118,121.41.3.118,00000000000000000000000000000000000000000000000000000000000000,|||,|||,|||,|||,|||,|||,|||,|||,|||,|||
121.5.177.130,121.5.177.130,00000000000000000000000000000000000000000000000000000000000000,|||,|||,|||,|||,|||,|||,|||,|||,|||,|||
121.149.137.219,121.149.137.219,00000000000000000000000000000000000000000000000000000000000000,|||,|||,|||,|||,|||,|||,|||,|||,|||,|||
122.100.227.110,122.100.227.110,00000000000000000000000000000000000000000000000000000000000000,|||,|||,|||,|||,|||,|||,|||,|||,|||,|||
121.5.241.23,121.5.241.23,00000000000000000000000000000000000000000000000000000000000000,|||,|||,|||,|||,|||,|||,|||,|||,|||,|||
103.169.34.13,103.169.34.13,00000000000000000000000000000000000000000000000000000000000000,|||,|||,|||,|||,|||,|||,|||,|||,|||,|||
120.26.226.90,120.26.226.90,06b06b00006b06b06b06b06b06b06b2bb1101b28b790bf5d9d4dcad463fdc2,002f|0301||ff01,002f|0301||ff01,|||,002f|0301||ff01,002f|0301||ff01,002f|0301||ff01,002f|0301||ff01,002f|0301||ff01,002f|0301||ff01,002f|0301||ff01
101.200.221.1,101.200.221.1,00000000000000000000000000000000000000000000000000000000000000,|||,|||,|||,|||,|||,|||,|||,|||,|||,|||
121.149.25.87,121.149.25.87,00000000000000000000000000000000000000000000000000000000000000,|||,|||,|||,|||,|||,|||,|||,|||,|||,|||
103.163.47.226,103.163.47.226,00000000000000000000000000000000000000000000000000000000000000,|||,|||,|||,|||,|||,|||,|||,|||,|||,|||
114.67.111.123,114.67.111.123,29d29d20d29d29d22c29d29d29d29d2b66a312d81ed1efa0f55830f7490cb2,c02f|0303|http/1.1|ff01-0001-000b-0023-0010-0017,c02f|0303|http/1.1|ff01-0001-000b-0023-0010-0017,c012|0303|http/1.1|ff01-0001-000b-0023-0010-0017,c02f|0303||ff01-0001-000b-0023-0017,c02f|0303||ff01-0001-000b-0023-0017,c014|0302|http/1.1|ff01-0001-000b-0023-0010-0017,c02f|0303|http/1.1|ff01-0001-000b-0023-0010-0017,c02f|0303|http/1.1|ff01-0001-000b-0023-0010-0017,c02f|0303|http/1.1|ff01-0001-000b-0023-0010-0017,c02f|0303|http/1.1|ff01-0001-000b-0023-0010-0017
121.41.24.204,121.41.24.204,00000000000000000000000000000000000000000000000000000000000000,|||,|||,|||,|||,|||,|||,|||,|||,|||,|||
101.43.52.13,101.43.52.13,00000000000000000000000000000000000000000000000000000000000000,|||,|||,|||,|||,|||,|||,|||,|||,|||,|||
120.76.209.33,120.76.209.33,29d29d20d29d29d21c29d29d29d29d3ee7a9a63f9a04383f3ae006547495ae,c02f|0303|http/1.1|ff01-000b-0023-0010,c02f|0303|http/1.1|ff01-000b-0023-0010,c012|0303|http/1.1|ff01-000b-0023-0010,c02f|0303|http/1.1|ff01-000b-0023-0010,c02f|0303|http/1.1|ff01-000b-0023-0010,c013|0302|http/1.1|ff01-000b-0023-0010,c02f|0303|http/1.1|ff01-000b-0023-0010,c02f|0303|http/1.1|ff01-000b-0023-0010,c02f|0303|http/1.1|ff01-000b-0023-0010,c02f|0303|http/1.1|ff01-000b-0023-0010
122.144.179.47,122.144.179.47,00000000000000000000000000000000000000000000000000000000000000,|||,|||,|||,|||,|||,|||,|||,|||,|||,|||
103.162.31.180,103.162.31.180,00000000000000000000000000000000000000000000000000000000000000,|||,|||,|||,|||,|||,|||,|||,|||,|||,|||
121.199.32.21,121.199.32.21,00000000000000000000000000000000000000000000000000000000000000,|||,|||,|||,|||,|||,|||,|||,|||,|||,|||
101.35.102.132,101.35.102.132,00000000000000000000000000000000000000000000000000000000000000,|||,|||,|||,|||,|||,|||,|||,|||,|||,|||
98.28.122.242,98.28.122.242,00000000000000000000000000000000000000000000000000000000000000,|||,|||,|||,|||,|||,|||,|||,|||,|||,|||
118.190.106.12,118.190.106.12,29d29d00029d29d22c29d29d29d29dc2ddcfd203d071c45b4b0ffe3d7b4b89,c02f|0303|http/1.1|ff01-0000-0001-000b-0023-0010-0017,c02f|0303|http/1.1|ff01-0000-0001-000b-0023-0010-0017,|||,c02f|0303||ff01-0000-0001-000b-0023-0017,c02f|0303||ff01-0000-0001-000b-0023-0017,c014|0302|http/1.1|ff01-0000-0001-000b-0023-0010-0017,c02f|0303|http/1.1|ff01-0000-0001-000b-0023-0010-0017,c02f|0303|http/1.1|ff01-0000-0001-000b-0023-0010-0017,c02f|0303|http/1.1|ff01-0000-0001-000b-0023-0010-0017,c02f|0303|http/1.1|ff01-0000-0001-000b-0023-0010-0017
117.121.0.81,117.121.0.81,01b01b00001b01b01b01b01b01b01b2bb1101b28b790bf5d9d4dcad463fdc2,0004|0301||ff01,0004|0301||ff01,|||,0004|0301||ff01,0004|0301||ff01,0004|0301||ff01,0004|0301||ff01,0004|0301||ff01,0004|0301||ff01,0004|0301||ff01
121.155.153.116,121.155.153.116,00000000000000000000000000000000000000000000000000000000000000,|||,|||,|||,|||,|||,|||,|||,|||,|||,|||
117.2.49.141,117.2.49.141,2ad2ad16d2ad2ad22c2ad2ad2ad2ad681cc8d109d81f5b5398d42aaaeb8ac4,c030|0303||ff01-0000-000b-0023-0017,c030|0303||ff01-0000-000b-0023-0017,009f|0303||ff01-0000-0023-0017,c030|0303||ff01-0000-000b-0023-0017,c030|0303||ff01-0000-000b-0023-0017,c014|0302||ff01-0000-000b-0023-0017,c030|0303||ff01-0000-000b-0023-0017,c030|0303||ff01-0000-000b-0023-0017,c030|0303||ff01-0000-000b-0023-0017,c030|0303||ff01-0000-000b-0023-0017
121.41.56.195,121.41.56.195,00000000000000000000000000000000000000000000000000000000000000,|||,|||,|||,|||,|||,|||,|||,|||,|||,|||
121.5.180.26,121.5.180.26,00000000000000000000000000000000000000000000000000000000000000,|||,|||,|||,|||,|||,|||,|||,|||,|||,|||
121.40.199.46,121.40.199.46,00000000000000000000000000000000000000000000000000000000000000,|||,|||,|||,|||,|||,|||,|||,|||,|||,|||
121.43.98.99,121.43.98.99,00000000000000000000000000000000000000000000000000000000000000,|||,|||,|||,|||,|||,|||,|||,|||,|||,|||
121.5.28.26,121.5.28.26,00000000000000000000000000000000000000000000000000000000000000,|||,|||,|||,|||,|||,|||,|||,|||,|||,|||
120.76.156.56,120.76.156.56,2ad2ad0002ad2ad22c2ad2ad2ad2ad6a7bd8f51d54bfc07e1cd34e5ca50bb3,c030|0303|http/1.1|0000-ff01-000b-0023-0010,c030|0303|http/1.1|0000-ff01-000b-0023-0010,|||,c030|0303||0000-ff01-000b-0023,c030|0303||0000-ff01-000b-0023,c014|0302|http/1.1|0000-ff01-000b-0023-0010,c030|0303|http/1.1|0000-ff01-000b-0023-0010,c030|0303|http/1.1|0000-ff01-000b-0023-0010,c030|0303|http/1.1|0000-ff01-000b-0023-0010,c030|0303|http/1.1|0000-ff01-000b-0023-0010
120.77.82.92,120.77.82.92,2ad2ad0002ad2ad22c2ad2ad2ad2ad881e59db99b9f67f908be168829ecef9,c030|0303|http/1.1|ff01-000b-0023-0010,c030|0303|http/1.1|ff01-000b-0023-0010,|||,c030|0303||ff01-000b-0023,c030|0303||ff01-000b-0023,c014|0302|http/1.1|ff01-000b-0023-0010,c030|0303|http/1.1|ff01-000b-0023-0010,c030|0303|http/1.1|ff01-000b-0023-0010,c030|0303|http/1.1|ff01-000b-0023-0010,c030|0303|http/1.1|ff01-000b-0023-0010
121.5.151.159,121.5.151.159,00000000000000000000000000000000000000000000000000000000000000,|||,|||,|||,|||,|||,|||,|||,|||,|||,|||
120.77.207.227,120.77.207.227,3fd3fd0003fd3fd21c3fd3fd3fd3fdc2ddcfd203d071c45b4b0ffe3d7b4b89,cca8|0303|http/1.1|ff01-0000-0001-000b-0023-0010-0017,cca8|0303|http/1.1|ff01-0000-0001-000b-0023-0010-0017,|||,cca8|0303||ff01-0000-0001-000b-0023-0017,cca8|0303||ff01-0000-0001-000b-0023-0017,c013|0302|http/1.1|ff01-0000-0001-000b-0023-0010-0017,cca8|0303|http/1.1|ff01-0000-0001-000b-0023-0010-0017,cca8|0303|http/1.1|ff01-0000-0001-000b-0023-0010-0017,cca8|0303|http/1.1|ff01-0000-0001-000b-0023-0010-0017,cca8|0303|http/1.1|ff01-0000-0001-000b-0023-0010-0017
101.34.22.80,101.34.22.80,00000000000000000000000000000000000000000000000000000000000000,|||,|||,|||,|||,|||,|||,|||,|||,|||,|||
103.236.252.80,103.236.252.80,00000000000000000000000000000000000000000000000000000000000000,|||,|||,|||,|||,|||,|||,|||,|||,|||,|||
103.212.35.220,103.212.35.220,00000000000000000000000000000000000000000000000000000000000000,|||,|||,|||,|||,|||,|||,|||,|||,|||,|||
103.159.128.26,103.159.128.26,00000000000000000000000000000000000000000000000000000000000000,|||,|||,|||,|||,|||,|||,|||,|||,|||,|||
103.255.6.111,103.255.6.111,00000000000000000000000000000000000000000000000000000000000000,|||,|||,|||,|||,|||,|||,|||,|||,|||,|||
103.20.249.2,103.20.249.2,00000000000000000000000000000000000000000000000000000000000000,|||,|||,|||,|||,|||,|||,|||,|||,|||,|||
103.250.144.146,103.250.144.146,00000000000000000000000000000000000000000000000000000000000000,|||,|||,|||,|||,|||,|||,|||,|||,|||,|||
120.55.47.180,120.55.47.180,29d29d20d29d29d22c29d29d29d29df51c60823f963b0fe11deab8efc70b4b,c02f|0303|http/1.1|ff01-000b-0023-0010,c02f|0303|http/1.1|ff01-000b-0023-0010,c012|0303|http/1.1|ff01-000b-0023-0010,c02f|0303||ff01-000b-0023,c02f|0303||ff01-000b-0023,c014|0302|http/1.1|ff01-000b-0023-0010,c02f|0303|http/1.1|ff01-000b-0023-0010,c02f|0303|http/1.1|ff01-000b-0023-0010,c02f|0303|http/1.1|ff01-000b-0023-0010,c02f|0303|http/1.1|ff01-000b-0023-0010
103.247.219.234,103.247.219.234,00000000000000000000000000000000000000000000000000000000000000,|||,|||,|||,|||,|||,|||,|||,|||,|||,|||
103.25.86.239,103.25.86.239,00000000000000000000000000000000000000000000000000000000000000,|||,|||,|||,|||,|||,|||,|||,|||,|||,|||
120.76.242.62,120.76.242.62,07d14d16d21d21d07c07d14d07d21d9b2f5869a6985368a9dec764186a9175,0033|0303||ff01-0017,009d|0303||ff01-0017,009f|0303||ff01-0017,c013|0303||ff01-0017,c013|0303||ff01-0017,0033|0302||ff01-0017,0033|0303||ff01-0017,009d|0303||ff01-0017,0033|0303||ff01-0017,c013|0303||ff01-0017
103.236.247.84,103.236.247.84,00000000000000000000000000000000000000000000000000000000000000,|||,|||,|||,|||,|||,|||,|||,|||,|||,|||
103.38.227.66,103.38.227.66,00000000000000000000000000000000000000000000000000000000000000,|||,|||,|||,|||,|||,|||,|||,|||,|||,|||
101.35.251.174,101.35.251.174,00000000000000000000000000000000000000000000000000000000000000,|||,|||,|||,|||,|||,|||,|||,|||,|||,|||
121.4.238.42,121.4.238.42,00000000000000000000000000000000000000000000000000000000000000,|||,|||,|||,|||,|||,|||,|||,|||,|||,|||
121.41.136.106,121.41.136.106,00000000000000000000000000000000000000000000000000000000000000,|||,|||,|||,|||,|||,|||,|||,|||,|||,|||
121.46.231.178,121.46.231.178,00000000000000000000000000000000000000000000000000000000000000,|||,|||,|||,|||,|||,|||,|||,|||,|||,|||
118.26.118.107,118.26.118.107,2ad2ad0002ad2ad22c2ad2ad2ad2ad6a7bd8f51d54bfc07e1cd34e5ca50bb3,c030|0303|http/1.1|0000-ff01-000b-0023-0010,c030|0303|http/1.1|0000-ff01-000b-0023-0010,|||,c030|0303||0000-ff01-000b-0023,c030|0303||0000-ff01-000b-0023,c014|0302|http/1.1|0000-ff01-000b-0023-0010,c030|0303|http/1.1|0000-ff01-000b-0023-0010,c030|0303|http/1.1|0000-ff01-000b-0023-0010,c030|0303|http/1.1|0000-ff01-000b-0023-0010,c030|0303|http/1.1|0000-ff01-000b-0023-0010
122.3.51.242,122.3.51.242,00000000000000000000000000000000000000000000000000000000000000,|||,|||,|||,|||,|||,|||,|||,|||,|||,|||
103.16.202.160,103.16.202.160,00000000000000000000000000000000000000000000000000000000000000,|||,|||,|||,|||,|||,|||,|||,|||,|||,|||
82.151.74.123,82.151.74.123,00000000000000000000000000000000000000000000000000000000000000,|||,|||,|||,|||,|||,|||,|||,|||,|||,|||
123.126.105.36,123.126.105.36,00000000000000000000000000000000000000000000000000000000000000,|||,|||,|||,|||,|||,|||,|||,|||,|||,|||
122.114.30.111,122.114.30.111,00000000000000000000000000000000000000000000000000000000000000,|||,|||,|||,|||,|||,|||,|||,|||,|||,|||
120.78.229.229,120.78.229.229,29d29d20d29d29d22c29d29d29d29df51c60823f963b0fe11deab8efc70b4b,c02f|0303|http/1.1|ff01-000b-0023-0010,c02f|0303|http/1.1|ff01-000b-0023-0010,c012|0303|http/1.1|ff01-000b-0023-0010,c02f|0303||ff01-000b-0023,c02f|0303||ff01-000b-0023,c014|0302|http/1.1|ff01-000b-0023-0010,c02f|0303|http/1.1|ff01-000b-0023-0010,c02f|0303|http/1.1|ff01-000b-0023-0010,c02f|0303|http/1.1|ff01-000b-0023-0010,c02f|0303|http/1.1|ff01-000b-0023-0010
121.199.49.63,121.199.49.63,00000000000000000000000000000000000000000000000000000000000000,|||,|||,|||,|||,|||,|||,|||,|||,|||,|||
103.207.38.214,103.207.38.214,00000000000000000000000000000000000000000000000000000000000000,|||,|||,|||,|||,|||,|||,|||,|||,|||,|||
121.4.55.207,121.4.55.207,00000000000000000000000000000000000000000000000000000000000000,|||,|||,|||,|||,|||,|||,|||,|||,|||,|||
120.55.88.226,120.55.88.226,22b22b09b22b22b22b22b22b22b22b47321614530b94a96fa03d06e666d6d6,c014|0301|http/1.1|ff01-000b-0023-0010,c014|0301|http/1.1|ff01-000b-0023-0010,0039|0301|http/1.1|ff01-0023-0010,c014|0301||ff01-000b-0023,c014|0301||ff01-000b-0023,c014|0301|http/1.1|ff01-000b-0023-0010,c014|0301|http/1.1|ff01-000b-0023-0010,c014|0301|http/1.1|ff01-000b-0023-0010,c014|0301|http/1.1|ff01-000b-0023-0010,c014|0301|http/1.1|ff01-000b-0023-0010
122.226.47.27,122.226.47.27,00000000000000000000000000000000000000000000000000000000000000,|||,|||,|||,|||,|||,|||,|||,|||,|||,|||
121.78.147.110,121.78.147.110,00000000000000000000000000000000000000000000000000000000000000,|||,|||,|||,|||,|||,|||,|||,|||,|||,|||
122.100.79.147,122.100.79.147,00000000000000000000000000000000000000000000000000000000000000,|||,|||,|||,|||,|||,|||,|||,|||,|||,|||
121.43.35.86,121.43.35.86,00000000000000000000000000000000000000000000000000000000000000,|||,|||,|||,|||,|||,|||,|||,|||,|||,|||
103.236.252.228,103.236.252.228,00000000000000000000000000000000000000000000000000000000000000,|||,|||,|||,|||,|||,|||,|||,|||,|||,|||
122.226.47.31,122.226.47.31,00000000000000000000000000000000000000000000000000000000000000,|||,|||,|||,|||,|||,|||,|||,|||,|||,|||
103.252.200.131,103.252.200.131,00000000000000000000000000000000000000000000000000000000000000,|||,|||,|||,|||,|||,|||,|||,|||,|||,|||
103.156.93.19,103.156.93.19,00000000000000000000000000000000000000000000000000000000000000,|||,|||,|||,|||,|||,|||,|||,|||,|||,|||
103.7.151.140,103.7.151.140,00000000000000000000000000000000000000000000000000000000000000,|||,|||,|||,|||,|||,|||,|||,|||,|||,|||
103.195.150.52,103.195.150.52,00000000000000000000000000000000000000000000000000000000000000,|||,|||,|||,|||,|||,|||,|||,|||,|||,|||
103.229.125.72,103.229.125.72,00000000000000000000000000000000000000000000000000000000000000,|||,|||,|||,|||,|||,|||,|||,|||,|||,|||
103.218.241.151,103.218.241.151,00000000000000000000000000000000000000000000000000000000000000,|||,|||,|||,|||,|||,|||,|||,|||,|||,|||
103.250.165.223,103.250.165.223,00000000000000000000000000000000000000000000000000000000000000,|||,|||,|||,|||,|||,|||,|||,|||,|||,|||
103.225.23.238,103.225.23.238,00000000000000000000000000000000000000000000000000000000000000,|||,|||,|||,|||,|||,|||,|||,|||,|||,|||
103.89.91.158,103.89.91.158,00000000000000000000000000000000000000000000000000000000000000,|||,|||,|||,|||,|||,|||,|||,|||,|||,|||
103.27.62.38,103.27.62.38,00000000000000000000000000000000000000000000000000000000000000,|||,|||,|||,|||,|||,|||,|||,|||,|||,|||
115.165.218.123,115.165.218.123,04b02b00004b04b04b04b02b04b04b9674c6b4e623ae36cc2d998e99e2262e,000a|0301||ff01-0023,0005|0301||ff01-0023,|||,000a|0301||ff01-0023,000a|0301||ff01-0023,000a|0301||ff01-0023,000a|0301||ff01-0023,0005|0301||ff01-0023,000a|0301||ff01-0023,000a|0301||ff01-0023
103.91.176.162,103.91.176.162,00000000000000000000000000000000000000000000000000000000000000,|||,|||,|||,|||,|||,|||,|||,|||,|||,|||
103.90.159.53,103.90.159.53,00000000000000000000000000000000000000000000000000000000000000,|||,|||,|||,|||,|||,|||,|||,|||,|||,|||
103.245.211.23,103.245.211.23,00000000000000000000000000000000000000000000000000000000000000,|||,|||,|||,|||,|||,|||,|||,|||,|||,|||
103.66.92.189,103.66.92.189,00000000000000000000000000000000000000000000000000000000000000,|||,|||,|||,|||,|||,|||,|||,|||,|||,|||
103.78.9.44,103.78.9.44,00000000000000000000000000000000000000000000000000000000000000,|||,|||,|||,|||,|||,|||,|||,|||,|||,|||
121.85.150.62,121.85.150.62,00000000000000000000000000000000000000000000000000000000000000,|||,|||,|||,|||,|||,|||,|||,|||,|||,|||
104.199.69.150,104.199.69.150,00000000000000000000000000000000000000000000000000000000000000,|||,|||,|||,|||,|||,|||,|||,|||,|||,|||
103.96.129.35,103.96.129.35,00000000000000000000000000000000000000000000000000000000000000,|||,|||,|||,|||,|||,|||,|||,|||,|||,|||
104.155.72.241,104.155.72.241,00000000000000000000000000000000000000000000000000000000000000,|||,|||,|||,|||,|||,|||,|||,|||,|||,|||
120.26.203.80,120.26.203.80,29d29d20d29d29d22c29d29d29d29dfb5de881cc847e53e47fc6dd40b422b0,c02f|0303|http/1.1|ff01-0000-0001-000b-0023-0010-0017,c02f|0303|http/1.1|ff01-0000-0001-000b-0023-0010-0017,c012|0303|http/1.1|ff01-0000-0001-000b-0023-0010-0017,c02f|0303||ff01-0000-0001-000b-0023-0017,c02f|0303||ff01-0000-0001-000b-0023-0017,c014|0302|http/1.1|ff01-0000-0001-000b-0023-0010-0017,c02f|0303|http/1.1|ff01-0000-0001-000b-0023-0010-0017,c02f|0303|http/1.1|ff01-0000-0001-000b-0023-0010-0017,c02f|0303|http/1.1|ff01-0000-0001-000b-0023-0010-0017,c02f|0303|http/1.1|ff01-0000-0001-000b-0023-0010-0017
103.35.173.132,103.35.173.132,00000000000000000000000000000000000000000000000000000000000000,|||,|||,|||,|||,|||,|||,|||,|||,|||,|||
121.134.223.69,121.134.223.69,00000000000000000000000000000000000000000000000000000000000000,|||,|||,|||,|||,|||,|||,|||,|||,|||,|||
104.155.210.43,104.155.210.43,00000000000000000000000000000000000000000000000000000000000000,|||,|||,|||,|||,|||,|||,|||,|||,|||,|||
103.151.122.22,103.151.122.22,00000000000000000000000000000000000000000000000000000000000000,|||,|||,|||,|||,|||,|||,|||,|||,|||,|||
103.228.204.132,103.228.204.132,00000000000000000000000000000000000000000000000000000000000000,|||,|||,|||,|||,|||,|||,|||,|||,|||,|||
103.45.65.121,103.45.65.121,00000000000000000000000000000000000000000000000000000000000000,|||,|||,|||,|||,|||,|||,|||,|||,|||,|||
104.152.52.182,104.152.52.182,00000000000000000000000000000000000000000000000000000000000000,|||,|||,|||,|||,|||,|||,|||,|||,|||,|||
103.46.12.210,103.46.12.210,00000000000000000000000000000000000000000000000000000000000000,|||,|||,|||,|||,|||,|||,|||,|||,|||,|||
103.97.177.11,103.97.177.11,00000000000000000000000000000000000000000000000000000000000000,|||,|||,|||,|||,|||,|||,|||,|||,|||,|||
103.35.65.125,103.35.65.125,00000000000000000000000000000000000000000000000000000000000000,|||,|||,|||,|||,|||,|||,|||,|||,|||,|||
103.206.172.171,103.206.172.171,00000000000000000000000000000000000000000000000000000000000000,|||,|||,|||,|||,|||,|||,|||,|||,|||,|||
103.119.142.192,103.119.142.192,00000000000000000000000000000000000000000000000000000000000000,|||,|||,|||,|||,|||,|||,|||,|||,|||,|||
122.226.47.23,122.226.47.23,00000000000000000000000000000000000000000000000000000000000000,|||,|||,|||,|||,|||,|||,|||,|||,|||,|||
121.5.122.220,121.5.122.220,00000000000000000000000000000000000000000000000000000000000000,|||,|||,|||,|||,|||,|||,|||,|||,|||,|||
122.226.221.124,122.226.221.124,00000000000000000000000000000000000000000000000000000000000000,|||,|||,|||,|||,|||,|||,|||,|||,|||,|||
121.5.241.224,121.5.241.224,00000000000000000000000000000000000000000000000000000000000000,|||,|||,|||,|||,|||,|||,|||,|||,|||,|||
122.51.228.232,122.51.228.232,00000000000000000000000000000000000000000000000000000000000000,|||,|||,|||,|||,|||,|||,|||,|||,|||,|||
104.155.108.57,104.155.108.57,00000000000000000000000000000000000000000000000000000000000000,|||,|||,|||,|||,|||,|||,|||,|||,|||,|||
103.236.253.93,103.236.253.93,00000000000000000000000000000000000000000000000000000000000000,|||,|||,|||,|||,|||,|||,|||,|||,|||,|||
104.199.202.242,104.199.202.242,00000000000000000000000000000000000000000000000000000000000000,|||,|||,|||,|||,|||,|||,|||,|||,|||,|||
103.89.176.139,103.89.176.139,00000000000000000000000000000000000000000000000000000000000000,|||,|||,|||,|||,|||,|||,|||,|||,|||,|||
103.226.124.37,103.226.124.37,00000000000000000000000000000000000000000000000000000000000000,|||,|||,|||,|||,|||,|||,|||,|||,|||,|||
103.9.231.85,103.9.231.85,00000000000000000000000000000000000000000000000000000000000000,|||,|||,|||,|||,|||,|||,|||,|||,|||,|||
101.35.106.123,101.35.106.123,00000000000000000000000000000000000000000000000000000000000000,|||,|||,|||,|||,|||,|||,|||,|||,|||,|||
121.158.171.165,121.158.171.165,00000000000000000000000000000000000000000000000000000000000000,|||,|||,|||,|||,|||,|||,|||,|||,|||,|||
122.226.69.59,122.226.69.59,00000000000000000000000000000000000000000000000000000000000000,|||,|||,|||,|||,|||,|||,|||,|||,|||,|||
122.51.239.38,122.51.239.38,00000000000000000000000000000000000000000000000000000000000000,|||,|||,|||,|||,|||,|||,|||,|||,|||,|||
103.90.155.61,103.90.155.61,00000000000000000000000000000000000000000000000000000000000000,|||,|||,|||,|||,|||,|||,|||,|||,|||,|||
115.140.172.67,115.140.172.67,00000000000000000000000000000000000000000000000000000000000000,|||,|||,|||,|||,|||,|||,|||,|||,|||,|||
104.152.52.188,104.152.52.188,00000000000000000000000000000000000000000000000000000000000000,|||,|||,|||,|||,|||,|||,|||,|||,|||,|||
121.145.92.175,121.145.92.175,00000000000000000000000000000000000000000000000000000000000000,|||,|||,|||,|||,|||,|||,|||,|||,|||,|||
103.96.130.75,103.96.130.75,00000000000000000000000000000000000000000000000000000000000000,|||,|||,|||,|||,|||,|||,|||,|||,|||,|||
122.51.29.117,122.51.29.117,00000000000000000000000000000000000000000000000000000000000000,|||,|||,|||,|||,|||,|||,|||,|||,|||,|||
121.5.60.114,121.5.60.114,00000000000000000000000000000000000000000000000000000000000000,|||,|||,|||,|||,|||,|||,|||,|||,|||,|||
121.148.237.205,121.148.237.205,00000000000000000000000000000000000000000000000000000000000000,|||,|||,|||,|||,|||,|||,|||,|||,|||,|||
120.53.108.62,120.53.108.62,00000000000000000000000000000000000000000000000000000000000000,|||,|||,|||,|||,|||,|||,|||,|||,|||,|||
103.39.221.47,103.39.221.47,00000000000000000000000000000000000000000000000000000000000000,|||,|||,|||,|||,|||,|||,|||,|||,|||,|||
121.41.91.187,121.41.91.187,00000000000000000000000000000000000000000000000000000000000000,|||,|||,|||,|||,|||,|||,|||,|||,|||,|||
35.192.179.181,35.192.179.181,00000000000000000000000000000000000000000000000000000000000000,|||,|||,|||,|||,|||,|||,|||,|||,|||,|||
104.199.154.73,104.199.154.73,00000000000000000000000000000000000000000000000000000000000000,|||,|||,|||,|||,|||,|||,|||,|||,|||,|||
122.116.18.29,122.116.18.29,00000000000000000000000000000000000000000000000000000000000000,|||,|||,|||,|||,|||,|||,|||,|||,|||,|||
121.41.24.232,121.41.24.232,00000000000000000000000000000000000000000000000000000000000000,|||,|||,|||,|||,|||,|||,|||,|||,|||,|||
121.129.119.62,121.129.119.62,00000000000000000000000000000000000000000000000000000000000000,|||,|||,|||,|||,|||,|||,|||,|||,|||,|||
123.151.136.244,123.151.136.244,00000000000000000000000000000000000000000000000000000000000000,|||,|||,|||,|||,|||,|||,|||,|||,|||,|||
103.245.211.25,103.245.211.25,00000000000000000000000000000000000000000000000000000000000000,|||,|||,|||,|||,|||,|||,|||,|||,|||,|||
103.5.193.66,103.5.193.66,00000000000000000000000000000000000000000000000000000000000000,|||,|||,|||,|||,|||,|||,|||,|||,|||,|||
104.168.44.236,104.168.44.236,00000000000000000000000000000000000000000000000000000000000000,|||,|||,|||,|||,|||,|||,|||,|||,|||,|||
103.171.1.13,103.171.1.13,00000000000000000000000000000000000000000000000000000000000000,|||,|||,|||,|||,|||,|||,|||,|||,|||,|||
104.199.14.30,104.199.14.30,00000000000000000000000000000000000000000000000000000000000000,|||,|||,|||,|||,|||,|||,|||,|||,|||,|||
122.51.157.252,122.51.157.252,00000000000000000000000000000000000000000000000000000000000000,|||,|||,|||,|||,|||,|||,|||,|||,|||,|||
103.53.44.218,103.53.44.218,00000000000000000000000000000000000000000000000000000000000000,|||,|||,|||,|||,|||,|||,|||,|||,|||,|||
103.80.142.155,103.80.142.155,00000000000000000000000000000000000000000000000000000000000000,|||,|||,|||,|||,|||,|||,|||,|||,|||,|||
122.116.137.169,122.116.137.169,00000000000000000000000000000000000000000000000000000000000000,|||,|||,|||,|||,|||,|||,|||,|||,|||,|||
121.42.10.239,121.42.10.239,00000000000000000000000000000000000000000000000000000000000000,|||,|||,|||,|||,|||,|||,|||,|||,|||,|||
85.172.205.250,85.172.205.250,00000000000000000000000000000000000000000000000000000000000000,|||,|||,|||,|||,|||,|||,|||,|||,|||,|||
121.46.231.172,121.46.231.172,00000000000000000000000000000000000000000000000000000000000000,|||,|||,|||,|||,|||,|||,|||,|||,|||,|||
103.44.144.4,103.44.144.4,00000000000000000000000000000000000000000000000000000000000000,|||,|||,|||,|||,|||,|||,|||,|||,|||,|||
121.5.149.83,121.5.149.83,00000000000000000000000000000000000000000000000000000000000000,|||,|||,|||,|||,|||,|||,|||,|||,|||,|||
103.42.182.114,103.42.182.114,00000000000000000000000000000000000000000000000000000000000000,|||,|||,|||,|||,|||,|||,|||,|||,|||,|||
121.89.203.226,121.89.203.226,00000000000000000000000000000000000000000000000000000000000000,|||,|||,|||,|||,|||,|||,|||,|||,|||,|||
122.117.217.74,122.117.217.74,00000000000000000000000000000000000000000000000000000000000000,|||,|||,|||,|||,|||,|||,|||,|||,|||,|||
121.199.15.184,121.199.15.184,29d29d20d29d29d22c29d29d29d29df51c60823f963b0fe11deab8efc70b4b,c02f|0303|http/1.1|ff01-000b-0023-0010,c02f|0303|http/1.1|ff01-000b-0023-0010,c012|0303|http/1.1|ff01-000b-0023-0010,c02f|0303||ff01-000b-0023,c02f|0303||ff01-000b-0023,c014|0302|http/1.1|ff01-000b-0023-0010,c02f|0303|http/1.1|ff01-000b-0023-0010,c02f|0303|http/1.1|ff01-000b-0023-0010,c02f|0303|http/1.1|ff01-000b-0023-0010,c02f|0303|http/1.1|ff01-000b-0023-0010
123.56.19.226,123.56.19.226,00000000000000000000000000000000000000000000000000000000000000,|||,|||,|||,|||,|||,|||,|||,|||,|||,|||
121.196.158.210,121.196.158.210,21d10d00021d21d21c21d10d21d21dfa4f2d467cfc282d8a9029b2af1af43b,c013|0303|http/1.1|0000-ff01-000b-0023-0010,0084|0303|http/1.1|0000-ff01-0023-0010,|||,c013|0303||0000-ff01-000b-0023,c013|0303||0000-ff01-000b-0023,c013|0302|http/1.1|0000-ff01-000b-0023-0010,c013|0303|http/1.1|0000-ff01-000b-0023-0010,0084|0303|http/1.1|0000-ff01-0023-0010,c013|0303|http/1.1|0000-ff01-000b-0023-0010,c013|0303|http/1.1|0000-ff01-000b-0023-0010
123.56.170.97,123.56.170.97,00000000000000000000000000000000000000000000000000000000000000,|||,|||,|||,|||,|||,|||,|||,|||,|||,|||
122.117.32.60,122.117.32.60,00000000000000000000000000000000000000000000000000000000000000,|||,|||,|||,|||,|||,|||,|||,|||,|||,|||
122.165.124.54,122.165.124.54,00000000000000000000000000000000000000000000000000000000000000,|||,|||,|||,|||,|||,|||,|||,|||,|||,|||
123.57.158.230,123.57.158.230,00000000000000000000000000000000000000000000000000000000000000,|||,|||,|||,|||,|||,|||,|||,|||,|||,|||
123.56.255.61,123.56.255.61,00000000000000000000000000000000000000000000000000000000000000,|||,|||,|||,|||,|||,|||,|||,|||,|||,|||
122.227.214.155,122.227.214.155,00000000000000000000000000000000000000000000000000000000000000,|||,|||,|||,|||,|||,|||,|||,|||,|||,|||
123.109.129.109,123.109.129.109,00000000000000000000000000000000000000000000000000000000000000,|||,|||,|||,|||,|||,|||,|||,|||,|||,|||
104.199.168.167,104.199.168.167,00000000000000000000000000000000000000000000000000000000000000,|||,|||,|||,|||,|||,|||,|||,|||,|||,|||
118.163.45.178,118.163.45.178,00000000000000000000000000000000000000000000000000000000000000,|||,|||,|||,|||,|||,|||,|||,|||,|||,|||
103.83.155.63,103.83.155.63,00000000000000000000000000000000000000000000000000000000000000,|||,|||,|||,|||,|||,|||,|||,|||,|||,|||
123.56.91.225,123.56.91.225,00000000000000000000000000000000000000000000000000000000000000,|||,|||,|||,|||,|||,|||,|||,|||,|||,|||
121.4.42.46,121.4.42.46,00000000000000000000000000000000000000000000000000000000000000,|||,|||,|||,|||,|||,|||,|||,|||,|||,|||
122.51.45.80,122.51.45.80,00000000000000000000000000000000000000000000000000000000000000,|||,|||,|||,|||,|||,|||,|||,|||,|||,|||
123.57.11.160,123.57.11.160,00000000000000000000000000000000000000000000000000000000000000,|||,|||,|||,|||,|||,|||,|||,|||,|||,|||
104.162.253.175,104.162.253.175,00000000000000000000000000000000000000000000000000000000000000,|||,|||,|||,|||,|||,|||,|||,|||,|||,|||
124.133.28.21,124.133.28.21,00000000000000000000000000000000000000000000000000000000000000,|||,|||,|||,|||,|||,|||,|||,|||,|||,|||
104.248.233.83,104.248.233.83,00000000000000000000000000000000000000000000000000000000000000,|||,|||,|||,|||,|||,|||,|||,|||,|||,|||
117.50.10.169,117.50.10.169,00000000000000000000000000000000000000000000000000000000000000,|||,|||,|||,|||,|||,|||,|||,|||,|||,|||
121.33.201.142,121.33.201.142,06b08b00006b06b06b06b08b06b06b9674c6b4e623ae36cc2d998e99e2262e,002f|0301||ff01-0023,0035|0301||ff01-0023,|||,002f|0301||ff01-0023,002f|0301||ff01-0023,002f|0301||ff01-0023,002f|0301||ff01-0023,0035|0301||ff01-0023,002f|0301||ff01-0023,002f|0301||ff01-0023
123.56.168.149,123.56.168.149,00000000000000000000000000000000000000000000000000000000000000,|||,|||,|||,|||,|||,|||,|||,|||,|||,|||
104.42.221.119,104.42.221.119,00000000000000000000000000000000000000000000000000000000000000,|||,|||,|||,|||,|||,|||,|||,|||,|||,|||
104.162.139.171,104.162.139.171,00000000000000000000000000000000000000000000000000000000000000,|||,|||,|||,|||,|||,|||,|||,|||,|||,|||
122.117.224.85,122.117.224.85,00000000000000000000000000000000000000000000000000000000000000,|||,|||,|||,|||,|||,|||,|||,|||,|||,|||
121.172.234.119,121.172.234.119,00000000000000000000000000000000000000000000000000000000000000,|||,|||,|||,|||,|||,|||,|||,|||,|||,|||
121.196.202.60,121.196.202.60,29d29d20d29d29d22c29d29d29d29dfb5de881cc847e53e47fc6dd40b422b0,c02f|0303|http/1.1|ff01-0000-0001-000b-0023-0010-0017,c02f|0303|http/1.1|ff01-0000-0001-000b-0023-0010-0017,c012|0303|http/1.1|ff01-0000-0001-000b-0023-0010-0017,c02f|0303||ff01-0000-0001-000b-0023-0017,c02f|0303||ff01-0000-0001-000b-0023-0017,c014|0302|http/1.1|ff01-0000-0001-000b-0023-0010-0017,c02f|0303|http/1.1|ff01-0000-0001-000b-0023-0010-0017,c02f|0303|http/1.1|ff01-0000-0001-000b-0023-0010-0017,c02f|0303|http/1.1|ff01-0000-0001-000b-0023-0010-0017,c02f|0303|http/1.1|ff01-0000-0001-000b-0023-0010-0017
118.33.167.196,118.33.167.196,00000000000000000000000000000000000000000000000000000000000000,|||,|||,|||,|||,|||,|||,|||,|||,|||,|||
128.1.34.58,128.1.34.58,00000000000000000000000000000000000000000000000000000000000000,|||,|||,|||,|||,|||,|||,|||,|||,|||,|||
104.221.116.59,104.221.116.59,00000000000000000000000000000000000000000000000000000000000000,|||,|||,|||,|||,|||,|||,|||,|||,|||,|||
123.7.55.245,123.7.55.245,00000000000000000000000000000000000000000000000000000000000000,|||,|||,|||,|||,|||,|||,|||,|||,|||,|||
104.199.76.46,104.199.76.46,00000000000000000000000000000000000000000000000000000000000000,|||,|||,|||,|||,|||,|||,|||,|||,|||,|||
104.199.228.254,104.199.228.254,00000000000000000000000000000000000000000000000000000000000000,|||,|||,|||,|||,|||,|||,|||,|||,|||,|||
104.233.173.143,104.233.173.143,00000000000000000000000000000000000000000000000000000000000000,|||,|||,|||,|||,|||,|||,|||,|||,|||,|||
104.218.164.12,104.218.164.12,00000000000000000000000000000000000000000000000000000000000000,|||,|||,|||,|||,|||,|||,|||,|||,|||,|||
104.208.109.251,104.208.109.251,00000000000000000000000000000000000000000000000000000000000000,|||,|||,|||,|||,|||,|||,|||,|||,|||,|||
128.1.42.231,128.1.42.231,00000000000000000000000000000000000000000000000000000000000000,|||,|||,|||,|||,|||,|||,|||,|||,|||,|||
122.51.216.165,122.51.216.165,00000000000000000000000000000000000000000000000000000000000000,|||,|||,|||,|||,|||,|||,|||,|||,|||,|||
122.152.207.115,122.152.207.115,00000000000000000000000000000000000000000000000000000000000000,|||,|||,|||,|||,|||,|||,|||,|||,|||,|||
104.218.165.26,104.218.165.26,00000000000000000000000000000000000000000000000000000000000000,|||,|||,|||,|||,|||,|||,|||,|||,|||,|||
104.244.77.96,104.244.77.96,00000000000000000000000000000000000000000000000000000000000000,|||,|||,|||,|||,|||,|||,|||,|||,|||,|||
121.181.111.137,121.181.111.137,00000000000000000000000000000000000000000000000000000000000000,|||,|||,|||,|||,|||,|||,|||,|||,|||,|||
104.225.216.111,104.225.216.111,00000000000000000000000000000000000000000000000000000000000000,|||,|||,|||,|||,|||,|||,|||,|||,|||,|||
128.1.34.68,128.1.34.68,00000000000000000000000000000000000000000000000000000000000000,|||,|||,|||,|||,|||,|||,|||,|||,|||,|||
104.248.44.26,104.248.44.26,00000000000000000000000000000000000000000000000000000000000000,|||,|||,|||,|||,|||,|||,|||,|||,|||,|||
121.201.119.66,121.201.119.66,0ad0ad0000ad0ad06c0ad0ad0ad0ad898ed0748554b5d9925df15eb7186a8a,003c|0303||0023-ff01,003c|0303||0023-ff01,|||,003c|0303||0023-ff01,003c|0303||0023-ff01,002f|0302||0023-ff01,003c|0303||0023-ff01,003c|0303||0023-ff01,003c|0303||0023-ff01,003c|0303||0023-ff01
124.205.183.42,124.205.183.42,00000000000000000000000000000000000000000000000000000000000000,|||,|||,|||,|||,|||,|||,|||,|||,|||,|||
106.12.107.21,106.12.107.21,00000000000000000000000000000000000000000000000000000000000000,|||,|||,|||,|||,|||,|||,|||,|||,|||,|||
104.197.249.209,104.197.249.209,00000000000000000000000000000000000000000000000000000000000000,|||,|||,|||,|||,|||,|||,|||,|||,|||,|||
78.188.42.22,78.188.42.22,00000000000000000000000000000000000000000000000000000000000000,|||,|||,|||,|||,|||,|||,|||,|||,|||,|||
118.195.188.85,118.195.188.85,00000000000000000000000000000000000000000000000000000000000000,|||,|||,|||,|||,|||,|||,|||,|||,|||,|||
123.195.32.65,123.195.32.65,00000000000000000000000000000000000000000000000000000000000000,|||,|||,|||,|||,|||,|||,|||,|||,|||,|||
120.48.12.50,120.48.12.50,2ad2ad0002ad2ad22c2ad2ad2ad2adc2ddcfd203d071c45b4b0ffe3d7b4b89,c030|0303|http/1.1|ff01-0000-0001-000b-0023-0010-0017,c030|0303|http/1.1|ff01-0000-0001-000b-0023-0010-0017,|||,c030|0303||ff01-0000-0001-000b-0023-0017,c030|0303||ff01-0000-0001-000b-0023-0017,c014|0302|http/1.1|ff01-0000-0001-000b-0023-0010-0017,c030|0303|http/1.1|ff01-0000-0001-000b-0023-0010-0017,c030|0303|http/1.1|ff01-0000-0001-000b-0023-0010-0017,c030|0303|http/1.1|ff01-0000-0001-000b-0023-0010-0017,c030|0303|http/1.1|ff01-0000-0001-000b-0023-0010-0017
104.218.50.104,104.218.50.104,00000000000000000000000000000000000000000000000000000000000000,|||,|||,|||,|||,|||,|||,|||,|||,|||,|||
104.5.110.223,104.5.110.223,00000000000000000000000000000000000000000000000000000000000000,|||,|||,|||,|||,|||,|||,|||,|||,|||,|||
104.248.93.33,104.248.93.33,00000000000000000000000000000000000000000000000000000000000000,|||,|||,|||,|||,|||,|||,|||,|||,|||,|||
106.105.119.51,106.105.119.51,00000000000000000000000000000000000000000000000000000000000000,|||,|||,|||,|||,|||,|||,|||,|||,|||,|||
106.0.6.240,106.0.6.240,00000000000000000000000000000000000000000000000000000000000000,|||,|||,|||,|||,|||,|||,|||,|||,|||,|||
121.145.226.57,121.145.226.57,00000000000000000000000000000000000000000000000000000000000000,|||,|||,|||,|||,|||,|||,|||,|||,|||,|||
124.43.27.175,124.43.27.175,00000000000000000000000000000000000000000000000000000000000000,|||,|||,|||,|||,|||,|||,|||,|||,|||,|||
104.248.234.51,104.248.234.51,00000000000000000000000000000000000000000000000000000000000000,|||,|||,|||,|||,|||,|||,|||,|||,|||,|||
104.218.165.75,104.218.165.75,00000000000000000000000000000000000000000000000000000000000000,|||,|||,|||,|||,|||,|||,|||,|||,|||,|||
104.211.155.41,104.211.155.41,00000000000000000000000000000000000000000000000000000000000000,|||,|||,|||,|||,|||,|||,|||,|||,|||,|||
104.248.173.93,104.248.173.93,00000000000000000000000000000000000000000000000000000000000000,|||,|||,|||,|||,|||,|||,|||,|||,|||,|||
105.154.46.26,105.154.46.26,00000000000000000000000000000000000000000000000000000000000000,|||,|||,|||,|||,|||,|||,|||,|||,|||,|||
124.195.190.250,124.195.190.250,00000000000000000000000000000000000000000000000000000000000000,|||,|||,|||,|||,|||,|||,|||,|||,|||,|||
124.205.224.225,124.205.224.225,00000000000000000000000000000000000000000000000000000000000000,|||,|||,|||,|||,|||,|||,|||,|||,|||,|||
106.105.92.199,106.105.92.199,00000000000000000000000000000000000000000000000000000000000000,|||,|||,|||,|||,|||,|||,|||,|||,|||,|||
104.236.226.237,104.236.226.237,00000000000000000000000000000000000000000000000000000000000000,|||,|||,|||,|||,|||,|||,|||,|||,|||,|||
104.33.72.125,104.33.72.125,00000000000000000000000000000000000000000000000000000000000000,|||,|||,|||,|||,|||,|||,|||,|||,|||,|||
106.13.171.69,106.13.171.69,00000000000000000000000000000000000000000000000000000000000000,|||,|||,|||,|||,|||,|||,|||,|||,|||,|||
106.12.78.67,106.12.78.67,00000000000000000000000000000000000000000000000000000000000000,|||,|||,|||,|||,|||,|||,|||,|||,|||,|||
106.105.138.7,106.105.138.7,00000000000000000000000000000000000000000000000000000000000000,|||,|||,|||,|||,|||,|||,|||,|||,|||,|||
106.13.20.8,106.13.20.8,00000000000000000000000000000000000000000000000000000000000000,|||,|||,|||,|||,|||,|||,|||,|||,|||,|||
106.121.67.127,106.121.67.127,00000000000000000000000000000000000000000000000000000000000000,|||,|||,|||,|||,|||,|||,|||,|||,|||,|||
106.13.203.242,106.13.203.242,00000000000000000000000000000000000000000000000000000000000000,|||,|||,|||,|||,|||,|||,|||,|||,|||,|||
104.248.7.251,104.248.7.251,00000000000000000000000000000000000000000000000000000000000000,|||,|||,|||,|||,|||,|||,|||,|||,|||,|||
123.240.203.42,123.240.203.42,00000000000000000000000000000000000000000000000000000000000000,|||,|||,|||,|||,|||,|||,|||,|||,|||,|||
120.7.41.109,120.7.41.109,00000000000000000000000000000000000000000000000000000000000000,|||,|||,|||,|||,|||,|||,|||,|||,|||,|||
106.113.15.170,106.113.15.170,00000000000000000000000000000000000000000000000000000000000000,|||,|||,|||,|||,|||,|||,|||,|||,|||,|||
122.154.178.202,122.154.178.202,00000000000000000000000000000000000000000000000000000000000000,|||,|||,|||,|||,|||,|||,|||,|||,|||,|||
123.56.15.228,123.56.15.228,00000000000000000000000000000000000000000000000000000000000000,|||,|||,|||,|||,|||,|||,|||,|||,|||,|||
106.107.249.67,106.107.249.67,00000000000000000000000000000000000000000000000000000000000000,|||,|||,|||,|||,|||,|||,|||,|||,|||,|||
106.13.57.42,106.13.57.42,00000000000000000000000000000000000000000000000000000000000000,|||,|||,|||,|||,|||,|||,|||,|||,|||,|||
104.248.7.249,104.248.7.249,00000000000000000000000000000000000000000000000000000000000000,|||,|||,|||,|||,|||,|||,|||,|||,|||,|||
106.14.184.174,106.14.184.174,00000000000000000000000000000000000000000000000000000000000000,|||,|||,|||,|||,|||,|||,|||,|||,|||,|||
106.14.73.188,106.14.73.188,00000000000000000000000000000000000000000000000000000000000000,|||,|||,|||,|||,|||,|||,|||,|||,|||,|||
106.14.155.204,106.14.155.204,00000000000000000000000000000000000000000000000000000000000000,|||,|||,|||,|||,|||,|||,|||,|||,|||,|||
106.225.211.206,106.225.211.206,00000000000000000000000000000000000000000000000000000000000000,|||,|||,|||,|||,|||,|||,|||,|||,|||,|||
106.14.15.214,106.14.15.214,00000000000000000000000000000000000000000000000000000000000000,|||,|||,|||,|||,|||,|||,|||,|||,|||,|||
106.121.183.245,106.121.183.245,00000000000000000000000000000000000000000000000000000000000000,|||,|||,|||,|||,|||,|||,|||,|||,|||,|||
106.37.178.167,106.37.178.167,00000000000000000000000000000000000000000000000000000000000000,|||,|||,|||,|||,|||,|||,|||,|||,|||,|||
121.165.21.76,121.165.21.76,2ad2ad0002ad2ad22c42d42d000000f7be33a964d0daa97a97a8068db17dd3,c030|0303|http/1.1|ff01-0001-000b-0023-0010-0017,c030|0303|http/1.1|ff01-0001-000b-0023-0010-0017,|||,c030|0303|http/1.1|ff01-0001-000b-0023-0010-0017,c030|0303|http/1.1|ff01-0001-000b-0023-0010-0017,c014|0302|http/1.1|ff01-0001-000b-0023-0010-0017,1302|0303||002b-0033,1302|0303||002b-0033,|||,|||
124.222.103.153,124.222.103.153,00000000000000000000000000000000000000000000000000000000000000,|||,|||,|||,|||,|||,|||,|||,|||,|||,|||
121.41.5.147,121.41.5.147,00000000000000000000000000000000000000000000000000000000000000,|||,|||,|||,|||,|||,|||,|||,|||,|||,|||
128.14.224.248,128.14.224.248,00000000000000000000000000000000000000000000000000000000000000,|||,|||,|||,|||,|||,|||,|||,|||,|||,|||
128.14.224.33,128.14.224.33,00000000000000000000000000000000000000000000000000000000000000,|||,|||,|||,|||,|||,|||,|||,|||,|||,|||
106.13.19.210,106.13.19.210,00000000000000000000000000000000000000000000000000000000000000,|||,|||,|||,|||,|||,|||,|||,|||,|||,|||
128.14.224.165,128.14.224.165,00000000000000000000000000000000000000000000000000000000000000,|||,|||,|||,|||,|||,|||,|||,|||,|||,|||
106.246.232.218,106.246.232.218,00000000000000000000000000000000000000000000000000000000000000,|||,|||,|||,|||,|||,|||,|||,|||,|||,|||
128.14.224.234,128.14.224.234,00000000000000000000000000000000000000000000000000000000000000,|||,|||,|||,|||,|||,|||,|||,|||,|||,|||
106.14.56.59,106.14.56.59,00000000000000000000000000000000000000000000000000000000000000,|||,|||,|||,|||,|||,|||,|||,|||,|||,|||
106.225.229.28,106.225.229.28,00000000000000000000000000000000000000000000000000000000000000,|||,|||,|||,|||,|||,|||,|||,|||,|||,|||
128.14.225.218,128.14.225.218,00000000000000000000000000000000000000000000000000000000000000,|||,|||,|||,|||,|||,|||,|||,|||,|||,|||
123.16.83.128,123.16.83.128,00000000000000000000000000000000000000000000000000000000000000,|||,|||,|||,|||,|||,|||,|||,|||,|||,|||
106.13.93.166,106.13.93.166,00000000000000000000000000000000000000000000000000000000000000,|||,|||,|||,|||,|||,|||,|||,|||,|||,|||
106.14.168.17,106.14.168.17,00000000000000000000000000000000000000000000000000000000000000,|||,|||,|||,|||,|||,|||,|||,|||,|||,|||
128.14.224.141,128.14.224.141,00000000000000000000000000000000000000000000000000000000000000,|||,|||,|||,|||,|||,|||,|||,|||,|||,|||
124.172.245.229,124.172.245.229,00000000000000000000000000000000000000000000000000000000000000,|||,|||,|||,|||,|||,|||,|||,|||,|||,|||
124.222.113.29,124.222.113.29,00000000000000000000000000000000000000000000000000000000000000,|||,|||,|||,|||,|||,|||,|||,|||,|||,|||
124.222.12.53,124.222.12.53,00000000000000000000000000000000000000000000000000000000000000,|||,|||,|||,|||,|||,|||,|||,|||,|||,|||
121.52.157.112,121.52.157.112,05d02d20d21d20d05c05d02d05d20d74fcf6501ae7a92319e575bfafd2a827,0016|0303||ff01-0023,0005|0303||ff01-0023,c012|0303||ff01-000b-0023,c013|0303||ff01-000b-0023,c012|0303||ff01-000b-0023,0016|0302||ff01-0023,0016|0303||ff01-0023,0005|0303||ff01-0023,0016|0303||ff01-0023,c012|0303||ff01-000b-0023
123.56.188.186,123.56.188.186,00000000000000000000000000000000000000000000000000000000000000,|||,|||,|||,|||,|||,|||,|||,|||,|||,|||
123.56.81.160,123.56.81.160,00000000000000000000000000000000000000000000000000000000000000,|||,|||,|||,|||,|||,|||,|||,|||,|||,|||
128.14.224.132,128.14.224.132,00000000000000000000000000000000000000000000000000000000000000,|||,|||,|||,|||,|||,|||,|||,|||,|||,|||
124.222.34.68,124.222.34.68,00000000000000000000000000000000000000000000000000000000000000,|||,|||,|||,|||,|||,|||,|||,|||,|||,|||
106.14.249.102,106.14.249.102,00000000000000000000000000000000000000000000000000000000000000,|||,|||,|||,|||,|||,|||,|||,|||,|||,|||
106.15.178.250,106.15.178.250,00000000000000000000000000000000000000000000000000000000000000,|||,|||,|||,|||,|||,|||,|||,|||,|||,|||
124.222.94.127,124.222.94.127,00000000000000000000000000000000000000000000000000000000000000,|||,|||,|||,|||,|||,|||,|||,|||,|||,|||
124.222.22.222,124.222.22.222,00000000000000000000000000000000000000000000000000000000000000,|||,|||,|||,|||,|||,|||,|||,|||,|||,|||
124.70.9.226,124.70.9.226,00000000000000000000000000000000000000000000000000000000000000,|||,|||,|||,|||,|||,|||,|||,|||,|||,|||
106.12.30.41,106.12.30.41,00000000000000000000000000000000000000000000000000000000000000,|||,|||,|||,|||,|||,|||,|||,|||,|||,|||
124.222.12.231,124.222.12.231,00000000000000000000000000000000000000000000000000000000000000,|||,|||,|||,|||,|||,|||,|||,|||,|||,|||
124.222.59.231,124.222.59.231,00000000000000000000000000000000000000000000000000000000000000,|||,|||,|||,|||,|||,|||,|||,|||,|||,|||
106.15.43.35,106.15.43.35,00000000000000000000000000000000000000000000000000000000000000,|||,|||,|||,|||,|||,|||,|||,|||,|||,|||
124.222.67.168,124.222.67.168,00000000000000000000000000000000000000000000000000000000000000,|||,|||,|||,|||,|||,|||,|||,|||,|||,|||
124.222.78.24,124.222.78.24,00000000000000000000000000000000000000000000000000000000000000,|||,|||,|||,|||,|||,|||,|||,|||,|||,|||
106.14.144.228,106.14.144.228,00000000000000000000000000000000000000000000000000000000000000,|||,|||,|||,|||,|||,|||,|||,|||,|||,|||
128.14.225.196,128.14.225.196,00000000000000000000000000000000000000000000000000000000000000,|||,|||,|||,|||,|||,|||,|||,|||,|||,|||
123.57.140.13,123.57.140.13,00000000000000000000000000000000000000000000000000000000000000,|||,|||,|||,|||,|||,|||,|||,|||,|||,|||
106.15.105.120,106.15.105.120,00000000000000000000000000000000000000000000000000000000000000,|||,|||,|||,|||,|||,|||,|||,|||,|||,|||
124.222.117.212,124.222.117.212,00000000000000000000000000000000000000000000000000000000000000,|||,|||,|||,|||,|||,|||,|||,|||,|||,|||
106.15.2.144,106.15.2.144,00000000000000000000000000000000000000000000000000000000000000,|||,|||,|||,|||,|||,|||,|||,|||,|||,|||
124.222.66.58,124.222.66.58,00000000000000000000000000000000000000000000000000000000000000,|||,|||,|||,|||,|||,|||,|||,|||,|||,|||
124.222.71.191,124.222.71.191,00000000000000000000000000000000000000000000000000000000000000,|||,|||,|||,|||,|||,|||,|||,|||,|||,|||
124.222.74.147,124.222.74.147,00000000000000000000000000000000000000000000000000000000000000,|||,|||,|||,|||,|||,|||,|||,|||,|||,|||
124.222.37.149,124.222.37.149,00000000000000000000000000000000000000000000000000000000000000,|||,|||,|||,|||,|||,|||,|||,|||,|||,|||
106.225.142.196,106.225.142.196,00000000000000000000000000000000000000000000000000000000000000,|||,|||,|||,|||,|||,|||,|||,|||,|||,|||
106.15.63.217,106.15.63.217,00000000000000000000000000000000000000000000000000000000000000,|||,|||,|||,|||,|||,|||,|||,|||,|||,|||
106.15.42.26,106.15.42.26,00000000000000000000000000000000000000000000000000000000000000,|||,|||,|||,|||,|||,|||,|||,|||,|||,|||
106.255.35.35,106.255.35.35,00000000000000000000000000000000000000000000000000000000000000,|||,|||,|||,|||,|||,|||,|||,|||,|||,|||
106.255.2.133,106.255.2.133,00000000000000000000000000000000000000000000000000000000000000,|||,|||,|||,|||,|||,|||,|||,|||,|||,|||
123.25.117.31,123.25.117.31,00000000000000000000000000000000000000000000000000000000000000,|||,|||,|||,|||,|||,|||,|||,|||,|||,|||
124.222.82.229,124.222.82.229,00000000000000000000000000000000000000000000000000000000000000,|||,|||,|||,|||,|||,|||,|||,|||,|||,|||
124.223.26.29,124.223.26.29,00000000000000000000000000000000000000000000000000000000000000,|||,|||,|||,|||,|||,|||,|||,|||,|||,|||
128.14.225.250,128.14.225.250,00000000000000000000000000000000000000000000000000000000000000,|||,|||,|||,|||,|||,|||,|||,|||,|||,|||
121.5.147.7,121.5.147.7,3fd3fd0003fd3fd21c42d42d000000307ee0eb468e9fdb5cfcd698a80a67ef,cca8|0303|h2|ff01-0000-0001-000b-0023-0010-0017,cca8|0303|h2|ff01-0000-0001-000b-0023-0010-0017,|||,cca8|0303||ff01-0000-0001-000b-0023-0017,cca8|0303||ff01-0000-0001-000b-0023-0017,c013|0302|h2|ff01-0000-0001-000b-0023-0010-0017,1302|0303||002b-0033,1302|0303||002b-0033,|||,|||
128.14.225.243,128.14.225.243,00000000000000000000000000000000000000000000000000000000000000,|||,|||,|||,|||,|||,|||,|||,|||,|||,|||
124.223.45.187,124.223.45.187,00000000000000000000000000000000000000000000000000000000000000,|||,|||,|||,|||,|||,|||,|||,|||,|||,|||
121.5.58.125,121.5.58.125,3fd3fd0003fd3fd21c42d42d000000307ee0eb468e9fdb5cfcd698a80a67ef,cca8|0303|h2|ff01-0000-0001-000b-0023-0010-0017,cca8|0303|h2|ff01-0000-0001-000b-0023-0010-0017,|||,cca8|0303||ff01-0000-0001-000b-0023-0017,cca8|0303||ff01-0000-0001-000b-0023-0017,c013|0302|h2|ff01-0000-0001-000b-0023-0010-0017,1302|0303||002b-0033,1302|0303||002b-0033,|||,|||
123.127.229.130,123.127.229.130,04b02b00004b04b04b04b02b04b04be3b0c44298fc1c149afbf4c8996fb924,000a|0301||,0005|0301||,|||,000a|0301||,000a|0301||,000a|0301||,000a|0301||,0005|0301||,000a|0301||,000a|0301||
124.222.76.205,124.222.76.205,00000000000000000000000000000000000000000000000000000000000000,|||,|||,|||,|||,|||,|||,|||,|||,|||,|||
124.223.102.157,124.223.102.157,00000000000000000000000000000000000000000000000000000000000000,|||,|||,|||,|||,|||,|||,|||,|||,|||,|||
124.222.7.230,124.222.7.230,00000000000000000000000000000000000000000000000000000000000000,|||,|||,|||,|||,|||,|||,|||,|||,|||,|||
122.50.6.138,122.50.6.138,00000000000000000000000000000000000000000000000000000000000000,|||,|||,|||,|||,|||,|||,|||,|||,|||,|||
124.222.15.54,124.222.15.54,00000000000000000000000000000000000000000000000000000000000000,|||,|||,|||,|||,|||,|||,|||,|||,|||,|||
106.15.201.108,106.15.201.108,00000000000000000000000000000000000000000000000000000000000000,|||,|||,|||,|||,|||,|||,|||,|||,|||,|||
124.223.79.113,124.223.79.113,00000000000000000000000000000000000000000000000000000000000000,|||,|||,|||,|||,|||,|||,|||,|||,|||,|||
121.41.122.193,121.41.122.193,29d29d00029d29d22c29d29d29d29dc2ddcfd203d071c45b4b0ffe3d7b4b89,c02f|0303|http/1.1|ff01-0000-0001-000b-0023-0010-0017,c02f|0303|http/1.1|ff01-0000-0001-000b-0023-0010-0017,|||,c02f|0303||ff01-0000-0001-000b-0023-0017,c02f|0303||ff01-0000-0001-000b-0023-0017,c014|0302|http/1.1|ff01-0000-0001-000b-0023-0010-0017,c02f|0303|http/1.1|ff01-0000-0001-000b-0023-0010-0017,c02f|0303|http/1.1|ff01-0000-0001-000b-0023-0010-0017,c02f|0303|http/1.1|ff01-0000-0001-000b-0023-0010-0017,c02f|0303|http/1.1|ff01-0000-0001-000b-0023-0010-0017
124.222.37.254,124.222.37.254,00000000000000000000000000000000000000000000000000000000000000,|||,|||,|||,|||,|||,|||,|||,|||,|||,|||
124.222.96.96,124.222.96.96,00000000000000000000000000000000000000000000000000000000000000,|||,|||,|||,|||,|||,|||,|||,|||,|||,|||
124.222.83.227,124.222.83.227,00000000000000000000000000000000000000000000000000000000000000,|||,|||,|||,|||,|||,|||,|||,|||,|||,|||
124.223.55.81,124.223.55.81,00000000000000000000000000000000000000000000000000000000000000,|||,|||,|||,|||,|||,|||,|||,|||,|||,|||
106.241.167.101,106.241.167.101,00000000000000000000000000000000000000000000000000000000000000,|||,|||,|||,|||,|||,|||,|||,|||,|||,|||
124.223.56.235,124.223.56.235,00000000000000000000000000000000000000000000000000000000000000,|||,|||,|||,|||,|||,|||,|||,|||,|||,|||
121.42.136.171,121.42.136.171,00000000000000000000000000000000000000000000000000000000000000,|||,|||,|||,|||,|||,|||,|||,|||,|||,|||
124.222.64.84,124.222.64.84,00000000000000000000000000000000000000000000000000000000000000,|||,|||,|||,|||,|||,|||,|||,|||,|||,|||
128.1.41.5,128.1.41.5,00000000000000000000000000000000000000000000000000000000000000,|||,|||,|||,|||,|||,|||,|||,|||,|||,|||
124.146.20.69,124.146.20.69,00000000000000000000000000000000000000000000000000000000000000,|||,|||,|||,|||,|||,|||,|||,|||,|||,|||
124.222.39.195,124.222.39.195,00000000000000000000000000000000000000000000000000000000000000,|||,|||,|||,|||,|||,|||,|||,|||,|||,|||
124.222.42.79,124.222.42.79,00000000000000000000000000000000000000000000000000000000000000,|||,|||,|||,|||,|||,|||,|||,|||,|||,|||
124.223.51.207,124.223.51.207,00000000000000000000000000000000000000000000000000000000000000,|||,|||,|||,|||,|||,|||,|||,|||,|||,|||
106.14.171.73,106.14.171.73,00000000000000000000000000000000000000000000000000000000000000,|||,|||,|||,|||,|||,|||,|||,|||,|||,|||
124.232.163.75,124.232.163.75,00000000000000000000000000000000000000000000000000000000000000,|||,|||,|||,|||,|||,|||,|||,|||,|||,|||
128.14.225.228,128.14.225.228,00000000000000000000000000000000000000000000000000000000000000,|||,|||,|||,|||,|||,|||,|||,|||,|||,|||
122.254.92.35,122.254.92.35,00000000000000000000000000000000000000000000000000000000000000,|||,|||,|||,|||,|||,|||,|||,|||,|||,|||
119.45.252.115,119.45.252.115,00000000000000000000000000000000000000000000000000000000000000,|||,|||,|||,|||,|||,|||,|||,|||,|||,|||
123.231.160.74,123.231.160.74,2ad2ad16d2ad2ad0002ad2ad2ad2ad487dfc3734968073f786f66dcf4de1b2,c030|0303||ff01-000b-0023,c030|0303||ff01-000b-0023,009f|0303||ff01-0023,c030|0303||ff01-000b-0023,c030|0303||ff01-000b-0023,|||,c030|0303||ff01-000b-0023,c030|0303||ff01-000b-0023,c030|0303||ff01-000b-0023,c030|0303||ff01-000b-0023
122.112.180.31,122.112.180.31,29d29d20d29d29d22c29d29d29d29d8e917db1de9d33002d70770504a55ef7,c02f|0303|http/1.1|0000-ff01-000b-0023-0010,c02f|0303|http/1.1|0000-ff01-000b-0023-0010,c012|0303|http/1.1|0000-ff01-000b-0023-0010,c02f|0303||0000-ff01-000b-0023,c02f|0303||0000-ff01-000b-0023,c014|0302|http/1.1|0000-ff01-000b-0023-0010,c02f|0303|http/1.1|0000-ff01-000b-0023-0010,c02f|0303|http/1.1|0000-ff01-000b-0023-0010,c02f|0303|http/1.1|0000-ff01-000b-0023-0010,c02f|0303|http/1.1|0000-ff01-000b-0023-0010
124.70.178.183,124.70.178.183,00000000000000000000000000000000000000000000000000000000000000,|||,|||,|||,|||,|||,|||,|||,|||,|||,|||
128.1.248.26,128.1.248.26,00000000000000000000000000000000000000000000000000000000000000,|||,|||,|||,|||,|||,|||,|||,|||,|||,|||
106.14.28.230,106.14.28.230,00000000000000000000000000000000000000000000000000000000000000,|||,|||,|||,|||,|||,|||,|||,|||,|||,|||
128.1.248.36,128.1.248.36,00000000000000000000000000000000000000000000000000000000000000,|||,|||,|||,|||,|||,|||,|||,|||,|||,|||
128.1.248.46,128.1.248.46,00000000000000000000000000000000000000000000000000000000000000,|||,|||,|||,|||,|||,|||,|||,|||,|||,|||
128.1.248.29,128.1.248.29,00000000000000000000000000000000000000000000000000000000000000,|||,|||,|||,|||,|||,|||,|||,|||,|||,|||
128.199.62.63,128.199.62.63,00000000000000000000000000000000000000000000000000000000000000,|||,|||,|||,|||,|||,|||,|||,|||,|||,|||
128.1.248.45,128.1.248.45,00000000000000000000000000000000000000000000000000000000000000,|||,|||,|||,|||,|||,|||,|||,|||,|||,|||
128.1.248.28,128.1.248.28,00000000000000000000000000000000000000000000000000000000000000,|||,|||,|||,|||,|||,|||,|||,|||,|||,|||
121.5.11.245,121.5.11.245,2ad2ad0002ad2ad22c2ad2ad2ad2ad6a7bd8f51d54bfc07e1cd34e5ca50bb3,c030|0303|http/1.1|0000-ff01-000b-0023-0010,c030|0303|http/1.1|0000-ff01-000b-0023-0010,|||,c030|0303||0000-ff01-000b-0023,c030|0303||0000-ff01-000b-0023,c014|0302|http/1.1|0000-ff01-000b-0023-0010,c030|0303|http/1.1|0000-ff01-000b-0023-0010,c030|0303|http/1.1|0000-ff01-000b-0023-0010,c030|0303|http/1.1|0000-ff01-000b-0023-0010,c030|0303|http/1.1|0000-ff01-000b-0023-0010
106.15.201.195,106.15.201.195,00000000000000000000000000000000000000000000000000000000000000,|||,|||,|||,|||,|||,|||,|||,|||,|||,|||
106.55.100.153,106.55.100.153,00000000000000000000000000000000000000000000000000000000000000,|||,|||,|||,|||,|||,|||,|||,|||,|||,|||
128.1.41.85,128.1.41.85,00000000000000000000000000000000000000000000000000000000000000,|||,|||,|||,|||,|||,|||,|||,|||,|||,|||
119.61.0.139,119.61.0.139,00000000000000000000000000000000000000000000000000000000000000,|||,|||,|||,|||,|||,|||,|||,|||,|||,|||
128.1.248.27,128.1.248.27,00000000000000000000000000000000000000000000000000000000000000,|||,|||,|||,|||,|||,|||,|||,|||,|||,|||
128.1.248.43,128.1.248.43,00000000000000000000000000000000000000000000000000000000000000,|||,|||,|||,|||,|||,|||,|||,|||,|||,|||
128.1.248.42,128.1.248.42,00000000000000000000000000000000000000000000000000000000000000,|||,|||,|||,|||,|||,|||,|||,|||,|||,|||
128.1.248.37,128.1.248.37,00000000000000000000000000000000000000000000000000000000000000,|||,|||,|||,|||,|||,|||,|||,|||,|||,|||
125.45.191.32,125.45.191.32,00000000000000000000000000000000000000000000000000000000000000,|||,|||,|||,|||,|||,|||,|||,|||,|||,|||
106.55.230.49,106.55.230.49,00000000000000000000000000000000000000000000000000000000000000,|||,|||,|||,|||,|||,|||,|||,|||,|||,|||
128.1.248.44,128.1.248.44,00000000000000000000000000000000000000000000000000000000000000,|||,|||,|||,|||,|||,|||,|||,|||,|||,|||
106.75.8.49,106.75.8.49,00000000000000000000000000000000000000000000000000000000000000,|||,|||,|||,|||,|||,|||,|||,|||,|||,|||
121.196.111.108,121.196.111.108,00000000000000000000000000000000000000000000000000000000000000,|||,|||,|||,|||,|||,|||,|||,|||,|||,|||
106.37.178.172,106.37.178.172,00000000000000000000000000000000000000000000000000000000000000,|||,|||,|||,|||,|||,|||,|||,|||,|||,|||
106.75.123.95,106.75.123.95,00000000000000000000000000000000000000000000000000000000000000,|||,|||,|||,|||,|||,|||,|||,|||,|||,|||
106.55.28.143,106.55.28.143,00000000000000000000000000000000000000000000000000000000000000,|||,|||,|||,|||,|||,|||,|||,|||,|||,|||
124.217.248.153,124.217.248.153,26d26d16d26d26d22c26d26d26d26dd7fc4c7c6ef19b77a4ca0787979cdc13,c028|0303||ff01,c028|0303||ff01,009f|0303||ff01,c028|0303||ff01,c028|0303||ff01,c014|0302||ff01,c028|0303||ff01,c028|0303||ff01,c028|0303||ff01,c028|0303||ff01
118.200.90.3,118.200.90.3,0ed14d16d0ad0ad0000ed14d0ed0ad9674c6b4e623ae36cc2d998e99e2262e,0067|0303||ff01-0023,009d|0303||ff01-0023,009f|0303||ff01-0023,003c|0303||ff01-0023,003c|0303||ff01-0023,|||,0067|0303||ff01-0023,009d|0303||ff01-0023,0067|0303||ff01-0023,003c|0303||ff01-0023
106.38.22.11,106.38.22.11,00000000000000000000000000000000000000000000000000000000000000,|||,|||,|||,|||,|||,|||,|||,|||,|||,|||
106.52.169.35,106.52.169.35,00000000000000000000000000000000000000000000000000000000000000,|||,|||,|||,|||,|||,|||,|||,|||,|||,|||
106.55.226.70,106.55.226.70,00000000000000000000000000000000000000000000000000000000000000,|||,|||,|||,|||,|||,|||,|||,|||,|||,|||
120.89.46.25,120.89.46.25,3fd3fd0003fd3fd21c42d42d000000307ee0eb468e9fdb5cfcd698a80a67ef,cca8|0303|h2|ff01-0000-0001-000b-0023-0010-0017,cca8|0303|h2|ff01-0000-0001-000b-0023-0010-0017,|||,cca8|0303||ff01-0000-0001-000b-0023-0017,cca8|0303||ff01-0000-0001-000b-0023-0017,c013|0302|h2|ff01-0000-0001-000b-0023-0010-0017,1302|0303||002b-0033,1302|0303||002b-0033,|||,|||
106.75.114.128,106.75.114.128,00000000000000000000000000000000000000000000000000000000000000,|||,|||,|||,|||,|||,|||,|||,|||,|||,|||
106.55.177.141,106.55.177.141,00000000000000000000000000000000000000000000000000000000000000,|||,|||,|||,|||,|||,|||,|||,|||,|||,|||
106.55.182.176,106.55.182.176,00000000000000000000000000000000000000000000000000000000000000,|||,|||,|||,|||,|||,|||,|||,|||,|||,|||
106.75.164.156,106.75.164.156,00000000000000000000000000000000000000000000000000000000000000,|||,|||,|||,|||,|||,|||,|||,|||,|||,|||
106.75.11.128,106.75.11.128,00000000000000000000000000000000000000000000000000000000000000,|||,|||,|||,|||,|||,|||,|||,|||,|||,|||
130.61.148.115,130.61.148.115,00000000000000000000000000000000000000000000000000000000000000,|||,|||,|||,|||,|||,|||,|||,|||,|||,|||
124.223.60.3,124.223.60.3,00000000000000000000000000000000000000000000000000000000000000,|||,|||,|||,|||,|||,|||,|||,|||,|||,|||
121.5.206.60,121.5.206.60,00000000000000000000000000000000000000000000000000000000000000,|||,|||,|||,|||,|||,|||,|||,|||,|||,|||
106.75.123.210,106.75.123.210,00000000000000000000000000000000000000000000000000000000000000,|||,|||,|||,|||,|||,|||,|||,|||,|||,|||
130.185.123.227,130.185.123.227,00000000000000000000000000000000000000000000000000000000000000,|||,|||,|||,|||,|||,|||,|||,|||,|||,|||
128.14.209.149,128.14.209.149,00000000000000000000000000000000000000000000000000000000000000,|||,|||,|||,|||,|||,|||,|||,|||,|||,|||
128.1.39.90,128.1.39.90,00000000000000000000000000000000000000000000000000000000000000,|||,|||,|||,|||,|||,|||,|||,|||,|||,|||
106.56.138.229,106.56.138.229,00000000000000000000000000000000000000000000000000000000000000,|||,|||,|||,|||,|||,|||,|||,|||,|||,|||
128.1.91.206,128.1.91.206,00000000000000000000000000000000000000000000000000000000000000,|||,|||,|||,|||,|||,|||,|||,|||,|||,|||
106.54.48.200,106.54.48.200,00000000000000000000000000000000000000000000000000000000000000,|||,|||,|||,|||,|||,|||,|||,|||,|||,|||
106.68.6.9,106.68.6.9,00000000000000000000000000000000000000000000000000000000000000,|||,|||,|||,|||,|||,|||,|||,|||,|||,|||
106.55.251.223,106.55.251.223,00000000000000000000000000000000000000000000000000000000000000,|||,|||,|||,|||,|||,|||,|||,|||,|||,|||
128.1.91.204,128.1.91.204,00000000000000000000000000000000000000000000000000000000000000,|||,|||,|||,|||,|||,|||,|||,|||,|||,|||
128.1.39.69,128.1.39.69,00000000000000000000000000000000000000000000000000000000000000,|||,|||,|||,|||,|||,|||,|||,|||,|||,|||
106.58.181.71,106.58.181.71,00000000000000000000000000000000000000000000000000000000000000,|||,|||,|||,|||,|||,|||,|||,|||,|||,|||
125.21.82.187,125.21.82.187,00000000000000000000000000000000000000000000000000000000000000,|||,|||,|||,|||,|||,|||,|||,|||,|||,|||
128.14.209.182,128.14.209.182,00000000000000000000000000000000000000000000000000000000000000,|||,|||,|||,|||,|||,|||,|||,|||,|||,|||
128.1.79.176,128.1.79.176,00000000000000000000000000000000000000000000000000000000000000,|||,|||,|||,|||,|||,|||,|||,|||,|||,|||
128.14.209.165,128.14.209.165,00000000000000000000000000000000000000000000000000000000000000,|||,|||,|||,|||,|||,|||,|||,|||,|||,|||
128.14.209.178,128.14.209.178,00000000000000000000000000000000000000000000000000000000000000,|||,|||,|||,|||,|||,|||,|||,|||,|||,|||
128.1.248.57,128.1.248.57,00000000000000000000000000000000000000000000000000000000000000,|||,|||,|||,|||,|||,|||,|||,|||,|||,|||
128.1.248.60,128.1.248.60,00000000000000000000000000000000000000000000000000000000000000,|||,|||,|||,|||,|||,|||,|||,|||,|||,|||
128.14.128.178,128.14.128.178,00000000000000000000000000000000000000000000000000000000000000,|||,|||,|||,|||,|||,|||,|||,|||,|||,|||
125.39.176.5,125.39.176.5,00000000000000000000000000000000000000000000000000000000000000,|||,|||,|||,|||,|||,|||,|||,|||,|||,|||
128.14.209.150,128.14.209.150,00000000000000000000000000000000000000000000000000000000000000,|||,|||,|||,|||,|||,|||,|||,|||,|||,|||
128.14.209.148,128.14.209.148,00000000000000000000000000000000000000000000000000000000000000,|||,|||,|||,|||,|||,|||,|||,|||,|||,|||
128.14.209.155,128.14.209.155,00000000000000000000000000000000000000000000000000000000000000,|||,|||,|||,|||,|||,|||,|||,|||,|||,|||
128.14.209.170,128.14.209.170,00000000000000000000000000000000000000000000000000000000000000,|||,|||,|||,|||,|||,|||,|||,|||,|||,|||
106.58.167.70,106.58.167.70,00000000000000000000000000000000000000000000000000000000000000,|||,|||,|||,|||,|||,|||,|||,|||,|||,|||
128.14.209.166,128.14.209.166,00000000000000000000000000000000000000000000000000000000000000,|||,|||,|||,|||,|||,|||,|||,|||,|||,|||
106.75.25.86,106.75.25.86,00000000000000000000000000000000000000000000000000000000000000,|||,|||,|||,|||,|||,|||,|||,|||,|||,|||
106.55.103.193,106.55.103.193,00000000000000000000000000000000000000000000000000000000000000,|||,|||,|||,|||,|||,|||,|||,|||,|||,|||
128.14.209.164,128.14.209.164,00000000000000000000000000000000000000000000000000000000000000,|||,|||,|||,|||,|||,|||,|||,|||,|||,|||
128.1.248.61,128.1.248.61,00000000000000000000000000000000000000000000000000000000000000,|||,|||,|||,|||,|||,|||,|||,|||,|||,|||
128.14.209.157,128.14.209.157,00000000000000000000000000000000000000000000000000000000000000,|||,|||,|||,|||,|||,|||,|||,|||,|||,|||
128.14.209.146,128.14.209.146,00000000000000000000000000000000000000000000000000000000000000,|||,|||,|||,|||,|||,|||,|||,|||,|||,|||
124.222.113.137,124.222.113.137,00000000000000000000000000000000000000000000000000000000000000,|||,|||,|||,|||,|||,|||,|||,|||,|||,|||
128.14.209.180,128.14.209.180,00000000000000000000000000000000000000000000000000000000000000,|||,|||,|||,|||,|||,|||,|||,|||,|||,|||
128.14.209.147,128.14.209.147,00000000000000000000000000000000000000000000000000000000000000,|||,|||,|||,|||,|||,|||,|||,|||,|||,|||
128.1.248.35,128.1.248.35,00000000000000000000000000000000000000000000000000000000000000,|||,|||,|||,|||,|||,|||,|||,|||,|||,|||
106.75.24.117,106.75.24.117,00000000000000000000000000000000000000000000000000000000000000,|||,|||,|||,|||,|||,|||,|||,|||,|||,|||
128.14.209.163,128.14.209.163,00000000000000000000000000000000000000000000000000000000000000,|||,|||,|||,|||,|||,|||,|||,|||,|||,|||
128.14.209.179,128.14.209.179,00000000000000000000000000000000000000000000000000000000000000,|||,|||,|||,|||,|||,|||,|||,|||,|||,|||
106.75.116.12,106.75.116.12,00000000000000000000000000000000000000000000000000000000000000,|||,|||,|||,|||,|||,|||,|||,|||,|||,|||
128.14.209.172,128.14.209.172,00000000000000000000000000000000000000000000000000000000000000,|||,|||,|||,|||,|||,|||,|||,|||,|||,|||
106.75.63.218,106.75.63.218,00000000000000000000000000000000000000000000000000000000000000,|||,|||,|||,|||,|||,|||,|||,|||,|||,|||
128.14.209.154,128.14.209.154,00000000000000000000000000000000000000000000000000000000000000,|||,|||,|||,|||,|||,|||,|||,|||,|||,|||
106.75.3.35,106.75.3.35,00000000000000000000000000000000000000000000000000000000000000,|||,|||,|||,|||,|||,|||,|||,|||,|||,|||
128.14.128.182,128.14.128.182,00000000000000000000000000000000000000000000000000000000000000,|||,|||,|||,|||,|||,|||,|||,|||,|||,|||
128.14.209.171,128.14.209.171,00000000000000000000000000000000000000000000000000000000000000,|||,|||,|||,|||,|||,|||,|||,|||,|||,|||
128.14.137.181,128.14.137.181,00000000000000000000000000000000000000000000000000000000000000,|||,|||,|||,|||,|||,|||,|||,|||,|||,|||
107.13.15.139,107.13.15.139,00000000000000000000000000000000000000000000000000000000000000,|||,|||,|||,|||,|||,|||,|||,|||,|||,|||
128.14.128.181,128.14.128.181,00000000000000000000000000000000000000000000000000000000000000,|||,|||,|||,|||,|||,|||,|||,|||,|||,|||
106.75.80.196,106.75.80.196,00000000000000000000000000000000000000000000000000000000000000,|||,|||,|||,|||,|||,|||,|||,|||,|||,|||
106.75.25.15,106.75.25.15,00000000000000000000000000000000000000000000000000000000000000,|||,|||,|||,|||,|||,|||,|||,|||,|||,|||
128.14.128.179,128.14.128.179,00000000000000000000000000000000000000000000000000000000000000,|||,|||,|||,|||,|||,|||,|||,|||,|||,|||
128.1.44.206,128.1.44.206,00000000000000000000000000000000000000000000000000000000000000,|||,|||,|||,|||,|||,|||,|||,|||,|||,|||
106.75.165.127,106.75.165.127,00000000000000000000000000000000000000000000000000000000000000,|||,|||,|||,|||,|||,|||,|||,|||,|||,|||
128.1.91.202,128.1.91.202,00000000000000000000000000000000000000000000000000000000000000,|||,|||,|||,|||,|||,|||,|||,|||,|||,|||
128.14.141.37,128.14.141.37,00000000000000000000000000000000000000000000000000000000000000,|||,|||,|||,|||,|||,|||,|||,|||,|||,|||
128.1.91.90,128.1.91.90,00000000000000000000000000000000000000000000000000000000000000,|||,|||,|||,|||,|||,|||,|||,|||,|||,|||
128.1.248.62,128.1.248.62,00000000000000000000000000000000000000000000000000000000000000,|||,|||,|||,|||,|||,|||,|||,|||,|||,|||
122.225.100.82,122.225.100.82,04b03b00004b04b04b04b03b04b04b9674c6b4e623ae36cc2d998e99e2262e,000a|0301||ff01-0023,0007|0301||ff01-0023,|||,000a|0301||ff01-0023,000a|0301||ff01-0023,000a|0301||ff01-0023,000a|0301||ff01-0023,0007|0301||ff01-0023,000a|0301||ff01-0023,000a|0301||ff01-0023
128.1.248.58,128.1.248.58,00000000000000000000000000000000000000000000000000000000000000,|||,|||,|||,|||,|||,|||,|||,|||,|||,|||
128.14.134.170,128.14.134.170,00000000000000000000000000000000000000000000000000000000000000,|||,|||,|||,|||,|||,|||,|||,|||,|||,|||
128.14.209.229,128.14.209.229,00000000000000000000000000000000000000000000000000000000000000,|||,|||,|||,|||,|||,|||,|||,|||,|||,|||
128.14.134.134,128.14.134.134,00000000000000000000000000000000000000000000000000000000000000,|||,|||,|||,|||,|||,|||,|||,|||,|||,|||
128.1.248.34,128.1.248.34,00000000000000000000000000000000000000000000000000000000000000,|||,|||,|||,|||,|||,|||,|||,|||,|||,|||
123.56.90.244,123.56.90.244,00000000000000000000000000000000000000000000000000000000000000,|||,|||,|||,|||,|||,|||,|||,|||,|||,|||
124.222.44.178,124.222.44.178,00000000000000000000000000000000000000000000000000000000000000,|||,|||,|||,|||,|||,|||,|||,|||,|||,|||
124.222.37.104,124.222.37.104,00000000000000000000000000000000000000000000000000000000000000,|||,|||,|||,|||,|||,|||,|||,|||,|||,|||
128.14.209.252,128.14.209.252,00000000000000000000000000000000000000000000000000000000000000,|||,|||,|||,|||,|||,|||,|||,|||,|||,|||
128.1.91.93,128.1.91.93,00000000000000000000000000000000000000000000000000000000000000,|||,|||,|||,|||,|||,|||,|||,|||,|||,|||
123.56.162.139,123.56.162.139,00000000000000000000000000000000000000000000000000000000000000,|||,|||,|||,|||,|||,|||,|||,|||,|||,|||
128.14.137.179,128.14.137.179,00000000000000000000000000000000000000000000000000000000000000,|||,|||,|||,|||,|||,|||,|||,|||,|||,|||
106.75.70.32,106.75.70.32,00000000000000000000000000000000000000000000000000000000000000,|||,|||,|||,|||,|||,|||,|||,|||,|||,|||
128.14.133.58,128.14.133.58,00000000000000000000000000000000000000000000000000000000000000,|||,|||,|||,|||,|||,|||,|||,|||,|||,|||
128.14.137.178,128.14.137.178,00000000000000000000000000000000000000000000000000000000000000,|||,|||,|||,|||,|||,|||,|||,|||,|||,|||
128.14.209.162,128.14.209.162,00000000000000000000000000000000000000000000000000000000000000,|||,|||,|||,|||,|||,|||,|||,|||,|||,|||
106.75.167.250,106.75.167.250,00000000000000000000000000000000000000000000000000000000000000,|||,|||,|||,|||,|||,|||,|||,|||,|||,|||
128.14.234.191,128.14.234.191,00000000000000000000000000000000000000000000000000000000000000,|||,|||,|||,|||,|||,|||,|||,|||,|||,|||
128.14.141.42,128.14.141.42,00000000000000000000000000000000000000000000000000000000000000,|||,|||,|||,|||,|||,|||,|||,|||,|||,|||
128.14.137.182,128.14.137.182,00000000000000000000000000000000000000000000000000000000000000,|||,|||,|||,|||,|||,|||,|||,|||,|||,|||
128.14.141.36,128.14.141.36,00000000000000000000000000000000000000000000000000000000000000,|||,|||,|||,|||,|||,|||,|||,|||,|||,|||
107.150.126.215,107.150.126.215,00000000000000000000000000000000000000000000000000000000000000,|||,|||,|||,|||,|||,|||,|||,|||,|||,|||
106.75.156.94,106.75.156.94,00000000000000000000000000000000000000000000000000000000000000,|||,|||,|||,|||,|||,|||,|||,|||,|||,|||
128.14.209.253,128.14.209.253,00000000000000000000000000000000000000000000000000000000000000,|||,|||,|||,|||,|||,|||,|||,|||,|||,|||
128.14.141.35,128.14.141.35,00000000000000000000000000000000000000000000000000000000000000,|||,|||,|||,|||,|||,|||,|||,|||,|||,|||
106.56.146.148,106.56.146.148,00000000000000000000000000000000000000000000000000000000000000,|||,|||,|||,|||,|||,|||,|||,|||,|||,|||
128.1.91.205,128.1.91.205,00000000000000000000000000000000000000000000000000000000000000,|||,|||,|||,|||,|||,|||,|||,|||,|||,|||
128.14.209.237,128.14.209.237,00000000000000000000000000000000000000000000000000000000000000,|||,|||,|||,|||,|||,|||,|||,|||,|||,|||
106.75.34.206,106.75.34.206,00000000000000000000000000000000000000000000000000000000000000,|||,|||,|||,|||,|||,|||,|||,|||,|||,|||
106.75.96.152,106.75.96.152,00000000000000000000000000000000000000000000000000000000000000,|||,|||,|||,|||,|||,|||,|||,|||,|||,|||
128.14.209.227,128.14.209.227,00000000000000000000000000000000000000000000000000000000000000,|||,|||,|||,|||,|||,|||,|||,|||,|||,|||
128.1.248.59,128.1.248.59,00000000000000000000000000000000000000000000000000000000000000,|||,|||,|||,|||,|||,|||,|||,|||,|||,|||
128.14.141.44,128.14.141.44,00000000000000000000000000000000000000000000000000000000000000,|||,|||,|||,|||,|||,|||,|||,|||,|||,|||
106.74.16.142,106.74.16.142,00000000000000000000000000000000000000000000000000000000000000,|||,|||,|||,|||,|||,|||,|||,|||,|||,|||
107.150.104.173,107.150.104.173,00000000000000000000000000000000000000000000000000000000000000,|||,|||,|||,|||,|||,|||,|||,|||,|||,|||
128.14.209.254,128.14.209.254,00000000000000000000000000000000000000000000000000000000000000,|||,|||,|||,|||,|||,|||,|||,|||,|||,|||
106.75.162.51,106.75.162.51,00000000000000000000000000000000000000000000000000000000000000,|||,|||,|||,|||,|||,|||,|||,|||,|||,|||
128.14.141.46,128.14.141.46,00000000000000000000000000000000000000000000000000000000000000,|||,|||,|||,|||,|||,|||,|||,|||,|||,|||
128.14.141.34,128.14.141.34,00000000000000000000000000000000000000000000000000000000000000,|||,|||,|||,|||,|||,|||,|||,|||,|||,|||
128.14.128.180,128.14.128.180,00000000000000000000000000000000000000000000000000000000000000,|||,|||,|||,|||,|||,|||,|||,|||,|||,|||
128.14.209.234,128.14.209.234,00000000000000000000000000000000000000000000000000000000000000,|||,|||,|||,|||,|||,|||,|||,|||,|||,|||
123.57.155.183,123.57.155.183,00000000000000000000000000000000000000000000000000000000000000,|||,|||,|||,|||,|||,|||,|||,|||,|||,|||
128.14.141.43,128.14.141.43,00000000000000000000000000000000000000000000000000000000000000,|||,|||,|||,|||,|||,|||,|||,|||,|||,|||
123.57.141.134,123.57.141.134,00000000000000000000000000000000000000000000000000000000000000,|||,|||,|||,|||,|||,|||,|||,|||,|||,|||
128.14.141.38,128.14.141.38,00000000000000000000000000000000000000000000000000000000000000,|||,|||,|||,|||,|||,|||,|||,|||,|||,|||
128.14.152.43,128.14.152.43,00000000000000000000000000000000000000000000000000000000000000,|||,|||,|||,|||,|||,|||,|||,|||,|||,|||
107.173.165.204,107.173.165.204,00000000000000000000000000000000000000000000000000000000000000,|||,|||,|||,|||,|||,|||,|||,|||,|||,|||
128.1.248.30,128.1.248.30,00000000000000000000000000000000000000000000000000000000000000,|||,|||,|||,|||,|||,|||,|||,|||,|||,|||
128.14.141.45,128.14.141.45,00000000000000000000000000000000000000000000000000000000000000,|||,|||,|||,|||,|||,|||,|||,|||,|||,|||
106.75.126.221,106.75.126.221,00000000000000000000000000000000000000000000000000000000000000,|||,|||,|||,|||,|||,|||,|||,|||,|||,|||
128.14.209.244,128.14.209.244,00000000000000000000000000000000000000000000000000000000000000,|||,|||,|||,|||,|||,|||,|||,|||,|||,|||
128.14.209.242,128.14.209.242,00000000000000000000000000000000000000000000000000000000000000,|||,|||,|||,|||,|||,|||,|||,|||,|||,|||
122.144.221.25,122.144.221.25,05b02b09b04b04b05b05b02b05b04be3b0c44298fc1c149afbf4c8996fb924,0016|0301||,0005|0301||,0039|0301||,000a|0301||,000a|0301||,0016|0301||,0016|0301||,0005|0301||,0016|0301||,000a|0301||
121.21.38.63,121.21.38.63,00000000000000000000000000000000000000000000000000000000000000,|||,|||,|||,|||,|||,|||,|||,|||,|||,|||
106.75.7.109,106.75.7.109,00000000000000000000000000000000000000000000000000000000000000,|||,|||,|||,|||,|||,|||,|||,|||,|||,|||
125.208.198.24,125.208.198.24,00000000000000000000000000000000000000000000000000000000000000,|||,|||,|||,|||,|||,|||,|||,|||,|||,|||
124.222.62.13,124.222.62.13,00000000000000000000000000000000000000000000000000000000000000,|||,|||,|||,|||,|||,|||,|||,|||,|||,|||
107.150.107.167,107.150.107.167,00000000000000000000000000000000000000000000000000000000000000,|||,|||,|||,|||,|||,|||,|||,|||,|||,|||
123.138.180.150,123.138.180.150,07d02d09d04d04d07c07d02d07d04da441f40918707087561e2af18cf76f0e,0033|0303||ff01-0023,0005|0303||ff01-0023,0039|0303||ff01-0023,000a|0303||ff01-0023,000a|0303||ff01-0023,0033|0302||ff01-0023,0033|0303||ff01-0023,0005|0303||ff01-0023,0033|0303||ff01-0023,000a|0303||ff01-0023
128.14.152.42,128.14.152.42,00000000000000000000000000000000000000000000000000000000000000,|||,|||,|||,|||,|||,|||,|||,|||,|||,|||
106.75.141.155,106.75.141.155,00000000000000000000000000000000000000000000000000000000000000,|||,|||,|||,|||,|||,|||,|||,|||,|||,|||
107.173.137.11,107.173.137.11,00000000000000000000000000000000000000000000000000000000000000,|||,|||,|||,|||,|||,|||,|||,|||,|||,|||
107.150.29.147,107.150.29.147,00000000000000000000000000000000000000000000000000000000000000,|||,|||,|||,|||,|||,|||,|||,|||,|||,|||
106.75.237.156,106.75.237.156,00000000000000000000000000000000000000000000000000000000000000,|||,|||,|||,|||,|||,|||,|||,|||,|||,|||
106.75.141.223,106.75.141.223,00000000000000000000000000000000000000000000000000000000000000,|||,|||,|||,|||,|||,|||,|||,|||,|||,|||
125.131.140.66,125.131.140.66,00000000000000000000000000000000000000000000000000000000000000,|||,|||,|||,|||,|||,|||,|||,|||,|||,|||
134.122.60.193,134.122.60.193,00000000000000000000000000000000000000000000000000000000000000,|||,|||,|||,|||,|||,|||,|||,|||,|||,|||
107.173.180.231,107.173.180.231,00000000000000000000000000000000000000000000000000000000000000,|||,|||,|||,|||,|||,|||,|||,|||,|||,|||
120.92.33.125,120.92.33.125,00000000000000000000000000000000000000000000000000000000000000,|||,|||,|||,|||,|||,|||,|||,|||,|||,|||
128.14.209.245,128.14.209.245,00000000000000000000000000000000000000000000000000000000000000,|||,|||,|||,|||,|||,|||,|||,|||,|||,|||
122.227.198.250,122.227.198.250,07d02d09d04d04d07c07d02d07d04da441f40918707087561e2af18cf76f0e,0033|0303||ff01-0023,0005|0303||ff01-0023,0039|0303||ff01-0023,000a|0303||ff01-0023,000a|0303||ff01-0023,0033|0302||ff01-0023,0033|0303||ff01-0023,0005|0303||ff01-0023,0033|0303||ff01-0023,000a|0303||ff01-0023
128.1.79.9,128.1.79.9,00000000000000000000000000000000000000000000000000000000000000,|||,|||,|||,|||,|||,|||,|||,|||,|||,|||
128.232.21.75,128.232.21.75,15d3fd16d29d29d00042d43d000000ed1cf37c9a169b41886e27ba8fad60b0,009e|0303|http/1.1|ff01-0001-0010-0017,cca8|0303|http/1.1|ff01-0001-000b-0010-0017,009f|0303|http/1.1|ff01-0001-0010-0017,c02f|0303|http/1.1|ff01-0001-000b-0010-0017,c02f|0303|http/1.1|ff01-0001-000b-0010-0017,|||,1302|0303||002b-0033,1303|0303||002b-0033,|||,|||
107.150.29.143,107.150.29.143,00000000000000000000000000000000000000000000000000000000000000,|||,|||,|||,|||,|||,|||,|||,|||,|||,|||
125.138.212.136,125.138.212.136,00000000000000000000000000000000000000000000000000000000000000,|||,|||,|||,|||,|||,|||,|||,|||,|||,|||
120.89.46.173,120.89.46.173,3fd3fd0003fd3fd21c42d42d000000307ee0eb468e9fdb5cfcd698a80a67ef,cca8|0303|h2|ff01-0000-0001-000b-0023-0010-0017,cca8|0303|h2|ff01-0000-0001-000b-0023-0010-0017,|||,cca8|0303||ff01-0000-0001-000b-0023-0017,cca8|0303||ff01-0000-0001-000b-0023-0017,c013|0302|h2|ff01-0000-0001-000b-0023-0010-0017,1302|0303||002b-0033,1302|0303||002b-0033,|||,|||
106.75.138.38,106.75.138.38,00000000000000000000000000000000000000000000000000000000000000,|||,|||,|||,|||,|||,|||,|||,|||,|||,|||
128.1.91.94,128.1.91.94,00000000000000000000000000000000000000000000000000000000000000,|||,|||,|||,|||,|||,|||,|||,|||,|||,|||
107.182.128.41,107.182.128.41,00000000000000000000000000000000000000000000000000000000000000,|||,|||,|||,|||,|||,|||,|||,|||,|||,|||
124.222.68.235,124.222.68.235,00000000000000000000000000000000000000000000000000000000000000,|||,|||,|||,|||,|||,|||,|||,|||,|||,|||
107.190.136.138,107.190.136.138,00000000000000000000000000000000000000000000000000000000000000,|||,|||,|||,|||,|||,|||,|||,|||,|||,|||
128.14.152.46,128.14.152.46,00000000000000000000000000000000000000000000000000000000000000,|||,|||,|||,|||,|||,|||,|||,|||,|||,|||
107.150.99.254,107.150.99.254,00000000000000000000000000000000000000000000000000000000000000,|||,|||,|||,|||,|||,|||,|||,|||,|||,|||
107.185.86.177,107.185.86.177,00000000000000000000000000000000000000000000000000000000000000,|||,|||,|||,|||,|||,|||,|||,|||,|||,|||
124.223.105.210,124.223.105.210,00000000000000000000000000000000000000000000000000000000000000,|||,|||,|||,|||,|||,|||,|||,|||,|||,|||
124.235.184.44,124.235.184.44,00000000000000000000000000000000000000000000000000000000000000,|||,|||,|||,|||,|||,|||,|||,|||,|||,|||
128.14.152.44,128.14.152.44,00000000000000000000000000000000000000000000000000000000000000,|||,|||,|||,|||,|||,|||,|||,|||,|||,|||
128.14.209.235,128.14.209.235,00000000000000000000000000000000000000000000000000000000000000,|||,|||,|||,|||,|||,|||,|||,|||,|||,|||
128.14.209.251,128.14.209.251,00000000000000000000000000000000000000000000000000000000000000,|||,|||,|||,|||,|||,|||,|||,|||,|||,|||
125.134.90.122,125.134.90.122,00000000000000000000000000000000000000000000000000000000000000,|||,|||,|||,|||,|||,|||,|||,|||,|||,|||
124.223.79.25,124.223.79.25,00000000000000000000000000000000000000000000000000000000000000,|||,|||,|||,|||,|||,|||,|||,|||,|||,|||
125.142.81.169,125.142.81.169,00000000000000000000000000000000000000000000000000000000000000,|||,|||,|||,|||,|||,|||,|||,|||,|||,|||
124.223.117.241,124.223.117.241,00000000000000000000000000000000000000000000000000000000000000,|||,|||,|||,|||,|||,|||,|||,|||,|||,|||
107.150.117.245,107.150.117.245,00000000000000000000000000000000000000000000000000000000000000,|||,|||,|||,|||,|||,|||,|||,|||,|||,|||
124.223.48.242,124.223.48.242,00000000000000000000000000000000000000000000000000000000000000,|||,|||,|||,|||,|||,|||,|||,|||,|||,|||
129.21.17.221,129.21.17.221,00000000000000000000000000000000000000000000000000000000000000,|||,|||,|||,|||,|||,|||,|||,|||,|||,|||
125.72.17.5,125.72.17.5,00000000000000000000000000000000000000000000000000000000000000,|||,|||,|||,|||,|||,|||,|||,|||,|||,|||
108.170.157.253,108.170.157.253,00000000000000000000000000000000000000000000000000000000000000,|||,|||,|||,|||,|||,|||,|||,|||,|||,|||
107.189.13.6,107.189.13.6,00000000000000000000000000000000000000000000000000000000000000,|||,|||,|||,|||,|||,|||,|||,|||,|||,|||
107.175.128.141,107.175.128.141,00000000000000000000000000000000000000000000000000000000000000,|||,|||,|||,|||,|||,|||,|||,|||,|||,|||
124.223.117.218,124.223.117.218,00000000000000000000000000000000000000000000000000000000000000,|||,|||,|||,|||,|||,|||,|||,|||,|||,|||
128.199.46.236,128.199.46.236,29d29d00029d29d00042d42d0000000464fb8c6842ac133bede81390a48134,c02f|0303|h2|ff01-0000-0001-000b-0010-0017,c02f|0303|h2|ff01-0000-0001-000b-0010-0017,|||,c02f|0303||ff01-0000-0001-000b-0017,c02f|0303||ff01-0000-0001-000b-0017,|||,1302|0303||002b-0033,1302|0303||002b-0033,|||,|||
107.189.8.191,107.189.8.191,00000000000000000000000000000000000000000000000000000000000000,|||,|||,|||,|||,|||,|||,|||,|||,|||,|||
128.14.209.250,128.14.209.250,00000000000000000000000000000000000000000000000000000000000000,|||,|||,|||,|||,|||,|||,|||,|||,|||,|||
123.57.42.62,123.57.42.62,00000000000000000000000000000000000000000000000000000000000000,|||,|||,|||,|||,|||,|||,|||,|||,|||,|||
107.150.117.3,107.150.117.3,00000000000000000000000000000000000000000000000000000000000000,|||,|||,|||,|||,|||,|||,|||,|||,|||,|||
107.150.106.42,107.150.106.42,00000000000000000000000000000000000000000000000000000000000000,|||,|||,|||,|||,|||,|||,|||,|||,|||,|||
107.189.13.118,107.189.13.118,00000000000000000000000000000000000000000000000000000000000000,|||,|||,|||,|||,|||,|||,|||,|||,|||,|||
107.150.99.10,107.150.99.10,00000000000000000000000000000000000000000000000000000000000000,|||,|||,|||,|||,|||,|||,|||,|||,|||,|||
108.46.79.173,108.46.79.173,00000000000000000000000000000000000000000000000000000000000000,|||,|||,|||,|||,|||,|||,|||,|||,|||,|||
125.212.237.73,125.212.237.73,00000000000000000000000000000000000000000000000000000000000000,|||,|||,|||,|||,|||,|||,|||,|||,|||,|||
108.211.154.53,108.211.154.53,00000000000000000000000000000000000000000000000000000000000000,|||,|||,|||,|||,|||,|||,|||,|||,|||,|||
107.184.94.232,107.184.94.232,00000000000000000000000000000000000000000000000000000000000000,|||,|||,|||,|||,|||,|||,|||,|||,|||,|||
121.46.25.182,121.46.25.182,06d06d00006d06d06c06d06d06d06d2bb1101b28b790bf5d9d4dcad463fdc2,002f|0303||ff01,002f|0303||ff01,|||,002f|0303||ff01,002f|0303||ff01,002f|0302||ff01,002f|0303||ff01,002f|0303||ff01,002f|0303||ff01,002f|0303||ff01
123.204.25.223,123.204.25.223,00000000000000000000000000000000000000000000000000000000000000,|||,|||,|||,|||,|||,|||,|||,|||,|||,|||
128.14.209.238,128.14.209.238,00000000000000000000000000000000000000000000000000000000000000,|||,|||,|||,|||,|||,|||,|||,|||,|||,|||
107.194.43.240,107.194.43.240,00000000000000000000000000000000000000000000000000000000000000,|||,|||,|||,|||,|||,|||,|||,|||,|||,|||
128.199.51.176,128.199.51.176,27d3fd40d29d29d00042d43d0000000be49cc25222308abd09720df24eb301,c02b|0303|h2|ff01-0000-0001-000b-0010-0017,cca8|0303|h2|ff01-0000-0001-000b-0010-0017,cca9|0303|h2|ff01-0000-0001-000b-0010-0017,c02f|0303||ff01-0000-0001-000b-0017,c02f|0303||ff01-0000-0001-000b-0017,|||,1302|0303||002b-0033,1303|0303||002b-0033,|||,|||
124.223.79.112,124.223.79.112,00000000000000000000000000000000000000000000000000000000000000,|||,|||,|||,|||,|||,|||,|||,|||,|||,|||
136.144.41.142,136.144.41.142,00000000000000000000000000000000000000000000000000000000000000,|||,|||,|||,|||,|||,|||,|||,|||,|||,|||
135.125.202.165,135.125.202.165,00000000000000000000000000000000000000000000000000000000000000,|||,|||,|||,|||,|||,|||,|||,|||,|||,|||
126.39.122.238,126.39.122.238,00000000000000000000000000000000000000000000000000000000000000,|||,|||,|||,|||,|||,|||,|||,|||,|||,|||
134.209.245.7,134.209.245.7,00000000000000000000000000000000000000000000000000000000000000,|||,|||,|||,|||,|||,|||,|||,|||,|||,|||
121.196.174.113,121.196.174.113,00000000000000000000000000000000000000000000000000000000000000,|||,|||,|||,|||,|||,|||,|||,|||,|||,|||
108.55.68.214,108.55.68.214,00000000000000000000000000000000000000000000000000000000000000,|||,|||,|||,|||,|||,|||,|||,|||,|||,|||
107.150.106.122,107.150.106.122,00000000000000000000000000000000000000000000000000000000000000,|||,|||,|||,|||,|||,|||,|||,|||,|||,|||
107.189.12.195,107.189.12.195,00000000000000000000000000000000000000000000000000000000000000,|||,|||,|||,|||,|||,|||,|||,|||,|||,|||
108.166.183.199,108.166.183.199,00000000000000000000000000000000000000000000000000000000000000,|||,|||,|||,|||,|||,|||,|||,|||,|||,|||
121.41.9.64,121.41.9.64,29d29d00029d29d22c29d29d29d29dc2ddcfd203d071c45b4b0ffe3d7b4b89,c02f|0303|http/1.1|ff01-0000-0001-000b-0023-0010-0017,c02f|0303|http/1.1|ff01-0000-0001-000b-0023-0010-0017,|||,c02f|0303||ff01-0000-0001-000b-0023-0017,c02f|0303||ff01-0000-0001-000b-0023-0017,c014|0302|http/1.1|ff01-0000-0001-000b-0023-0010-0017,c02f|0303|http/1.1|ff01-0000-0001-000b-0023-0010-0017,c02f|0303|http/1.1|ff01-0000-0001-000b-0023-0010-0017,c02f|0303|http/1.1|ff01-0000-0001-000b-0023-0010-0017,c02f|0303|http/1.1|ff01-0000-0001-000b-0023-0010-0017
107.196.121.157,107.196.121.157,00000000000000000000000000000000000000000000000000000000000000,|||,|||,|||,|||,|||,|||,|||,|||,|||,|||
128.1.40.217,128.1.40.217,00000000000000000000000000000000000000000000000000000000000000,|||,|||,|||,|||,|||,|||,|||,|||,|||,|||
107.150.105.215,107.150.105.215,00000000000000000000000000000000000000000000000000000000000000,|||,|||,|||,|||,|||,|||,|||,|||,|||,|||
128.1.40.228,128.1.40.228,00000000000000000000000000000000000000000000000000000000000000,|||,|||,|||,|||,|||,|||,|||,|||,|||,|||
108.30.177.65,108.30.177.65,00000000000000000000000000000000000000000000000000000000000000,|||,|||,|||,|||,|||,|||,|||,|||,|||,|||
108.228.23.29,108.228.23.29,00000000000000000000000000000000000000000000000000000000000000,|||,|||,|||,|||,|||,|||,|||,|||,|||,|||
128.1.40.148,128.1.40.148,00000000000000000000000000000000000000000000000000000000000000,|||,|||,|||,|||,|||,|||,|||,|||,|||,|||
136.144.41.177,136.144.41.177,00000000000000000000000000000000000000000000000000000000000000,|||,|||,|||,|||,|||,|||,|||,|||,|||,|||
126.48.24.55,126.48.24.55,00000000000000000000000000000000000000000000000000000000000000,|||,|||,|||,|||,|||,|||,|||,|||,|||,|||
128.1.48.107,128.1.48.107,00000000000000000000000000000000000000000000000000000000000000,|||,|||,|||,|||,|||,|||,|||,|||,|||,|||
136.144.41.190,136.144.41.190,00000000000000000000000000000000000000000000000000000000000000,|||,|||,|||,|||,|||,|||,|||,|||,|||,|||
128.14.209.243,128.14.209.243,00000000000000000000000000000000000000000000000000000000000000,|||,|||,|||,|||,|||,|||,|||,|||,|||,|||
107.175.215.185,107.175.215.185,00000000000000000000000000000000000000000000000000000000000000,|||,|||,|||,|||,|||,|||,|||,|||,|||,|||
134.209.83.234,134.209.83.234,00000000000000000000000000000000000000000000000000000000000000,|||,|||,|||,|||,|||,|||,|||,|||,|||,|||
136.144.41.117,136.144.41.117,00000000000000000000000000000000000000000000000000000000000000,|||,|||,|||,|||,|||,|||,|||,|||,|||,|||
107.184.87.208,107.184.87.208,00000000000000000000000000000000000000000000000000000000000000,|||,|||,|||,|||,|||,|||,|||,|||,|||,|||
123.176.38.66,123.176.38.66,22b22b09b22b22b22b22b22b22b22bfd9c9d14e4f4f67f94f0359f8b28f532,c014|0301||0017-ff01,c014|0301||0017-ff01,0039|0301||0017-ff01,c014|0301||0017-ff01,c014|0301||0017-ff01,c014|0301||0017-ff01,c014|0301||0017-ff01,c014|0301||0017-ff01,c014|0301||0017-ff01,c014|0301||0017-ff01
134.209.25.113,134.209.25.113,00000000000000000000000000000000000000000000000000000000000000,|||,|||,|||,|||,|||,|||,|||,|||,|||,|||
124.223.62.89,124.223.62.89,00000000000000000000000000000000000000000000000000000000000000,|||,|||,|||,|||,|||,|||,|||,|||,|||,|||
134.209.192.30,134.209.192.30,00000000000000000000000000000000000000000000000000000000000000,|||,|||,|||,|||,|||,|||,|||,|||,|||,|||
134.209.95.227,134.209.95.227,00000000000000000000000000000000000000000000000000000000000000,|||,|||,|||,|||,|||,|||,|||,|||,|||,|||
128.1.33.10,128.1.33.10,00000000000000000000000000000000000000000000000000000000000000,|||,|||,|||,|||,|||,|||,|||,|||,|||,|||
134.19.156.200,134.19.156.200,00000000000000000000000000000000000000000000000000000000000000,|||,|||,|||,|||,|||,|||,|||,|||,|||,|||
108.80.156.47,108.80.156.47,00000000000000000000000000000000000000000000000000000000000000,|||,|||,|||,|||,|||,|||,|||,|||,|||,|||
130.61.40.180,130.61.40.180,00000000000000000000000000000000000000000000000000000000000000,|||,|||,|||,|||,|||,|||,|||,|||,|||,|||
134.122.88.175,134.122.88.175,3fd21b20d3fd3fd21c3fd21b21b3fd09a00b24483586e69e1b2e49cc2ece92,cca8|0303||0023-ff01-000b,c013|0301||0023-ff01-000b,c012|0303||0023-ff01-000b,cca8|0303||0023-ff01-000b,cca8|0303||0023-ff01-000b,c013|0302||0023-ff01-000b,cca8|0303||0023-ff01-000b,c013|0301||0023-ff01-000b,c013|0301||0023-ff01-000b,cca8|0303||0023-ff01-000b
109.228.140.159,109.228.140.159,00000000000000000000000000000000000000000000000000000000000000,|||,|||,|||,|||,|||,|||,|||,|||,|||,|||
108.172.73.56,108.172.73.56,00000000000000000000000000000000000000000000000000000000000000,|||,|||,|||,|||,|||,|||,|||,|||,|||,|||
119.84.148.75,119.84.148.75,29d29d20d29d29d22c29d29d29d29df51c60823f963b0fe11deab8efc70b4b,c02f|0303|http/1.1|ff01-000b-0023-0010,c02f|0303|http/1.1|ff01-000b-0023-0010,c012|0303|http/1.1|ff01-000b-0023-0010,c02f|0303||ff01-000b-0023,c02f|0303||ff01-000b-0023,c014|0302|http/1.1|ff01-000b-0023-0010,c02f|0303|http/1.1|ff01-000b-0023-0010,c02f|0303|http/1.1|ff01-000b-0023-0010,c02f|0303|http/1.1|ff01-000b-0023-0010,c02f|0303|http/1.1|ff01-000b-0023-0010
128.1.40.212,128.1.40.212,00000000000000000000000000000000000000000000000000000000000000,|||,|||,|||,|||,|||,|||,|||,|||,|||,|||
108.54.182.5,108.54.182.5,00000000000000000000000000000000000000000000000000000000000000,|||,|||,|||,|||,|||,|||,|||,|||,|||,|||
125.228.186.83,125.228.186.83,00000000000000000000000000000000000000000000000000000000000000,|||,|||,|||,|||,|||,|||,|||,|||,|||,|||
109.189.239.240,109.189.239.240,00000000000000000000000000000000000000000000000000000000000000,|||,|||,|||,|||,|||,|||,|||,|||,|||,|||
109.175.17.198,109.175.17.198,00000000000000000000000000000000000000000000000000000000000000,|||,|||,|||,|||,|||,|||,|||,|||,|||,|||
125.212.217.214,125.212.217.214,00000000000000000000000000000000000000000000000000000000000000,|||,|||,|||,|||,|||,|||,|||,|||,|||,|||
128.14.209.230,128.14.209.230,00000000000000000000000000000000000000000000000000000000000000,|||,|||,|||,|||,|||,|||,|||,|||,|||,|||
107.5.242.161,107.5.242.161,00000000000000000000000000000000000000000000000000000000000000,|||,|||,|||,|||,|||,|||,|||,|||,|||,|||
124.152.39.40,124.152.39.40,07d02d09d04d04d07c07d02d07d04da441f40918707087561e2af18cf76f0e,0033|0303||ff01-0023,0005|0303||ff01-0023,0039|0303||ff01-0023,000a|0303||ff01-0023,000a|0303||ff01-0023,0033|0302||ff01-0023,0033|0303||ff01-0023,0005|0303||ff01-0023,0033|0303||ff01-0023,000a|0303||ff01-0023
128.1.32.242,128.1.32.242,00000000000000000000000000000000000000000000000000000000000000,|||,|||,|||,|||,|||,|||,|||,|||,|||,|||
114.117.194.15,114.117.194.15,00000000000000000000000000000000000000000000000000000000000000,|||,|||,|||,|||,|||,|||,|||,|||,|||,|||
123.56.216.116,123.56.216.116,00000000000000000000000000000000000000000000000000000000000000,|||,|||,|||,|||,|||,|||,|||,|||,|||,|||
134.122.121.18,134.122.121.18,00000000000000000000000000000000000000000000000000000000000000,|||,|||,|||,|||,|||,|||,|||,|||,|||,|||
130.61.242.248,130.61.242.248,00000000000000000000000000000000000000000000000000000000000000,|||,|||,|||,|||,|||,|||,|||,|||,|||,|||
118.26.130.58,118.26.130.58,29d29d00029d29d21c42d42d00000073d196d75ab0e0a131b27c474768ad94,c02f|0303|h2|ff01-0000-0001-000b-0010-0017,c02f|0303|h2|ff01-0000-0001-000b-0010-0017,|||,c02f|0303||ff01-0000-0001-000b-0017,c02f|0303||ff01-0000-0001-000b-0017,c013|0302|h2|ff01-0000-0001-000b-0010-0017,1302|0303||002b-0033,1302|0303||002b-0033,|||,|||
109.248.6.46,109.248.6.46,00000000000000000000000000000000000000000000000000000000000000,|||,|||,|||,|||,|||,|||,|||,|||,|||,|||
108.21.107.119,108.21.107.119,00000000000000000000000000000000000000000000000000000000000000,|||,|||,|||,|||,|||,|||,|||,|||,|||,|||
134.122.24.21,134.122.24.21,00000000000000000000000000000000000000000000000000000000000000,|||,|||,|||,|||,|||,|||,|||,|||,|||,|||
109.227.16.39,109.227.16.39,00000000000000000000000000000000000000000000000000000000000000,|||,|||,|||,|||,|||,|||,|||,|||,|||,|||
125.62.223.253,125.62.223.253,00000000000000000000000000000000000000000000000000000000000000,|||,|||,|||,|||,|||,|||,|||,|||,|||,|||
134.122.34.219,134.122.34.219,00000000000000000000000000000000000000000000000000000000000000,|||,|||,|||,|||,|||,|||,|||,|||,|||,|||
108.21.93.130,108.21.93.130,00000000000000000000000000000000000000000000000000000000000000,|||,|||,|||,|||,|||,|||,|||,|||,|||,|||
109.255.205.130,109.255.205.130,00000000000000000000000000000000000000000000000000000000000000,|||,|||,|||,|||,|||,|||,|||,|||,|||,|||
134.122.32.199,134.122.32.199,00000000000000000000000000000000000000000000000000000000000000,|||,|||,|||,|||,|||,|||,|||,|||,|||,|||
109.248.6.77,109.248.6.77,00000000000000000000000000000000000000000000000000000000000000,|||,|||,|||,|||,|||,|||,|||,|||,|||,|||
128.1.61.199,128.1.61.199,00000000000000000000000000000000000000000000000000000000000000,|||,|||,|||,|||,|||,|||,|||,|||,|||,|||
109.73.6.201,109.73.6.201,00000000000000000000000000000000000000000000000000000000000000,|||,|||,|||,|||,|||,|||,|||,|||,|||,|||
109.161.50.40,109.161.50.40,00000000000000000000000000000000000000000000000000000000000000,|||,|||,|||,|||,|||,|||,|||,|||,|||,|||
109.63.161.124,109.63.161.124,00000000000000000000000000000000000000000000000000000000000000,|||,|||,|||,|||,|||,|||,|||,|||,|||,|||
125.140.189.95,125.140.189.95,00000000000000000000000000000000000000000000000000000000000000,|||,|||,|||,|||,|||,|||,|||,|||,|||,|||
123.56.104.241,123.56.104.241,00000000000000000000000000000000000000000000000000000000000000,|||,|||,|||,|||,|||,|||,|||,|||,|||,|||
108.188.74.17,108.188.74.17,00000000000000000000000000000000000000000000000000000000000000,|||,|||,|||,|||,|||,|||,|||,|||,|||,|||
134.122.47.129,134.122.47.129,00000000000000000000000000000000000000000000000000000000000000,|||,|||,|||,|||,|||,|||,|||,|||,|||,|||
123.31.28.181,123.31.28.181,00000000000000000000000000000000000000000000000000000000000000,|||,|||,|||,|||,|||,|||,|||,|||,|||,|||
134.209.164.243,134.209.164.243,00000000000000000000000000000000000000000000000000000000000000,|||,|||,|||,|||,|||,|||,|||,|||,|||,|||
134.209.168.170,134.209.168.170,00000000000000000000000000000000000000000000000000000000000000,|||,|||,|||,|||,|||,|||,|||,|||,|||,|||
134.209.173.145,134.209.173.145,00000000000000000000000000000000000000000000000000000000000000,|||,|||,|||,|||,|||,|||,|||,|||,|||,|||
134.209.160.34,134.209.160.34,00000000000000000000000000000000000000000000000000000000000000,|||,|||,|||,|||,|||,|||,|||,|||,|||,|||
134.209.88.254,134.209.88.254,2ad2ad16d2ad2ad00042d42d0000005fd00fabd213a5ac89229012f70afd5c,c030|0303|h2|ff01-0000-0001-000b-0023-0010-0017,c030|0303|h2|ff01-0000-0001-000b-0023-0010-0017,009f|0303|h2|ff01-0000-0001-0023-0010-0017,c030|0303||ff01-0000-0001-000b-0023-0017,c030|0303||ff01-0000-0001-000b-0023-0017,|||,1302|0303||002b-0033,1302|0303||002b-0033,|||,|||
122.226.79.138,122.226.79.138,29d29d00029d29d22c29d29d29d29d61178e2295aff621c4f2465a23c4364f,c02f|0303|h2|ff01-000b-0023-0010,c02f|0303|h2|ff01-000b-0023-0010,|||,c02f|0303||ff01-000b-0023,c02f|0303||ff01-000b-0023,c014|0302|h2|ff01-000b-0023-0010,c02f|0303|h2|ff01-000b-0023-0010,c02f|0303|h2|ff01-000b-0023-0010,c02f|0303|h2|ff01-000b-0023-0010,c02f|0303|h2|ff01-000b-0023-0010
109.105.251.167,109.105.251.167,00000000000000000000000000000000000000000000000000000000000000,|||,|||,|||,|||,|||,|||,|||,|||,|||,|||
109.167.28.2,109.167.28.2,00000000000000000000000000000000000000000000000000000000000000,|||,|||,|||,|||,|||,|||,|||,|||,|||,|||
122.160.52.173,122.160.52.173,05b02b05b04b04b05b05b02b05b04be3b0c44298fc1c149afbf4c8996fb924,0016|0301||,0005|0301||,0016|0301||,000a|0301||,000a|0301||,0016|0301||,0016|0301||,0005|0301||,0016|0301||,000a|0301||
124.107.111.149,124.107.111.149,2ad2ad0002ad2ad0002ad2ad2ad2ade1a3c0d7ca6ad8388057924be83dfc6a,c030|0303|http/1.1|ff01-0000-0001-000b-0023-0010-0017,c030|0303|http/1.1|ff01-0000-0001-000b-0023-0010-0017,|||,c030|0303||ff01-0000-0001-000b-0023-0017,c030|0303||ff01-0000-0001-000b-0023-0017,|||,c030|0303|http/1.1|ff01-0000-0001-000b-0023-0010-0017,c030|0303|http/1.1|ff01-0000-0001-000b-0023-0010-0017,c030|0303|http/1.1|ff01-0000-0001-000b-0023-0010-0017,c030|0303|http/1.1|ff01-0000-0001-000b-0023-0010-0017
109.64.117.98,109.64.117.98,00000000000000000000000000000000000000000000000000000000000000,|||,|||,|||,|||,|||,|||,|||,|||,|||,|||
124.123.20.140,124.123.20.140,08d08d00008d08d08c08d08d08d08d9674c6b4e623ae36cc2d998e99e2262e,0035|0303||ff01-0023,0035|0303||ff01-0023,|||,0035|0303||ff01-0023,0035|0303||ff01-0023,0035|0302||ff01-0023,0035|0303||ff01-0023,0035|0303||ff01-0023,0035|0303||ff01-0023,0035|0303||ff01-0023
110.157.232.46,110.157.232.46,00000000000000000000000000000000000000000000000000000000000000,|||,|||,|||,|||,|||,|||,|||,|||,|||,|||
110.154.194.45,110.154.194.45,00000000000000000000000000000000000000000000000000000000000000,|||,|||,|||,|||,|||,|||,|||,|||,|||,|||
134.209.232.99,134.209.232.99,00000000000000000000000000000000000000000000000000000000000000,|||,|||,|||,|||,|||,|||,|||,|||,|||,|||
128.201.75.223,128.201.75.223,00000000000000000000000000000000000000000000000000000000000000,|||,|||,|||,|||,|||,|||,|||,|||,|||,|||
134.209.47.189,134.209.47.189,00000000000000000000000000000000000000000000000000000000000000,|||,|||,|||,|||,|||,|||,|||,|||,|||,|||
109.238.185.188,109.238.185.188,00000000000000000000000000000000000000000000000000000000000000,|||,|||,|||,|||,|||,|||,|||,|||,|||,|||
110.36.229.186,110.36.229.186,00000000000000000000000000000000000000000000000000000000000000,|||,|||,|||,|||,|||,|||,|||,|||,|||,|||
110.17.75.129,110.17.75.129,00000000000000000000000000000000000000000000000000000000000000,|||,|||,|||,|||,|||,|||,|||,|||,|||,|||
109.74.197.233,109.74.197.233,00000000000000000000000000000000000000000000000000000000000000,|||,|||,|||,|||,|||,|||,|||,|||,|||,|||
110.147.153.234,110.147.153.234,00000000000000000000000000000000000000000000000000000000000000,|||,|||,|||,|||,|||,|||,|||,|||,|||,|||
110.167.127.207,110.167.127.207,00000000000000000000000000000000000000000000000000000000000000,|||,|||,|||,|||,|||,|||,|||,|||,|||,|||
110.187.213.221,110.187.213.221,00000000000000000000000000000000000000000000000000000000000000,|||,|||,|||,|||,|||,|||,|||,|||,|||,|||
110.235.0.11,110.235.0.11,00000000000000000000000000000000000000000000000000000000000000,|||,|||,|||,|||,|||,|||,|||,|||,|||,|||
110.235.9.237,110.235.9.237,00000000000000000000000000000000000000000000000000000000000000,|||,|||,|||,|||,|||,|||,|||,|||,|||,|||
110.46.13.151,110.46.13.151,00000000000000000000000000000000000000000000000000000000000000,|||,|||,|||,|||,|||,|||,|||,|||,|||,|||
110.46.13.149,110.46.13.149,00000000000000000000000000000000000000000000000000000000000000,|||,|||,|||,|||,|||,|||,|||,|||,|||,|||
110.145.124.218,110.145.124.218,00000000000000000000000000000000000000000000000000000000000000,|||,|||,|||,|||,|||,|||,|||,|||,|||,|||
110.185.32.127,110.185.32.127,00000000000000000000000000000000000000000000000000000000000000,|||,|||,|||,|||,|||,|||,|||,|||,|||,|||
110.19.111.146,110.19.111.146,00000000000000000000000000000000000000000000000000000000000000,|||,|||,|||,|||,|||,|||,|||,|||,|||,|||
121.4.229.217,121.4.229.217,3fd3fd0003fd3fd21c42d42d000000307ee0eb468e9fdb5cfcd698a80a67ef,cca8|0303|h2|ff01-0000-0001-000b-0023-0010-0017,cca8|0303|h2|ff01-0000-0001-000b-0023-0010-0017,|||,cca8|0303||ff01-0000-0001-000b-0023-0017,cca8|0303||ff01-0000-0001-000b-0023-0017,c013|0302|h2|ff01-0000-0001-000b-0023-0010-0017,1302|0303||002b-0033,1302|0303||002b-0033,|||,|||
128.199.117.178,128.199.117.178,00000000000000000000000000000000000000000000000000000000000000,|||,|||,|||,|||,|||,|||,|||,|||,|||,|||
134.209.236.238,134.209.236.238,29d29d00029d29d21c42d43d00041de868cc44f5e7317f2c08c2d4c069cbd8,c02f|0303|h2|0017-ff01-000b-0023-0010,c02f|0303|h2|0017-ff01-000b-0023-0010,|||,c02f|0303|spdy/3|0017-ff01-000b-0023-0010,c02f|0303|spdy/3|0017-ff01-000b-0023-0010,c013|0302|h2|0017-ff01-000b-0023-0010,1302|0303||0033-002b,1303|0303||0033-002b,|||,1301|0303||0033-002b
128.199.178.104,128.199.178.104,00000000000000000000000000000000000000000000000000000000000000,|||,|||,|||,|||,|||,|||,|||,|||,|||,|||
108.29.124.72,108.29.124.72,00000000000000000000000000000000000000000000000000000000000000,|||,|||,|||,|||,|||,|||,|||,|||,|||,|||
128.201.172.58,128.201.172.58,00000000000000000000000000000000000000000000000000000000000000,|||,|||,|||,|||,|||,|||,|||,|||,|||,|||
122.3.147.230,122.3.147.230,14d14d00014d14d00014d14d14d14d6b64279c20472e17718ddea38ab610fa,009d|0303||ff01-0023,009d|0303||ff01-0023,|||,009d|0303||ff01-0023,009d|0303||ff01-0023,|||,009d|0303||ff01-0023,009d|0303||ff01-0023,009d|0303||ff01-0023,009d|0303||ff01-0023
134.122.112.12,134.122.112.12,00000000000000000000000000000000000000000000000000000000000000,|||,|||,|||,|||,|||,|||,|||,|||,|||,|||
129.204.44.161,129.204.44.161,00000000000000000000000000000000000000000000000000000000000000,|||,|||,|||,|||,|||,|||,|||,|||,|||,|||
128.199.131.6,128.199.131.6,00000000000000000000000000000000000000000000000000000000000000,|||,|||,|||,|||,|||,|||,|||,|||,|||,|||
110.46.12.7,110.46.12.7,00000000000000000000000000000000000000000000000000000000000000,|||,|||,|||,|||,|||,|||,|||,|||,|||,|||
110.53.180.27,110.53.180.27,00000000000000000000000000000000000000000000000000000000000000,|||,|||,|||,|||,|||,|||,|||,|||,|||,|||
109.86.251.245,109.86.251.245,00000000000000000000000000000000000000000000000000000000000000,|||,|||,|||,|||,|||,|||,|||,|||,|||,|||
123.57.144.168,123.57.144.168,00000000000000000000000000000000000000000000000000000000000000,|||,|||,|||,|||,|||,|||,|||,|||,|||,|||
128.199.151.52,128.199.151.52,00000000000000000000000000000000000000000000000000000000000000,|||,|||,|||,|||,|||,|||,|||,|||,|||,|||
128.199.202.153,128.199.202.153,00000000000000000000000000000000000000000000000000000000000000,|||,|||,|||,|||,|||,|||,|||,|||,|||,|||
110.185.104.153,110.185.104.153,00000000000000000000000000000000000000000000000000000000000000,|||,|||,|||,|||,|||,|||,|||,|||,|||,|||
134.209.234.84,134.209.234.84,00000000000000000000000000000000000000000000000000000000000000,|||,|||,|||,|||,|||,|||,|||,|||,|||,|||
128.199.184.210,128.199.184.210,00000000000000000000000000000000000000000000000000000000000000,|||,|||,|||,|||,|||,|||,|||,|||,|||,|||
128.199.141.170,128.199.141.170,00000000000000000000000000000000000000000000000000000000000000,|||,|||,|||,|||,|||,|||,|||,|||,|||,|||
128.199.147.43,128.199.147.43,00000000000000000000000000000000000000000000000000000000000000,|||,|||,|||,|||,|||,|||,|||,|||,|||,|||
128.199.236.83,128.199.236.83,00000000000000000000000000000000000000000000000000000000000000,|||,|||,|||,|||,|||,|||,|||,|||,|||,|||
130.105.41.10,130.105.41.10,00000000000000000000000000000000000000000000000000000000000000,|||,|||,|||,|||,|||,|||,|||,|||,|||,|||
106.13.204.48,106.13.204.48,00000000000000000000000000000000000000000000000000000000000000,|||,|||,|||,|||,|||,|||,|||,|||,|||,|||
124.89.2.18,124.89.2.18,2ad2ad0002ad2ad0002ad2ad2ad2ad755a2cec4b52fb1bce1ac7f1e48c8a7d,c030|0303||ff01-000b,c030|0303||ff01-000b,|||,c030|0303||ff01-000b,c030|0303||ff01-000b,|||,c030|0303||ff01-000b,c030|0303||ff01-000b,c030|0303||ff01-000b,c030|0303||ff01-000b
110.78.183.111,110.78.183.111,00000000000000000000000000000000000000000000000000000000000000,|||,|||,|||,|||,|||,|||,|||,|||,|||,|||
128.199.78.85,128.199.78.85,00000000000000000000000000000000000000000000000000000000000000,|||,|||,|||,|||,|||,|||,|||,|||,|||,|||
129.211.13.170,129.211.13.170,00000000000000000000000000000000000000000000000000000000000000,|||,|||,|||,|||,|||,|||,|||,|||,|||,|||
134.209.189.35,134.209.189.35,3fd21b20d3fd3fd21c3fd21b21b3fd09a00b24483586e69e1b2e49cc2ece92,cca8|0303||0023-ff01-000b,c013|0301||0023-ff01-000b,c012|0303||0023-ff01-000b,cca8|0303||0023-ff01-000b,cca8|0303||0023-ff01-000b,c013|0302||0023-ff01-000b,cca8|0303||0023-ff01-000b,c013|0301||0023-ff01-000b,c013|0301||0023-ff01-000b,cca8|0303||0023-ff01-000b
111.161.38.99,111.161.38.99,00000000000000000000000000000000000000000000000000000000000000,|||,|||,|||,|||,|||,|||,|||,|||,|||,|||
110.19.99.171,110.19.99.171,00000000000000000000000000000000000000000000000000000000000000,|||,|||,|||,|||,|||,|||,|||,|||,|||,|||
110.249.208.157,110.249.208.157,00000000000000000000000000000000000000000000000000000000000000,|||,|||,|||,|||,|||,|||,|||,|||,|||,|||
111.0.115.7,111.0.115.7,00000000000000000000000000000000000000000000000000000000000000,|||,|||,|||,|||,|||,|||,|||,|||,|||,|||
110.157.232.4,110.157.232.4,00000000000000000000000000000000000000000000000000000000000000,|||,|||,|||,|||,|||,|||,|||,|||,|||,|||
124.95.129.107,124.95.129.107,29d29d20d29d29d21c29d29d29d29d3ee7a9a63f9a04383f3ae006547495ae,c02f|0303|http/1.1|ff01-000b-0023-0010,c02f|0303|http/1.1|ff01-000b-0023-0010,c012|0303|http/1.1|ff01-000b-0023-0010,c02f|0303|http/1.1|ff01-000b-0023-0010,c02f|0303|http/1.1|ff01-000b-0023-0010,c013|0302|http/1.1|ff01-000b-0023-0010,c02f|0303|http/1.1|ff01-000b-0023-0010,c02f|0303|http/1.1|ff01-000b-0023-0010,c02f|0303|http/1.1|ff01-000b-0023-0010,c02f|0303|http/1.1|ff01-000b-0023-0010
110.38.87.220,110.38.87.220,00000000000000000000000000000000000000000000000000000000000000,|||,|||,|||,|||,|||,|||,|||,|||,|||,|||
110.83.155.246,110.83.155.246,00000000000000000000000000000000000000000000000000000000000000,|||,|||,|||,|||,|||,|||,|||,|||,|||,|||
110.42.146.213,110.42.146.213,00000000000000000000000000000000000000000000000000000000000000,|||,|||,|||,|||,|||,|||,|||,|||,|||,|||
110.6.4.114,110.6.4.114,00000000000000000000000000000000000000000000000000000000000000,|||,|||,|||,|||,|||,|||,|||,|||,|||,|||
137.184.109.163,137.184.109.163,00000000000000000000000000000000000000000000000000000000000000,|||,|||,|||,|||,|||,|||,|||,|||,|||,|||
110.44.240.197,110.44.240.197,00000000000000000000000000000000000000000000000000000000000000,|||,|||,|||,|||,|||,|||,|||,|||,|||,|||
111.19.255.35,111.19.255.35,00000000000000000000000000000000000000000000000000000000000000,|||,|||,|||,|||,|||,|||,|||,|||,|||,|||
110.89.139.138,110.89.139.138,00000000000000000000000000000000000000000000000000000000000000,|||,|||,|||,|||,|||,|||,|||,|||,|||,|||
137.184.108.93,137.184.108.93,00000000000000000000000000000000000000000000000000000000000000,|||,|||,|||,|||,|||,|||,|||,|||,|||,|||
111.198.29.154,111.198.29.154,00000000000000000000000000000000000000000000000000000000000000,|||,|||,|||,|||,|||,|||,|||,|||,|||,|||
109.161.174.143,109.161.174.143,00000000000000000000000000000000000000000000000000000000000000,|||,|||,|||,|||,|||,|||,|||,|||,|||,|||
111.223.69.245,111.223.69.245,00000000000000000000000000000000000000000000000000000000000000,|||,|||,|||,|||,|||,|||,|||,|||,|||,|||
110.167.127.209,110.167.127.209,00000000000000000000000000000000000000000000000000000000000000,|||,|||,|||,|||,|||,|||,|||,|||,|||,|||
111.19.255.34,111.19.255.34,00000000000000000000000000000000000000000000000000000000000000,|||,|||,|||,|||,|||,|||,|||,|||,|||,|||
110.46.12.13,110.46.12.13,00000000000000000000000000000000000000000000000000000000000000,|||,|||,|||,|||,|||,|||,|||,|||,|||,|||
110.42.199.36,110.42.199.36,00000000000000000000000000000000000000000000000000000000000000,|||,|||,|||,|||,|||,|||,|||,|||,|||,|||
108.61.247.47,108.61.247.47,00000000000000000000000000000000000000000000000000000000000000,|||,|||,|||,|||,|||,|||,|||,|||,|||,|||
111.127.174.98,111.127.174.98,00000000000000000000000000000000000000000000000000000000000000,|||,|||,|||,|||,|||,|||,|||,|||,|||,|||
109.236.237.142,109.236.237.142,00000000000000000000000000000000000000000000000000000000000000,|||,|||,|||,|||,|||,|||,|||,|||,|||,|||
111.11.117.90,111.11.117.90,00000000000000000000000000000000000000000000000000000000000000,|||,|||,|||,|||,|||,|||,|||,|||,|||,|||
111.167.187.92,111.167.187.92,00000000000000000000000000000000000000000000000000000000000000,|||,|||,|||,|||,|||,|||,|||,|||,|||,|||
110.174.133.191,110.174.133.191,00000000000000000000000000000000000000000000000000000000000000,|||,|||,|||,|||,|||,|||,|||,|||,|||,|||
110.81.113.16,110.81.113.16,00000000000000000000000000000000000000000000000000000000000000,|||,|||,|||,|||,|||,|||,|||,|||,|||,|||
110.159.140.16,110.159.140.16,00000000000000000000000000000000000000000000000000000000000000,|||,|||,|||,|||,|||,|||,|||,|||,|||,|||
111.206.87.227,111.206.87.227,00000000000000000000000000000000000000000000000000000000000000,|||,|||,|||,|||,|||,|||,|||,|||,|||,|||
128.14.229.186,128.14.229.186,00000000000000000000000000000000000000000000000000000000000000,|||,|||,|||,|||,|||,|||,|||,|||,|||,|||
110.46.206.66,110.46.206.66,00000000000000000000000000000000000000000000000000000000000000,|||,|||,|||,|||,|||,|||,|||,|||,|||,|||
110.4.20.217,110.4.20.217,00000000000000000000000000000000000000000000000000000000000000,|||,|||,|||,|||,|||,|||,|||,|||,|||,|||
111.173.114.78,111.173.114.78,00000000000000000000000000000000000000000000000000000000000000,|||,|||,|||,|||,|||,|||,|||,|||,|||,|||
111.123.243.34,111.123.243.34,00000000000000000000000000000000000000000000000000000000000000,|||,|||,|||,|||,|||,|||,|||,|||,|||,|||
110.86.99.85,110.86.99.85,00000000000000000000000000000000000000000000000000000000000000,|||,|||,|||,|||,|||,|||,|||,|||,|||,|||
111.122.9.59,111.122.9.59,00000000000000000000000000000000000000000000000000000000000000,|||,|||,|||,|||,|||,|||,|||,|||,|||,|||
109.74.197.10,109.74.197.10,00000000000000000000000000000000000000000000000000000000000000,|||,|||,|||,|||,|||,|||,|||,|||,|||,|||
110.46.13.142,110.46.13.142,00000000000000000000000000000000000000000000000000000000000000,|||,|||,|||,|||,|||,|||,|||,|||,|||,|||
110.137.81.106,110.137.81.106,00000000000000000000000000000000000000000000000000000000000000,|||,|||,|||,|||,|||,|||,|||,|||,|||,|||
109.237.25.211,109.237.25.211,00000000000000000000000000000000000000000000000000000000000000,|||,|||,|||,|||,|||,|||,|||,|||,|||,|||
110.4.20.90,110.4.20.90,00000000000000000000000000000000000000000000000000000000000000,|||,|||,|||,|||,|||,|||,|||,|||,|||,|||
110.34.26.226,110.34.26.226,00000000000000000000000000000000000000000000000000000000000000,|||,|||,|||,|||,|||,|||,|||,|||,|||,|||
109.248.175.184,109.248.175.184,00000000000000000000000000000000000000000000000000000000000000,|||,|||,|||,|||,|||,|||,|||,|||,|||,|||
109.74.204.176,109.74.204.176,00000000000000000000000000000000000000000000000000000000000000,|||,|||,|||,|||,|||,|||,|||,|||,|||,|||
137.184.108.251,137.184.108.251,00000000000000000000000000000000000000000000000000000000000000,|||,|||,|||,|||,|||,|||,|||,|||,|||,|||
111.203.254.30,111.203.254.30,00000000000000000000000000000000000000000000000000000000000000,|||,|||,|||,|||,|||,|||,|||,|||,|||,|||
128.14.232.148,128.14.232.148,00000000000000000000000000000000000000000000000000000000000000,|||,|||,|||,|||,|||,|||,|||,|||,|||,|||
137.184.128.24,137.184.128.24,00000000000000000000000000000000000000000000000000000000000000,|||,|||,|||,|||,|||,|||,|||,|||,|||,|||
111.22.28.18,111.22.28.18,00000000000000000000000000000000000000000000000000000000000000,|||,|||,|||,|||,|||,|||,|||,|||,|||,|||
111.14.47.150,111.14.47.150,00000000000000000000000000000000000000000000000000000000000000,|||,|||,|||,|||,|||,|||,|||,|||,|||,|||
111.123.243.108,111.123.243.108,00000000000000000000000000000000000000000000000000000000000000,|||,|||,|||,|||,|||,|||,|||,|||,|||,|||
111.19.255.46,111.19.255.46,00000000000000000000000000000000000000000000000000000000000000,|||,|||,|||,|||,|||,|||,|||,|||,|||,|||
137.184.149.234,137.184.149.234,00000000000000000000000000000000000000000000000000000000000000,|||,|||,|||,|||,|||,|||,|||,|||,|||,|||
131.255.150.10,131.255.150.10,00000000000000000000000000000000000000000000000000000000000000,|||,|||,|||,|||,|||,|||,|||,|||,|||,|||
120.48.6.169,120.48.6.169,00000000000000000000000000000000000000000000000000000000000000,|||,|||,|||,|||,|||,|||,|||,|||,|||,|||
137.184.145.144,137.184.145.144,00000000000000000000000000000000000000000000000000000000000000,|||,|||,|||,|||,|||,|||,|||,|||,|||,|||
131.221.128.229,131.221.128.229,00000000000000000000000000000000000000000000000000000000000000,|||,|||,|||,|||,|||,|||,|||,|||,|||,|||
122.54.143.156,122.54.143.156,05d10d11d04d04d05c05d10d05d04da441f40918707087561e2af18cf76f0e,0016|0303||ff01-0023,0084|0303||ff01-0023,0088|0303||ff01-0023,000a|0303||ff01-0023,000a|0303||ff01-0023,0016|0302||ff01-0023,0016|0303||ff01-0023,0084|0303||ff01-0023,0016|0303||ff01-0023,000a|0303||ff01-0023
131.221.143.56,131.221.143.56,00000000000000000000000000000000000000000000000000000000000000,|||,|||,|||,|||,|||,|||,|||,|||,|||,|||
123.56.181.164,123.56.181.164,00000000000000000000000000000000000000000000000000000000000000,|||,|||,|||,|||,|||,|||,|||,|||,|||,|||
137.184.48.44,137.184.48.44,00000000000000000000000000000000000000000000000000000000000000,|||,|||,|||,|||,|||,|||,|||,|||,|||,|||
137.184.21.7,137.184.21.7,00000000000000000000000000000000000000000000000000000000000000,|||,|||,|||,|||,|||,|||,|||,|||,|||,|||
137.184.220.5,137.184.220.5,00000000000000000000000000000000000000000000000000000000000000,|||,|||,|||,|||,|||,|||,|||,|||,|||,|||
128.14.226.202,128.14.226.202,00000000000000000000000000000000000000000000000000000000000000,|||,|||,|||,|||,|||,|||,|||,|||,|||,|||
137.184.61.26,137.184.61.26,00000000000000000000000000000000000000000000000000000000000000,|||,|||,|||,|||,|||,|||,|||,|||,|||,|||
111.23.29.223,111.23.29.223,00000000000000000000000000000000000000000000000000000000000000,|||,|||,|||,|||,|||,|||,|||,|||,|||,|||
137.184.218.193,137.184.218.193,00000000000000000000000000000000000000000000000000000000000000,|||,|||,|||,|||,|||,|||,|||,|||,|||,|||
137.184.199.171,137.184.199.171,00000000000000000000000000000000000000000000000000000000000000,|||,|||,|||,|||,|||,|||,|||,|||,|||,|||
137.184.158.144,137.184.158.144,00000000000000000000000000000000000000000000000000000000000000,|||,|||,|||,|||,|||,|||,|||,|||,|||,|||
137.184.49.66,137.184.49.66,00000000000000000000000000000000000000000000000000000000000000,|||,|||,|||,|||,|||,|||,|||,|||,|||,|||
137.184.217.110,137.184.217.110,00000000000000000000000000000000000000000000000000000000000000,|||,|||,|||,|||,|||,|||,|||,|||,|||,|||
129.226.167.2,129.226.167.2,00000000000000000000000000000000000000000000000000000000000000,|||,|||,|||,|||,|||,|||,|||,|||,|||,|||
137.184.50.8,137.184.50.8,00000000000000000000000000000000000000000000000000000000000000,|||,|||,|||,|||,|||,|||,|||,|||,|||,|||
111.160.143.146,111.160.143.146,00000000000000000000000000000000000000000000000000000000000000,|||,|||,|||,|||,|||,|||,|||,|||,|||,|||
111.28.127.205,111.28.127.205,00000000000000000000000000000000000000000000000000000000000000,|||,|||,|||,|||,|||,|||,|||,|||,|||,|||
124.223.16.160,124.223.16.160,2ad2ad0002ad2ad22c2ad2ad2ad2ad6a7bd8f51d54bfc07e1cd34e5ca50bb3,c030|0303|http/1.1|0000-ff01-000b-0023-0010,c030|0303|http/1.1|0000-ff01-000b-0023-0010,|||,c030|0303||0000-ff01-000b-0023,c030|0303||0000-ff01-000b-0023,c014|0302|http/1.1|0000-ff01-000b-0023-0010,c030|0303|http/1.1|0000-ff01-000b-0023-0010,c030|0303|http/1.1|0000-ff01-000b-0023-0010,c030|0303|http/1.1|0000-ff01-000b-0023-0010,c030|0303|http/1.1|0000-ff01-000b-0023-0010
138.197.187.5,138.197.187.5,00000000000000000000000000000000000000000000000000000000000000,|||,|||,|||,|||,|||,|||,|||,|||,|||,|||
110.82.90.40,110.82.90.40,00000000000000000000000000000000000000000000000000000000000000,|||,|||,|||,|||,|||,|||,|||,|||,|||,|||
109.64.58.133,109.64.58.133,00000000000000000000000000000000000000000000000000000000000000,|||,|||,|||,|||,|||,|||,|||,|||,|||,|||
134.175.152.105,134.175.152.105,00000000000000000000000000000000000000000000000000000000000000,|||,|||,|||,|||,|||,|||,|||,|||,|||,|||
111.14.47.146,111.14.47.146,00000000000000000000000000000000000000000000000000000000000000,|||,|||,|||,|||,|||,|||,|||,|||,|||,|||
111.19.255.45,111.19.255.45,00000000000000000000000000000000000000000000000000000000000000,|||,|||,|||,|||,|||,|||,|||,|||,|||,|||
111.173.114.102,111.173.114.102,00000000000000000000000000000000000000000000000000000000000000,|||,|||,|||,|||,|||,|||,|||,|||,|||,|||
122.117.113.19,122.117.113.19,04b02b00004b04b04b04b02b04b04b9674c6b4e623ae36cc2d998e99e2262e,000a|0301||ff01-0023,0005|0301||ff01-0023,|||,000a|0301||ff01-0023,000a|0301||ff01-0023,000a|0301||ff01-0023,000a|0301||ff01-0023,0005|0301||ff01-0023,000a|0301||ff01-0023,000a|0301||ff01-0023
111.164.173.124,111.164.173.124,00000000000000000000000000000000000000000000000000000000000000,|||,|||,|||,|||,|||,|||,|||,|||,|||,|||
111.201.135.188,111.201.135.188,00000000000000000000000000000000000000000000000000000000000000,|||,|||,|||,|||,|||,|||,|||,|||,|||,|||
136.232.167.6,136.232.167.6,00000000000000000000000000000000000000000000000000000000000000,|||,|||,|||,|||,|||,|||,|||,|||,|||,|||
111.14.220.6,111.14.220.6,00000000000000000000000000000000000000000000000000000000000000,|||,|||,|||,|||,|||,|||,|||,|||,|||,|||
111.42.74.100,111.42.74.100,00000000000000000000000000000000000000000000000000000000000000,|||,|||,|||,|||,|||,|||,|||,|||,|||,|||
111.26.116.182,111.26.116.182,00000000000000000000000000000000000000000000000000000000000000,|||,|||,|||,|||,|||,|||,|||,|||,|||,|||
125.140.201.208,125.140.201.208,00000000000000000000000000000000000000000000000000000000000000,|||,|||,|||,|||,|||,|||,|||,|||,|||,|||
111.22.48.226,111.22.48.226,00000000000000000000000000000000000000000000000000000000000000,|||,|||,|||,|||,|||,|||,|||,|||,|||,|||
123.57.68.179,123.57.68.179,00000000000000000000000000000000000000000000000000000000000000,|||,|||,|||,|||,|||,|||,|||,|||,|||,|||
129.211.165.185,129.211.165.185,00000000000000000000000000000000000000000000000000000000000000,|||,|||,|||,|||,|||,|||,|||,|||,|||,|||
137.184.66.116,137.184.66.116,00000000000000000000000000000000000000000000000000000000000000,|||,|||,|||,|||,|||,|||,|||,|||,|||,|||
136.35.173.151,136.35.173.151,00000000000000000000000000000000000000000000000000000000000000,|||,|||,|||,|||,|||,|||,|||,|||,|||,|||
75.68.234.115,75.68.234.115,21d29d00021d21d00021d29d21d21dd737c5a746ca3707b1a4cd16ec9698af,c013|0303||ff01-0017,c02f|0303||ff01-0017,|||,c013|0303||ff01-0017,c013|0303||ff01-0017,|||,c013|0303||ff01-0017,c02f|0303||ff01-0017,c013|0303||ff01-0017,c013|0303||ff01-0017
137.184.218.51,137.184.218.51,00000000000000000000000000000000000000000000000000000000000000,|||,|||,|||,|||,|||,|||,|||,|||,|||,|||
111.20.140.252,111.20.140.252,00000000000000000000000000000000000000000000000000000000000000,|||,|||,|||,|||,|||,|||,|||,|||,|||,|||
137.184.60.190,137.184.60.190,00000000000000000000000000000000000000000000000000000000000000,|||,|||,|||,|||,|||,|||,|||,|||,|||,|||
123.57.232.4,123.57.232.4,2ad2ad0002ad2ad22c2ad2ad2ad2ad703dc1bf20eb9604decefea997eabff7,c030|0303|http/1.1|ff01-0000-0001-000b-0023-0010-0017,c030|0303|http/1.1|ff01-0000-0001-000b-0023-0010-0017,|||,c030|0303|http/1.0|ff01-0000-0001-000b-0023-0010-0017,c030|0303|http/1.0|ff01-0000-0001-000b-0023-0010-0017,c014|0302|http/1.1|ff01-0000-0001-000b-0023-0010-0017,c030|0303|http/1.1|ff01-0000-0001-000b-0023-0010-0017,c030|0303|http/1.1|ff01-0000-0001-000b-0023-0010-0017,c030|0303|http/1.1|ff01-0000-0001-000b-0023-0010-0017,c030|0303|http/1.1|ff01-0000-0001-000b-0023-0010-0017
138.246.253.15,138.246.253.15,00000000000000000000000000000000000000000000000000000000000000,|||,|||,|||,|||,|||,|||,|||,|||,|||,|||
111.229.10.247,111.229.10.247,00000000000000000000000000000000000000000000000000000000000000,|||,|||,|||,|||,|||,|||,|||,|||,|||,|||
137.184.61.46,137.184.61.46,00000000000000000000000000000000000000000000000000000000000000,|||,|||,|||,|||,|||,|||,|||,|||,|||,|||
111.19.255.6,111.19.255.6,00000000000000000000000000000000000000000000000000000000000000,|||,|||,|||,|||,|||,|||,|||,|||,|||,|||
111.225.199.194,111.225.199.194,00000000000000000000000000000000000000000000000000000000000000,|||,|||,|||,|||,|||,|||,|||,|||,|||,|||
111.38.10.101,111.38.10.101,00000000000000000000000000000000000000000000000000000000000000,|||,|||,|||,|||,|||,|||,|||,|||,|||,|||
111.252.178.21,111.252.178.21,00000000000000000000000000000000000000000000000000000000000000,|||,|||,|||,|||,|||,|||,|||,|||,|||,|||
111.33.63.174,111.33.63.174,00000000000000000000000000000000000000000000000000000000000000,|||,|||,|||,|||,|||,|||,|||,|||,|||,|||
111.42.36.129,111.42.36.129,00000000000000000000000000000000000000000000000000000000000000,|||,|||,|||,|||,|||,|||,|||,|||,|||,|||
138.68.147.81,138.68.147.81,00000000000000000000000000000000000000000000000000000000000000,|||,|||,|||,|||,|||,|||,|||,|||,|||,|||
111.59.236.54,111.59.236.54,00000000000000000000000000000000000000000000000000000000000000,|||,|||,|||,|||,|||,|||,|||,|||,|||,|||
138.68.185.214,138.68.185.214,00000000000000000000000000000000000000000000000000000000000000,|||,|||,|||,|||,|||,|||,|||,|||,|||,|||
111.42.7.159,111.42.7.159,00000000000000000000000000000000000000000000000000000000000000,|||,|||,|||,|||,|||,|||,|||,|||,|||,|||
111.39.48.37,111.39.48.37,00000000000000000000000000000000000000000000000000000000000000,|||,|||,|||,|||,|||,|||,|||,|||,|||,|||
111.118.144.230,111.118.144.230,00000000000000000000000000000000000000000000000000000000000000,|||,|||,|||,|||,|||,|||,|||,|||,|||,|||
111.173.89.113,111.173.89.113,00000000000000000000000000000000000000000000000000000000000000,|||,|||,|||,|||,|||,|||,|||,|||,|||,|||
111.160.11.206,111.160.11.206,00000000000000000000000000000000000000000000000000000000000000,|||,|||,|||,|||,|||,|||,|||,|||,|||,|||
111.224.115.253,111.224.115.253,00000000000000000000000000000000000000000000000000000000000000,|||,|||,|||,|||,|||,|||,|||,|||,|||,|||
111.26.104.150,111.26.104.150,00000000000000000000000000000000000000000000000000000000000000,|||,|||,|||,|||,|||,|||,|||,|||,|||,|||
111.22.190.8,111.22.190.8,00000000000000000000000000000000000000000000000000000000000000,|||,|||,|||,|||,|||,|||,|||,|||,|||,|||
124.223.50.94,124.223.50.94,3fd3fd0003fd3fd21c42d42d000000307ee0eb468e9fdb5cfcd698a80a67ef,cca8|0303|h2|ff01-0000-0001-000b-0023-0010-0017,cca8|0303|h2|ff01-0000-0001-000b-0023-0010-0017,|||,cca8|0303||ff01-0000-0001-000b-0023-0017,cca8|0303||ff01-0000-0001-000b-0023-0017,c013|0302|h2|ff01-0000-0001-000b-0023-0010-0017,1302|0303||002b-0033,1302|0303||002b-0033,|||,|||
111.160.34.174,111.160.34.174,00000000000000000000000000000000000000000000000000000000000000,|||,|||,|||,|||,|||,|||,|||,|||,|||,|||
111.4.75.80,111.4.75.80,00000000000000000000000000000000000000000000000000000000000000,|||,|||,|||,|||,|||,|||,|||,|||,|||,|||
111.173.114.189,111.173.114.189,00000000000000000000000000000000000000000000000000000000000000,|||,|||,|||,|||,|||,|||,|||,|||,|||,|||
138.68.134.125,138.68.134.125,00000000000000000000000000000000000000000000000000000000000000,|||,|||,|||,|||,|||,|||,|||,|||,|||,|||
111.231.69.2,111.231.69.2,00000000000000000000000000000000000000000000000000000000000000,|||,|||,|||,|||,|||,|||,|||,|||,|||,|||
101.35.198.3,101.35.198.3,00000000000000000000000000000000000000000000000000000000000000,|||,|||,|||,|||,|||,|||,|||,|||,|||,|||
111.43.35.91,111.43.35.91,00000000000000000000000000000000000000000000000000000000000000,|||,|||,|||,|||,|||,|||,|||,|||,|||,|||
138.68.85.150,138.68.85.150,00000000000000000000000000000000000000000000000000000000000000,|||,|||,|||,|||,|||,|||,|||,|||,|||,|||
111.7.96.132,111.7.96.132,00000000000000000000000000000000000000000000000000000000000000,|||,|||,|||,|||,|||,|||,|||,|||,|||,|||
110.82.105.62,110.82.105.62,00000000000000000000000000000000000000000000000000000000000000,|||,|||,|||,|||,|||,|||,|||,|||,|||,|||
138.68.154.174,138.68.154.174,00000000000000000000000000000000000000000000000000000000000000,|||,|||,|||,|||,|||,|||,|||,|||,|||,|||
111.85.134.252,111.85.134.252,00000000000000000000000000000000000000000000000000000000000000,|||,|||,|||,|||,|||,|||,|||,|||,|||,|||
111.231.94.241,111.231.94.241,00000000000000000000000000000000000000000000000000000000000000,|||,|||,|||,|||,|||,|||,|||,|||,|||,|||
111.40.101.50,111.40.101.50,00000000000000000000000000000000000000000000000000000000000000,|||,|||,|||,|||,|||,|||,|||,|||,|||,|||
111.39.105.226,111.39.105.226,00000000000000000000000000000000000000000000000000000000000000,|||,|||,|||,|||,|||,|||,|||,|||,|||,|||
111.20.122.245,111.20.122.245,00000000000000000000000000000000000000000000000000000000000000,|||,|||,|||,|||,|||,|||,|||,|||,|||,|||
123.56.88.92,123.56.88.92,29d29d20d29d29d22c29d29d29d29df51c60823f963b0fe11deab8efc70b4b,c02f|0303|http/1.1|ff01-000b-0023-0010,c02f|0303|http/1.1|ff01-000b-0023-0010,c012|0303|http/1.1|ff01-000b-0023-0010,c02f|0303||ff01-000b-0023,c02f|0303||ff01-000b-0023,c014|0302|http/1.1|ff01-000b-0023-0010,c02f|0303|http/1.1|ff01-000b-0023-0010,c02f|0303|http/1.1|ff01-000b-0023-0010,c02f|0303|http/1.1|ff01-000b-0023-0010,c02f|0303|http/1.1|ff01-000b-0023-0010
137.184.119.54,137.184.119.54,00000000000000000000000000000000000000000000000000000000000000,|||,|||,|||,|||,|||,|||,|||,|||,|||,|||
124.126.15.55,124.126.15.55,29d29d20d29d29d22c29d29d29d29d8e917db1de9d33002d70770504a55ef7,c02f|0303|http/1.1|0000-ff01-000b-0023-0010,c02f|0303|http/1.1|0000-ff01-000b-0023-0010,c012|0303|http/1.1|0000-ff01-000b-0023-0010,c02f|0303||0000-ff01-000b-0023,c02f|0303||0000-ff01-000b-0023,c014|0302|http/1.1|0000-ff01-000b-0023-0010,c02f|0303|http/1.1|0000-ff01-000b-0023-0010,c02f|0303|http/1.1|0000-ff01-000b-0023-0010,c02f|0303|http/1.1|0000-ff01-000b-0023-0010,c02f|0303|http/1.1|0000-ff01-000b-0023-0010
134.209.166.44,134.209.166.44,29d29d15d29d29d21c42d41d29d41d4261af0102c45458a1c8a1ace8632c34,c02f|0303|h2|0000-ff01-000b-0023-0010,c02f|0303|h2|0000-ff01-000b-0023-0010,009e|0303|h2|0000-ff01-0023-0010,c02f|0303||0000-ff01-000b-0023,c02f|0303||0000-ff01-000b-0023,c013|0302|h2|0000-ff01-000b-0023-0010,1302|0303||002b-0033,1301|0303||002b-0033,c02f|0303|h2|0000-ff01-000b-0023-0010,1301|0303||002b-0033
111.9.254.73,111.9.254.73,00000000000000000000000000000000000000000000000000000000000000,|||,|||,|||,|||,|||,|||,|||,|||,|||,|||
138.68.140.24,138.68.140.24,00000000000000000000000000000000000000000000000000000000000000,|||,|||,|||,|||,|||,|||,|||,|||,|||,|||
111.75.156.221,111.75.156.221,00000000000000000000000000000000000000000000000000000000000000,|||,|||,|||,|||,|||,|||,|||,|||,|||,|||
138.68.179.39,138.68.179.39,00000000000000000000000000000000000000000000000000000000000000,|||,|||,|||,|||,|||,|||,|||,|||,|||,|||
137.184.113.52,137.184.113.52,00000000000000000000000000000000000000000000000000000000000000,|||,|||,|||,|||,|||,|||,|||,|||,|||,|||
111.30.35.165,111.30.35.165,00000000000000000000000000000000000000000000000000000000000000,|||,|||,|||,|||,|||,|||,|||,|||,|||,|||
129.205.102.242,129.205.102.242,00000000000000000000000000000000000000000000000000000000000000,|||,|||,|||,|||,|||,|||,|||,|||,|||,|||
134.209.101.162,134.209.101.162,00000000000000000000000000000000000000000000000000000000000000,|||,|||,|||,|||,|||,|||,|||,|||,|||,|||
111.3.8.15,111.3.8.15,00000000000000000000000000000000000000000000000000000000000000,|||,|||,|||,|||,|||,|||,|||,|||,|||,|||
111.7.96.133,111.7.96.133,00000000000000000000000000000000000000000000000000000000000000,|||,|||,|||,|||,|||,|||,|||,|||,|||,|||
138.197.190.51,138.197.190.51,15d3fd16d29d29d00042d43d000000ed1cf37c9a169b41886e27ba8fad60b0,009e|0303|http/1.1|ff01-0001-0010-0017,cca8|0303|http/1.1|ff01-0001-000b-0010-0017,009f|0303|http/1.1|ff01-0001-0010-0017,c02f|0303|http/1.1|ff01-0001-000b-0010-0017,c02f|0303|http/1.1|ff01-0001-000b-0010-0017,|||,1302|0303||002b-0033,1303|0303||002b-0033,|||,|||
137.184.14.159,137.184.14.159,00000000000000000000000000000000000000000000000000000000000000,|||,|||,|||,|||,|||,|||,|||,|||,|||,|||
111.20.54.147,111.20.54.147,00000000000000000000000000000000000000000000000000000000000000,|||,|||,|||,|||,|||,|||,|||,|||,|||,|||
111.43.226.205,111.43.226.205,00000000000000000000000000000000000000000000000000000000000000,|||,|||,|||,|||,|||,|||,|||,|||,|||,|||
111.42.143.8,111.42.143.8,00000000000000000000000000000000000000000000000000000000000000,|||,|||,|||,|||,|||,|||,|||,|||,|||,|||
111.59.74.159,111.59.74.159,00000000000000000000000000000000000000000000000000000000000000,|||,|||,|||,|||,|||,|||,|||,|||,|||,|||
111.173.115.95,111.173.115.95,00000000000000000000000000000000000000000000000000000000000000,|||,|||,|||,|||,|||,|||,|||,|||,|||,|||
111.47.112.151,111.47.112.151,00000000000000000000000000000000000000000000000000000000000000,|||,|||,|||,|||,|||,|||,|||,|||,|||,|||
112.118.172.167,112.118.172.167,00000000000000000000000000000000000000000000000000000000000000,|||,|||,|||,|||,|||,|||,|||,|||,|||,|||
138.68.95.112,138.68.95.112,00000000000000000000000000000000000000000000000000000000000000,|||,|||,|||,|||,|||,|||,|||,|||,|||,|||
112.118.12.230,112.118.12.230,00000000000000000000000000000000000000000000000000000000000000,|||,|||,|||,|||,|||,|||,|||,|||,|||,|||
111.22.101.159,111.22.101.159,00000000000000000000000000000000000000000000000000000000000000,|||,|||,|||,|||,|||,|||,|||,|||,|||,|||
111.38.103.66,111.38.103.66,00000000000000000000000000000000000000000000000000000000000000,|||,|||,|||,|||,|||,|||,|||,|||,|||,|||
111.242.214.237,111.242.214.237,00000000000000000000000000000000000000000000000000000000000000,|||,|||,|||,|||,|||,|||,|||,|||,|||,|||
111.50.82.237,111.50.82.237,00000000000000000000000000000000000000000000000000000000000000,|||,|||,|||,|||,|||,|||,|||,|||,|||,|||
111.202.78.194,111.202.78.194,00000000000000000000000000000000000000000000000000000000000000,|||,|||,|||,|||,|||,|||,|||,|||,|||,|||
138.197.181.62,138.197.181.62,20d08b20d21d20d20c42d08b20b41d494e0df9532e75299f15ba73156cee38,c012|0303|h2|0023-ff01-0010-000b,0035|0301|h2|0023-ff01-0010-000b,c012|0303|h2|0023-ff01-0010-000b,c013|0303||0023-ff01-000b,c012|0303||0023-ff01-000b,c012|0302|h2|0023-ff01-0010-000b,1302|0303||002b-0033,0035|0301|h2|0023-ff01-0010-000b,c012|0301|h2|0023-ff01-0010-000b,1301|0303||002b-0033
111.2.4.56,111.2.4.56,00000000000000000000000000000000000000000000000000000000000000,|||,|||,|||,|||,|||,|||,|||,|||,|||,|||
122.53.176.252,122.53.176.252,29d29d00000000021c29d29d29d29d1f4989c319e75da83988253a39553038,c02f|0303|h2|0010-0017-ff01,c02f|0303|h2|0010-0017-ff01,|||,|||,|||,c013|0302|h2|0010-0017-ff01,c02f|0303|h2|0010-0017-ff01,c02f|0303|h2|0010-0017-ff01,c02f|0303|h2|0010-0017-ff01,c02f|0303|h2|0010-0017-ff01
134.209.103.164,134.209.103.164,00000000000000000000000000000000000000000000000000000000000000,|||,|||,|||,|||,|||,|||,|||,|||,|||,|||
137.74.226.46,137.74.226.46,00000000000000000000000000000000000000000000000000000000000000,|||,|||,|||,|||,|||,|||,|||,|||,|||,|||
134.209.172.67,134.209.172.67,07d10d11d21d21d00007d10d07d21d2e85c890498be4da9c54ee0ea77b1062,0033|0303||ff01-0023,0084|0303||ff01-0023,0088|0303||ff01-0023,c013|0303||ff01-000b-0023,c013|0303||ff01-000b-0023,|||,0033|0303||ff01-0023,0084|0303||ff01-0023,0033|0303||ff01-0023,c013|0303||ff01-000b-0023
134.122.42.173,134.122.42.173,00000000000000000000000000000000000000000000000000000000000000,|||,|||,|||,|||,|||,|||,|||,|||,|||,|||
111.43.137.205,111.43.137.205,00000000000000000000000000000000000000000000000000000000000000,|||,|||,|||,|||,|||,|||,|||,|||,|||,|||
111.7.96.134,111.7.96.134,00000000000000000000000000000000000000000000000000000000000000,|||,|||,|||,|||,|||,|||,|||,|||,|||,|||
137.184.176.20,137.184.176.20,00000000000000000000000000000000000000000000000000000000000000,|||,|||,|||,|||,|||,|||,|||,|||,|||,|||
137.184.127.112,137.184.127.112,00000000000000000000000000000000000000000000000000000000000000,|||,|||,|||,|||,|||,|||,|||,|||,|||,|||
137.184.40.177,137.184.40.177,00000000000000000000000000000000000000000000000000000000000000,|||,|||,|||,|||,|||,|||,|||,|||,|||,|||
137.184.32.216,137.184.32.216,00000000000000000000000000000000000000000000000000000000000000,|||,|||,|||,|||,|||,|||,|||,|||,|||,|||
137.184.176.22,137.184.176.22,00000000000000000000000000000000000000000000000000000000000000,|||,|||,|||,|||,|||,|||,|||,|||,|||,|||
111.77.178.21,111.77.178.21,00000000000000000000000000000000000000000000000000000000000000,|||,|||,|||,|||,|||,|||,|||,|||,|||,|||
121.40.33.219,121.40.33.219,00000000000000000000000000000000000000000000000000000000000000,|||,|||,|||,|||,|||,|||,|||,|||,|||,|||
137.184.10.103,137.184.10.103,00000000000000000000000000000000000000000000000000000000000000,|||,|||,|||,|||,|||,|||,|||,|||,|||,|||
138.68.65.86,138.68.65.86,00000000000000000000000000000000000000000000000000000000000000,|||,|||,|||,|||,|||,|||,|||,|||,|||,|||
134.209.150.92,134.209.150.92,00000000000000000000000000000000000000000000000000000000000000,|||,|||,|||,|||,|||,|||,|||,|||,|||,|||
137.184.32.204,137.184.32.204,00000000000000000000000000000000000000000000000000000000000000,|||,|||,|||,|||,|||,|||,|||,|||,|||,|||
137.184.215.255,137.184.215.255,00000000000000000000000000000000000000000000000000000000000000,|||,|||,|||,|||,|||,|||,|||,|||,|||,|||
111.61.77.89,111.61.77.89,00000000000000000000000000000000000000000000000000000000000000,|||,|||,|||,|||,|||,|||,|||,|||,|||,|||
137.184.121.33,137.184.121.33,00000000000000000000000000000000000000000000000000000000000000,|||,|||,|||,|||,|||,|||,|||,|||,|||,|||
112.124.30.113,112.124.30.113,00000000000000000000000000000000000000000000000000000000000000,|||,|||,|||,|||,|||,|||,|||,|||,|||,|||
134.209.144.228,134.209.144.228,00000000000000000000000000000000000000000000000000000000000000,|||,|||,|||,|||,|||,|||,|||,|||,|||,|||
138.68.96.222,138.68.96.222,00000000000000000000000000000000000000000000000000000000000000,|||,|||,|||,|||,|||,|||,|||,|||,|||,|||
134.209.159.0,134.209.159.0,00000000000000000000000000000000000000000000000000000000000000,|||,|||,|||,|||,|||,|||,|||,|||,|||,|||
112.119.99.85,112.119.99.85,00000000000000000000000000000000000000000000000000000000000000,|||,|||,|||,|||,|||,|||,|||,|||,|||,|||
137.184.176.15,137.184.176.15,00000000000000000000000000000000000000000000000000000000000000,|||,|||,|||,|||,|||,|||,|||,|||,|||,|||
134.209.40.100,134.209.40.100,2ad2ad0002ad2ad22c2ad2ad2ad2ad4e2288047286426ce53420cd83dff40f,c030|0303|h2|ff01-0001-000b-0023-0010-0017,c030|0303|h2|ff01-0001-000b-0023-0010-0017,|||,c030|0303||ff01-0001-000b-0023-0017,c030|0303||ff01-0001-000b-0023-0017,c014|0302|h2|ff01-0001-000b-0023-0010-0017,c030|0303|h2|ff01-0001-000b-0023-0010-0017,c030|0303|h2|ff01-0001-000b-0023-0010-0017,c030|0303|h2|ff01-0001-000b-0023-0010-0017,c030|0303|h2|ff01-0001-000b-0023-0010-0017
111.7.96.135,111.7.96.135,00000000000000000000000000000000000000000000000000000000000000,|||,|||,|||,|||,|||,|||,|||,|||,|||,|||
132.232.222.117,132.232.222.117,00000000000000000000000000000000000000000000000000000000000000,|||,|||,|||,|||,|||,|||,|||,|||,|||,|||
111.21.255.74,111.21.255.74,00000000000000000000000000000000000000000000000000000000000000,|||,|||,|||,|||,|||,|||,|||,|||,|||,|||
137.184.69.248,137.184.69.248,00000000000000000000000000000000000000000000000000000000000000,|||,|||,|||,|||,|||,|||,|||,|||,|||,|||
138.68.109.172,138.68.109.172,15d3fd16d29d29d00042d43d000000fe02290512647416dcf0a400ccbc0b6b,009e|0303|http/1.1|ff01-0000-0001-0010-0017,cca8|0303|http/1.1|ff01-0000-0001-000b-0010-0017,009f|0303|http/1.1|ff01-0000-0001-0010-0017,c02f|0303||ff01-0000-0001-000b-0017,c02f|0303||ff01-0000-0001-000b-0017,|||,1302|0303||002b-0033,1303|0303||002b-0033,|||,|||
138.199.30.82,138.199.30.82,00000000000000000000000000000000000000000000000000000000000000,|||,|||,|||,|||,|||,|||,|||,|||,|||,|||
124.123.20.153,124.123.20.153,2ad2ad0002ad2ad00042d42d00000045d9c61f898d3d72d7a153fdd2347f3c,c030|0303|h2|ff01-0001-000b-0023-0010-0017,c030|0303|h2|ff01-0001-000b-0023-0010-0017,|||,c030|0303||ff01-0001-000b-0023-0017,c030|0303||ff01-0001-000b-0023-0017,|||,1302|0303||002b-0033,1302|0303||002b-0033,|||,|||
125.73.184.46,125.73.184.46,14d14d00014d14d00014d14d14d14d967e107747d1d3ddddb053061a2225fa,009d|0303||0000-ff01-0023,009d|0303||0000-ff01-0023,|||,009d|0303||0000-ff01-0023,009d|0303||0000-ff01-0023,|||,009d|0303||0000-ff01-0023,009d|0303||0000-ff01-0023,009d|0303||0000-ff01-0023,009d|0303||0000-ff01-0023
134.209.175.214,134.209.175.214,2ad2ad0002ad2ad0002ad2ad2ad2ade1a3c0d7ca6ad8388057924be83dfc6a,c030|0303|http/1.1|ff01-0000-0001-000b-0023-0010-0017,c030|0303|http/1.1|ff01-0000-0001-000b-0023-0010-0017,|||,c030|0303||ff01-0000-0001-000b-0023-0017,c030|0303||ff01-0000-0001-000b-0023-0017,|||,c030|0303|http/1.1|ff01-0000-0001-000b-0023-0010-0017,c030|0303|http/1.1|ff01-0000-0001-000b-0023-0010-0017,c030|0303|http/1.1|ff01-0000-0001-000b-0023-0010-0017,c030|0303|http/1.1|ff01-0000-0001-000b-0023-0010-0017
139.162.146.24,139.162.146.24,00000000000000000000000000000000000000000000000000000000000000,|||,|||,|||,|||,|||,|||,|||,|||,|||,|||
112.124.44.97,112.124.44.97,00000000000000000000000000000000000000000000000000000000000000,|||,|||,|||,|||,|||,|||,|||,|||,|||,|||
112.12.22.156,112.12.22.156,00000000000000000000000000000000000000000000000000000000000000,|||,|||,|||,|||,|||,|||,|||,|||,|||,|||
112.133.229.165,112.133.229.165,00000000000000000000000000000000000000000000000000000000000000,|||,|||,|||,|||,|||,|||,|||,|||,|||,|||
134.209.183.166,134.209.183.166,2ad2ad0002ad2ad0002ad2ad2ad2adbabc3637e9ad820e5c83b58a633fe7bb,c030|0303|http/1.1|ff01-0001-000b-0023-0010-0017,c030|0303|http/1.1|ff01-0001-000b-0023-0010-0017,|||,c030|0303|http/1.1|ff01-0001-000b-0023-0010-0017,c030|0303|http/1.1|ff01-0001-000b-0023-0010-0017,|||,c030|0303|http/1.1|ff01-0001-000b-0023-0010-0017,c030|0303|http/1.1|ff01-0001-000b-0023-0010-0017,c030|0303|http/1.1|ff01-0001-000b-0023-0010-0017,c030|0303|http/1.1|ff01-0001-000b-0023-0010-0017
128.199.237.241,128.199.237.241,00000000000000000000000000000000000000000000000000000000000000,|||,|||,|||,|||,|||,|||,|||,|||,|||,|||
138.68.137.28,138.68.137.28,2ad2ad0002ad2ad0002ad2ad2ad2ade1a3c0d7ca6ad8388057924be83dfc6a,c030|0303|http/1.1|ff01-0000-0001-000b-0023-0010-0017,c030|0303|http/1.1|ff01-0000-0001-000b-0023-0010-0017,|||,c030|0303||ff01-0000-0001-000b-0023-0017,c030|0303||ff01-0000-0001-000b-0023-0017,|||,c030|0303|http/1.1|ff01-0000-0001-000b-0023-0010-0017,c030|0303|http/1.1|ff01-0000-0001-000b-0023-0010-0017,c030|0303|http/1.1|ff01-0000-0001-000b-0023-0010-0017,c030|0303|http/1.1|ff01-0000-0001-000b-0023-0010-0017
112.119.168.138,112.119.168.138,00000000000000000000000000000000000000000000000000000000000000,|||,|||,|||,|||,|||,|||,|||,|||,|||,|||
134.122.9.60,134.122.9.60,3fd3fd15d3fd3fd21c3fd3fd3fd3fdc110bab2c0a19e5d4e587c17ce497b15,cca8|0303|http/1.1|ff01-0001-000b-0023-0010-0017,cca8|0303|http/1.1|ff01-0001-000b-0023-0010-0017,009e|0303|http/1.1|ff01-0001-0023-0010-0017,cca8|0303||ff01-0001-000b-0023-0017,cca8|0303||ff01-0001-000b-0023-0017,c013|0302|http/1.1|ff01-0001-000b-0023-0010-0017,cca8|0303|http/1.1|ff01-0001-000b-0023-0010-0017,cca8|0303|http/1.1|ff01-0001-000b-0023-0010-0017,cca8|0303|http/1.1|ff01-0001-000b-0023-0010-0017,cca8|0303|http/1.1|ff01-0001-000b-0023-0010-0017
124.58.207.204,124.58.207.204,00000000000000000000000000000000000000000000000000000000000000,|||,|||,|||,|||,|||,|||,|||,|||,|||,|||
139.162.201.203,139.162.201.203,00000000000000000000000000000000000000000000000000000000000000,|||,|||,|||,|||,|||,|||,|||,|||,|||,|||
112.124.28.49,112.124.28.49,00000000000000000000000000000000000000000000000000000000000000,|||,|||,|||,|||,|||,|||,|||,|||,|||,|||
112.152.199.237,112.152.199.237,00000000000000000000000000000000000000000000000000000000000000,|||,|||,|||,|||,|||,|||,|||,|||,|||,|||
111.23.126.40,111.23.126.40,00000000000000000000000000000000000000000000000000000000000000,|||,|||,|||,|||,|||,|||,|||,|||,|||,|||
112.15.135.50,112.15.135.50,00000000000000000000000000000000000000000000000000000000000000,|||,|||,|||,|||,|||,|||,|||,|||,|||,|||
112.119.215.208,112.119.215.208,00000000000000000000000000000000000000000000000000000000000000,|||,|||,|||,|||,|||,|||,|||,|||,|||,|||
112.15.65.41,112.15.65.41,00000000000000000000000000000000000000000000000000000000000000,|||,|||,|||,|||,|||,|||,|||,|||,|||,|||
112.13.171.117,112.13.171.117,00000000000000000000000000000000000000000000000000000000000000,|||,|||,|||,|||,|||,|||,|||,|||,|||,|||
138.68.145.240,138.68.145.240,3fd21b20d3fd3fd21c3fd21b21b3fd09a00b24483586e69e1b2e49cc2ece92,cca8|0303||0023-ff01-000b,c013|0301||0023-ff01-000b,c012|0303||0023-ff01-000b,cca8|0303||0023-ff01-000b,cca8|0303||0023-ff01-000b,c013|0302||0023-ff01-000b,cca8|0303||0023-ff01-000b,c013|0301||0023-ff01-000b,c013|0301||0023-ff01-000b,cca8|0303||0023-ff01-000b
139.162.206.87,139.162.206.87,00000000000000000000000000000000000000000000000000000000000000,|||,|||,|||,|||,|||,|||,|||,|||,|||,|||
111.44.219.234,111.44.219.234,00000000000000000000000000000000000000000000000000000000000000,|||,|||,|||,|||,|||,|||,|||,|||,|||,|||
139.162.195.62,139.162.195.62,00000000000000000000000000000000000000000000000000000000000000,|||,|||,|||,|||,|||,|||,|||,|||,|||,|||
139.162.214.42,139.162.214.42,00000000000000000000000000000000000000000000000000000000000000,|||,|||,|||,|||,|||,|||,|||,|||,|||,|||
112.200.238.217,112.200.238.217,00000000000000000000000000000000000000000000000000000000000000,|||,|||,|||,|||,|||,|||,|||,|||,|||,|||
112.20.185.121,112.20.185.121,00000000000000000000000000000000000000000000000000000000000000,|||,|||,|||,|||,|||,|||,|||,|||,|||,|||
139.162.206.24,139.162.206.24,00000000000000000000000000000000000000000000000000000000000000,|||,|||,|||,|||,|||,|||,|||,|||,|||,|||
139.162.201.21,139.162.201.21,00000000000000000000000000000000000000000000000000000000000000,|||,|||,|||,|||,|||,|||,|||,|||,|||,|||
138.197.141.29,138.197.141.29,00000000000000000000000000000000000000000000000000000000000000,|||,|||,|||,|||,|||,|||,|||,|||,|||,|||
111.59.74.23,111.59.74.23,00000000000000000000000000000000000000000000000000000000000000,|||,|||,|||,|||,|||,|||,|||,|||,|||,|||
112.15.16.164,112.15.16.164,00000000000000000000000000000000000000000000000000000000000000,|||,|||,|||,|||,|||,|||,|||,|||,|||,|||
112.103.233.65,112.103.233.65,00000000000000000000000000000000000000000000000000000000000000,|||,|||,|||,|||,|||,|||,|||,|||,|||,|||
112.15.207.111,112.15.207.111,00000000000000000000000000000000000000000000000000000000000000,|||,|||,|||,|||,|||,|||,|||,|||,|||,|||
139.162.207.84,139.162.207.84,00000000000000000000000000000000000000000000000000000000000000,|||,|||,|||,|||,|||,|||,|||,|||,|||,|||
111.7.96.138,111.7.96.138,00000000000000000000000000000000000000000000000000000000000000,|||,|||,|||,|||,|||,|||,|||,|||,|||,|||
112.241.144.104,112.241.144.104,00000000000000000000000000000000000000000000000000000000000000,|||,|||,|||,|||,|||,|||,|||,|||,|||,|||
138.197.170.120,138.197.170.120,00000000000000000000000000000000000000000000000000000000000000,|||,|||,|||,|||,|||,|||,|||,|||,|||,|||
111.59.73.141,111.59.73.141,00000000000000000000000000000000000000000000000000000000000000,|||,|||,|||,|||,|||,|||,|||,|||,|||,|||
138.197.110.180,138.197.110.180,00000000000000000000000000000000000000000000000000000000000000,|||,|||,|||,|||,|||,|||,|||,|||,|||,|||
138.197.122.201,138.197.122.201,00000000000000000000000000000000000000000000000000000000000000,|||,|||,|||,|||,|||,|||,|||,|||,|||,|||
112.241.221.7,112.241.221.7,00000000000000000000000000000000000000000000000000000000000000,|||,|||,|||,|||,|||,|||,|||,|||,|||,|||
112.229.191.181,112.229.191.181,00000000000000000000000000000000000000000000000000000000000000,|||,|||,|||,|||,|||,|||,|||,|||,|||,|||
112.243.227.122,112.243.227.122,00000000000000000000000000000000000000000000000000000000000000,|||,|||,|||,|||,|||,|||,|||,|||,|||,|||
137.184.102.145,137.184.102.145,00000000000000000000000000000000000000000000000000000000000000,|||,|||,|||,|||,|||,|||,|||,|||,|||,|||
111.7.96.136,111.7.96.136,00000000000000000000000000000000000000000000000000000000000000,|||,|||,|||,|||,|||,|||,|||,|||,|||,|||
112.197.215.167,112.197.215.167,00000000000000000000000000000000000000000000000000000000000000,|||,|||,|||,|||,|||,|||,|||,|||,|||,|||
112.249.211.249,112.249.211.249,00000000000000000000000000000000000000000000000000000000000000,|||,|||,|||,|||,|||,|||,|||,|||,|||,|||
112.216.163.130,112.216.163.130,00000000000000000000000000000000000000000000000000000000000000,|||,|||,|||,|||,|||,|||,|||,|||,|||,|||
111.7.96.137,111.7.96.137,00000000000000000000000000000000000000000000000000000000000000,|||,|||,|||,|||,|||,|||,|||,|||,|||,|||
112.133.243.100,112.133.243.100,00000000000000000000000000000000000000000000000000000000000000,|||,|||,|||,|||,|||,|||,|||,|||,|||,|||
134.122.134.161,134.122.134.161,00000000000000000000000000000000000000000000000000000000000000,|||,|||,|||,|||,|||,|||,|||,|||,|||,|||
112.225.205.129,112.225.205.129,00000000000000000000000000000000000000000000000000000000000000,|||,|||,|||,|||,|||,|||,|||,|||,|||,|||
111.63.21.98,111.63.21.98,00000000000000000000000000000000000000000000000000000000000000,|||,|||,|||,|||,|||,|||,|||,|||,|||,|||
112.160.126.107,112.160.126.107,00000000000000000000000000000000000000000000000000000000000000,|||,|||,|||,|||,|||,|||,|||,|||,|||,|||
112.25.208.10,112.25.208.10,00000000000000000000000000000000000000000000000000000000000000,|||,|||,|||,|||,|||,|||,|||,|||,|||,|||
137.184.81.93,137.184.81.93,00000000000000000000000000000000000000000000000000000000000000,|||,|||,|||,|||,|||,|||,|||,|||,|||,|||
112.164.253.207,112.164.253.207,00000000000000000000000000000000000000000000000000000000000000,|||,|||,|||,|||,|||,|||,|||,|||,|||,|||
112.103.233.66,112.103.233.66,00000000000000000000000000000000000000000000000000000000000000,|||,|||,|||,|||,|||,|||,|||,|||,|||,|||
139.162.228.113,139.162.228.113,00000000000000000000000000000000000000000000000000000000000000,|||,|||,|||,|||,|||,|||,|||,|||,|||,|||
111.9.169.225,111.9.169.225,00000000000000000000000000000000000000000000000000000000000000,|||,|||,|||,|||,|||,|||,|||,|||,|||,|||
125.93.55.34,125.93.55.34,2ad2ad0002ad2ad22c2ad2ad2ad2ad881e59db99b9f67f908be168829ecef9,c030|0303|http/1.1|ff01-000b-0023-0010,c030|0303|http/1.1|ff01-000b-0023-0010,|||,c030|0303||ff01-000b-0023,c030|0303||ff01-000b-0023,c014|0302|http/1.1|ff01-000b-0023-0010,c030|0303|http/1.1|ff01-000b-0023-0010,c030|0303|http/1.1|ff01-000b-0023-0010,c030|0303|http/1.1|ff01-000b-0023-0010,c030|0303|http/1.1|ff01-000b-0023-0010
139.162.231.136,139.162.231.136,00000000000000000000000000000000000000000000000000000000000000,|||,|||,|||,|||,|||,|||,|||,|||,|||,|||
138.68.155.160,138.68.155.160,2ad2ad0002ad2ad00042d42d000000301510f56407964db9434a9bb0d4ee4a,c030|0303|http/1.1|ff01-0000-0001-000b-0023-0010-0017,c030|0303|http/1.1|ff01-0000-0001-000b-0023-0010-0017,|||,c030|0303||ff01-0000-0001-000b-0023-0017,c030|0303||ff01-0000-0001-000b-0023-0017,|||,1302|0303||002b-0033,1302|0303||002b-0033,|||,|||
112.17.107.36,112.17.107.36,00000000000000000000000000000000000000000000000000000000000000,|||,|||,|||,|||,|||,|||,|||,|||,|||,|||
137.184.149.98,137.184.149.98,3fd3fd15d3fd3fd00042d42d00000061256d32ed7779c14686ad100544dc8d,cca8|0303|http/1.1|ff01-0001-000b-0023-0010-0017,cca8|0303|http/1.1|ff01-0001-000b-0023-0010-0017,009e|0303|http/1.1|ff01-0001-0023-0010-0017,cca8|0303|http/1.1|ff01-0001-000b-0023-0010-0017,cca8|0303|http/1.1|ff01-0001-000b-0023-0010-0017,|||,1302|0303||002b-0033,1302|0303||002b-0033,|||,|||
138.197.75.60,138.197.75.60,00000000000000000000000000000000000000000000000000000000000000,|||,|||,|||,|||,|||,|||,|||,|||,|||,|||
112.248.244.40,112.248.244.40,00000000000000000000000000000000000000000000000000000000000000,|||,|||,|||,|||,|||,|||,|||,|||,|||,|||
137.184.188.193,137.184.188.193,00000000000000000000000000000000000000000000000000000000000000,|||,|||,|||,|||,|||,|||,|||,|||,|||,|||
139.177.178.177,139.177.178.177,00000000000000000000000000000000000000000000000000000000000000,|||,|||,|||,|||,|||,|||,|||,|||,|||,|||
138.197.140.2,138.197.140.2,00000000000000000000000000000000000000000000000000000000000000,|||,|||,|||,|||,|||,|||,|||,|||,|||,|||
138.197.159.251,138.197.159.251,00000000000000000000000000000000000000000000000000000000000000,|||,|||,|||,|||,|||,|||,|||,|||,|||,|||
111.63.22.72,111.63.22.72,00000000000000000000000000000000000000000000000000000000000000,|||,|||,|||,|||,|||,|||,|||,|||,|||,|||
110.42.4.52,110.42.4.52,00000000000000000000000000000000000000000000000000000000000000,|||,|||,|||,|||,|||,|||,|||,|||,|||,|||
139.162.215.70,139.162.215.70,00000000000000000000000000000000000000000000000000000000000000,|||,|||,|||,|||,|||,|||,|||,|||,|||,|||
136.228.128.5,136.228.128.5,00000000000000000000000000000000000000000000000000000000000000,|||,|||,|||,|||,|||,|||,|||,|||,|||,|||
112.248.141.121,112.248.141.121,00000000000000000000000000000000000000000000000000000000000000,|||,|||,|||,|||,|||,|||,|||,|||,|||,|||
112.47.127.131,112.47.127.131,00000000000000000000000000000000000000000000000000000000000000,|||,|||,|||,|||,|||,|||,|||,|||,|||,|||
112.26.4.190,112.26.4.190,00000000000000000000000000000000000000000000000000000000000000,|||,|||,|||,|||,|||,|||,|||,|||,|||,|||
112.27.143.185,112.27.143.185,00000000000000000000000000000000000000000000000000000000000000,|||,|||,|||,|||,|||,|||,|||,|||,|||,|||
138.197.101.95,138.197.101.95,00000000000000000000000000000000000000000000000000000000000000,|||,|||,|||,|||,|||,|||,|||,|||,|||,|||
112.26.121.53,112.26.121.53,00000000000000000000000000000000000000000000000000000000000000,|||,|||,|||,|||,|||,|||,|||,|||,|||,|||
112.16.177.178,112.16.177.178,00000000000000000000000000000000000000000000000000000000000000,|||,|||,|||,|||,|||,|||,|||,|||,|||,|||
112.171.106.175,112.171.106.175,00000000000000000000000000000000000000000000000000000000000000,|||,|||,|||,|||,|||,|||,|||,|||,|||,|||
112.255.35.189,112.255.35.189,00000000000000000000000000000000000000000000000000000000000000,|||,|||,|||,|||,|||,|||,|||,|||,|||,|||
112.26.6.66,112.26.6.66,00000000000000000000000000000000000000000000000000000000000000,|||,|||,|||,|||,|||,|||,|||,|||,|||,|||
112.197.164.96,112.197.164.96,00000000000000000000000000000000000000000000000000000000000000,|||,|||,|||,|||,|||,|||,|||,|||,|||,|||
112.126.59.164,112.126.59.164,00000000000000000000000000000000000000000000000000000000000000,|||,|||,|||,|||,|||,|||,|||,|||,|||,|||
125.252.82.209,125.252.82.209,26d26d16d26d26d22c26d26d26d26dfd9c9d14e4f4f67f94f0359f8b28f532,c028|0303||0017-ff01,c028|0303||0017-ff01,009f|0303||0017-ff01,c028|0303||0017-ff01,c028|0303||0017-ff01,c014|0302||0017-ff01,c028|0303||0017-ff01,c028|0303||0017-ff01,c028|0303||0017-ff01,c028|0303||0017-ff01
112.171.216.182,112.171.216.182,00000000000000000000000000000000000000000000000000000000000000,|||,|||,|||,|||,|||,|||,|||,|||,|||,|||
111.7.96.139,111.7.96.139,00000000000000000000000000000000000000000000000000000000000000,|||,|||,|||,|||,|||,|||,|||,|||,|||,|||
112.125.94.5,112.125.94.5,00000000000000000000000000000000000000000000000000000000000000,|||,|||,|||,|||,|||,|||,|||,|||,|||,|||
112.2.12.62,112.2.12.62,00000000000000000000000000000000000000000000000000000000000000,|||,|||,|||,|||,|||,|||,|||,|||,|||,|||
112.112.60.166,112.112.60.166,00000000000000000000000000000000000000000000000000000000000000,|||,|||,|||,|||,|||,|||,|||,|||,|||,|||
112.31.169.178,112.31.169.178,00000000000000000000000000000000000000000000000000000000000000,|||,|||,|||,|||,|||,|||,|||,|||,|||,|||
112.102.225.157,112.102.225.157,00000000000000000000000000000000000000000000000000000000000000,|||,|||,|||,|||,|||,|||,|||,|||,|||,|||
112.102.211.171,112.102.211.171,00000000000000000000000000000000000000000000000000000000000000,|||,|||,|||,|||,|||,|||,|||,|||,|||,|||
112.126.102.89,112.126.102.89,00000000000000000000000000000000000000000000000000000000000000,|||,|||,|||,|||,|||,|||,|||,|||,|||,|||
123.213.56.223,123.213.56.223,00000000000000000000000000000000000000000000000000000000000000,|||,|||,|||,|||,|||,|||,|||,|||,|||,|||
112.167.113.15,112.167.113.15,00000000000000000000000000000000000000000000000000000000000000,|||,|||,|||,|||,|||,|||,|||,|||,|||,|||
112.31.169.97,112.31.169.97,00000000000000000000000000000000000000000000000000000000000000,|||,|||,|||,|||,|||,|||,|||,|||,|||,|||
112.124.44.181,112.124.44.181,00000000000000000000000000000000000000000000000000000000000000,|||,|||,|||,|||,|||,|||,|||,|||,|||,|||
111.56.19.68,111.56.19.68,00000000000000000000000000000000000000000000000000000000000000,|||,|||,|||,|||,|||,|||,|||,|||,|||,|||
112.103.170.17,112.103.170.17,00000000000000000000000000000000000000000000000000000000000000,|||,|||,|||,|||,|||,|||,|||,|||,|||,|||
139.162.201.89,139.162.201.89,00000000000000000000000000000000000000000000000000000000000000,|||,|||,|||,|||,|||,|||,|||,|||,|||,|||
112.28.24.137,112.28.24.137,00000000000000000000000000000000000000000000000000000000000000,|||,|||,|||,|||,|||,|||,|||,|||,|||,|||
112.45.153.188,112.45.153.188,00000000000000000000000000000000000000000000000000000000000000,|||,|||,|||,|||,|||,|||,|||,|||,|||,|||
137.184.81.80,137.184.81.80,00000000000000000000000000000000000000000000000000000000000000,|||,|||,|||,|||,|||,|||,|||,|||,|||,|||
112.118.175.212,112.118.175.212,00000000000000000000000000000000000000000000000000000000000000,|||,|||,|||,|||,|||,|||,|||,|||,|||,|||
112.226.1.14,112.226.1.14,00000000000000000000000000000000000000000000000000000000000000,|||,|||,|||,|||,|||,|||,|||,|||,|||,|||
112.31.191.28,112.31.191.28,00000000000000000000000000000000000000000000000000000000000000,|||,|||,|||,|||,|||,|||,|||,|||,|||,|||
112.140.204.2,112.140.204.2,00000000000000000000000000000000000000000000000000000000000000,|||,|||,|||,|||,|||,|||,|||,|||,|||,|||
112.27.151.74,112.27.151.74,00000000000000000000000000000000000000000000000000000000000000,|||,|||,|||,|||,|||,|||,|||,|||,|||,|||
112.53.235.78,112.53.235.78,00000000000000000000000000000000000000000000000000000000000000,|||,|||,|||,|||,|||,|||,|||,|||,|||,|||
112.53.234.55,112.53.234.55,00000000000000000000000000000000000000000000000000000000000000,|||,|||,|||,|||,|||,|||,|||,|||,|||,|||
101.35.136.23,101.35.136.23,00000000000000000000000000000000000000000000000000000000000000,|||,|||,|||,|||,|||,|||,|||,|||,|||,|||
137.184.19.45,137.184.19.45,2ad2ad0002ad2ad00042d42d0000002059a3b916699461c5923779b77cf06b,c030|0303|h2|ff01-0000-0001-000b-0023-0010-0017,c030|0303|h2|ff01-0000-0001-000b-0023-0010-0017,|||,c030|0303|http/1.0|ff01-0000-0001-000b-0023-0010-0017,c030|0303|http/1.0|ff01-0000-0001-000b-0023-0010-0017,|||,1302|0303||002b-0033,1302|0303||002b-0033,|||,|||
138.68.184.136,138.68.184.136,00000000000000000000000000000000000000000000000000000000000000,|||,|||,|||,|||,|||,|||,|||,|||,|||,|||
112.235.34.254,112.235.34.254,00000000000000000000000000000000000000000000000000000000000000,|||,|||,|||,|||,|||,|||,|||,|||,|||,|||
137.184.152.41,137.184.152.41,15d3fd16d29d29d00042d43d000000ed1cf37c9a169b41886e27ba8fad60b0,009e|0303|http/1.1|ff01-0001-0010-0017,cca8|0303|http/1.1|ff01-0001-000b-0010-0017,009f|0303|http/1.1|ff01-0001-0010-0017,c02f|0303|http/1.1|ff01-0001-000b-0010-0017,c02f|0303|http/1.1|ff01-0001-000b-0010-0017,|||,1302|0303||002b-0033,1303|0303||002b-0033,|||,|||
111.61.106.194,111.61.106.194,00000000000000000000000000000000000000000000000000000000000000,|||,|||,|||,|||,|||,|||,|||,|||,|||,|||
137.184.81.90,137.184.81.90,00000000000000000000000000000000000000000000000000000000000000,|||,|||,|||,|||,|||,|||,|||,|||,|||,|||
137.184.92.111,137.184.92.111,00000000000000000000000000000000000000000000000000000000000000,|||,|||,|||,|||,|||,|||,|||,|||,|||,|||
137.184.54.139,137.184.54.139,15d3fd16d29d29d00042d43d000000f6a76359d2423084924eaeb5187f1701,009e|0303|http/1.1|ff01-0000-0001-0010-0017,cca8|0303|http/1.1|ff01-0000-0001-000b-0010-0017,009f|0303|http/1.1|ff01-0000-0001-0010-0017,c02f|0303|http/1.0|ff01-0000-0001-000b-0010-0017,c02f|0303|http/1.0|ff01-0000-0001-000b-0010-0017,|||,1302|0303||002b-0033,1303|0303||002b-0033,|||,|||
137.184.60.243,137.184.60.243,2ad2ad16d2ad2ad22c2ad2ad2ad2ad47321614530b94a96fa03d06e666d6d6,c030|0303|http/1.1|ff01-000b-0023-0010,c030|0303|http/1.1|ff01-000b-0023-0010,009f|0303|http/1.1|ff01-0023-0010,c030|0303||ff01-000b-0023,c030|0303||ff01-000b-0023,c014|0302|http/1.1|ff01-000b-0023-0010,c030|0303|http/1.1|ff01-000b-0023-0010,c030|0303|http/1.1|ff01-000b-0023-0010,c030|0303|http/1.1|ff01-000b-0023-0010,c030|0303|http/1.1|ff01-000b-0023-0010
112.16.35.39,112.16.35.39,00000000000000000000000000000000000000000000000000000000000000,|||,|||,|||,|||,|||,|||,|||,|||,|||,|||
112.26.212.21,112.26.212.21,00000000000000000000000000000000000000000000000000000000000000,|||,|||,|||,|||,|||,|||,|||,|||,|||,|||
134.209.103.181,134.209.103.181,00000000000000000000000000000000000000000000000000000000000000,|||,|||,|||,|||,|||,|||,|||,|||,|||,|||
112.30.98.129,112.30.98.129,00000000000000000000000000000000000000000000000000000000000000,|||,|||,|||,|||,|||,|||,|||,|||,|||,|||
139.162.137.145,139.162.137.145,00000000000000000000000000000000000000000000000000000000000000,|||,|||,|||,|||,|||,|||,|||,|||,|||,|||
137.184.48.124,137.184.48.124,05d10d20d21d20d05c05d10d05d20da23a7a927f270a23608b3c7a72999cab,0016|0303||0000-ff01-0023,0084|0303||0000-ff01-0023,c012|0303||0000-ff01-000b-0023,c013|0303||0000-ff01-000b-0023,c012|0303||0000-ff01-000b-0023,0016|0302||0000-ff01-0023,0016|0303||0000-ff01-0023,0084|0303||0000-ff01-0023,0016|0303||0000-ff01-0023,c012|0303||0000-ff01-000b-0023
138.197.102.68,138.197.102.68,00000000000000000000000000000000000000000000000000000000000000,|||,|||,|||,|||,|||,|||,|||,|||,|||,|||
137.184.54.92,137.184.54.92,29d29d00029d29d00042d42d000000591965a32830c32b3ad57d4bfd247359,c02f|0303|http/1.1|ff01-0001-000b-0023-0010-0017,c02f|0303|http/1.1|ff01-0001-000b-0023-0010-0017,|||,c02f|0303||ff01-0001-000b-0023-0017,c02f|0303||ff01-0001-000b-0023-0017,|||,1302|0303||002b-0033,1302|0303||002b-0033,|||,|||
132.248.255.82,132.248.255.82,14d14d00014d14d08c14d14d14d14de3b0c44298fc1c149afbf4c8996fb924,009d|0303||,009d|0303||,|||,009d|0303||,009d|0303||,0035|0302||,009d|0303||,009d|0303||,009d|0303||,009d|0303||
112.30.3.146,112.30.3.146,00000000000000000000000000000000000000000000000000000000000000,|||,|||,|||,|||,|||,|||,|||,|||,|||,|||
112.26.99.86,112.26.99.86,00000000000000000000000000000000000000000000000000000000000000,|||,|||,|||,|||,|||,|||,|||,|||,|||,|||
112.26.99.92,112.26.99.92,00000000000000000000000000000000000000000000000000000000000000,|||,|||,|||,|||,|||,|||,|||,|||,|||,|||
137.184.157.124,137.184.157.124,00000000000000000000000000000000000000000000000000000000000000,|||,|||,|||,|||,|||,|||,|||,|||,|||,|||
112.254.68.90,112.254.68.90,00000000000000000000000000000000000000000000000000000000000000,|||,|||,|||,|||,|||,|||,|||,|||,|||,|||
112.249.219.93,112.249.219.93,00000000000000000000000000000000000000000000000000000000000000,|||,|||,|||,|||,|||,|||,|||,|||,|||,|||
137.184.216.184,137.184.216.184,2ad2ad0002ad2ad22c42d42d000000faabb8fd156aa8b4d8a37853e1063261,c030|0303||ff01-0001-000b-0023-0017,c030|0303||ff01-0001-000b-0023-0017,|||,c030|0303||ff01-0001-000b-0023-0017,c030|0303||ff01-0001-000b-0023-0017,c014|0302||ff01-0001-000b-0023-0017,1302|0303||002b-0033,1302|0303||002b-0033,|||,|||
112.31.76.169,112.31.76.169,00000000000000000000000000000000000000000000000000000000000000,|||,|||,|||,|||,|||,|||,|||,|||,|||,|||
112.5.73.239,112.5.73.239,00000000000000000000000000000000000000000000000000000000000000,|||,|||,|||,|||,|||,|||,|||,|||,|||,|||
112.249.204.59,112.249.204.59,00000000000000000000000000000000000000000000000000000000000000,|||,|||,|||,|||,|||,|||,|||,|||,|||,|||
112.25.170.82,112.25.170.82,00000000000000000000000000000000000000000000000000000000000000,|||,|||,|||,|||,|||,|||,|||,|||,|||,|||
113.110.200.184,113.110.200.184,00000000000000000000000000000000000000000000000000000000000000,|||,|||,|||,|||,|||,|||,|||,|||,|||,|||
112.4.158.9,112.4.158.9,00000000000000000000000000000000000000000000000000000000000000,|||,|||,|||,|||,|||,|||,|||,|||,|||,|||
112.6.119.54,112.6.119.54,00000000000000000000000000000000000000000000000000000000000000,|||,|||,|||,|||,|||,|||,|||,|||,|||,|||
112.30.110.48,112.30.110.48,00000000000000000000000000000000000000000000000000000000000000,|||,|||,|||,|||,|||,|||,|||,|||,|||,|||
112.118.223.143,112.118.223.143,00000000000000000000000000000000000000000000000000000000000000,|||,|||,|||,|||,|||,|||,|||,|||,|||,|||
112.74.23.7,112.74.23.7,00000000000000000000000000000000000000000000000000000000000000,|||,|||,|||,|||,|||,|||,|||,|||,|||,|||
124.251.74.84,124.251.74.84,2ad2ad0002ad2ad22c2ad2ad2ad2ad97f9e40af617d2ca91b3f3087dd0d133,c030|0303|http/1.1|ff01-000b-0023-0017-0010,c030|0303|http/1.1|ff01-000b-0023-0017-0010,|||,c030|0303||ff01-000b-0023-0017,c030|0303||ff01-000b-0023-0017,c014|0302|http/1.1|ff01-000b-0023-0017-0010,c030|0303|http/1.1|ff01-000b-0023-0017-0010,c030|0303|http/1.1|ff01-000b-0023-0017-0010,c030|0303|http/1.1|ff01-000b-0023-0017-0010,c030|0303|http/1.1|ff01-000b-0023-0017-0010
139.162.199.200,139.162.199.200,15d3fd16d21d21d00042d43d000000fe02290512647416dcf0a400ccbc0b6b,009e|0303|http/1.1|ff01-0000-0001-0010-0017,cca8|0303|http/1.1|ff01-0000-0001-000b-0010-0017,009f|0303|http/1.1|ff01-0000-0001-0010-0017,c013|0303||ff01-0000-0001-000b-0017,c013|0303||ff01-0000-0001-000b-0017,|||,1302|0303||002b-0033,1303|0303||002b-0033,|||,|||
112.31.8.213,112.31.8.213,00000000000000000000000000000000000000000000000000000000000000,|||,|||,|||,|||,|||,|||,|||,|||,|||,|||
112.126.56.91,112.126.56.91,00000000000000000000000000000000000000000000000000000000000000,|||,|||,|||,|||,|||,|||,|||,|||,|||,|||
111.93.145.20,111.93.145.20,00000000000000000000000000000000000000000000000000000000000000,|||,|||,|||,|||,|||,|||,|||,|||,|||,|||
112.53.66.163,112.53.66.163,00000000000000000000000000000000000000000000000000000000000000,|||,|||,|||,|||,|||,|||,|||,|||,|||,|||
139.162.214.33,139.162.214.33,2ad2ad0002ad2ad0002ad2ad2ad2ade1a3c0d7ca6ad8388057924be83dfc6a,c030|0303|http/1.1|ff01-0000-0001-000b-0023-0010-0017,c030|0303|http/1.1|ff01-0000-0001-000b-0023-0010-0017,|||,c030|0303||ff01-0000-0001-000b-0023-0017,c030|0303||ff01-0000-0001-000b-0023-0017,|||,c030|0303|http/1.1|ff01-0000-0001-000b-0023-0010-0017,c030|0303|http/1.1|ff01-0000-0001-000b-0023-0010-0017,c030|0303|http/1.1|ff01-0000-0001-000b-0023-0010-0017,c030|0303|http/1.1|ff01-0000-0001-000b-0023-0010-0017
112.91.212.174,112.91.212.174,00000000000000000000000000000000000000000000000000000000000000,|||,|||,|||,|||,|||,|||,|||,|||,|||,|||
139.162.211.160,139.162.211.160,00000000000000000000000000000000000000000000000000000000000000,|||,|||,|||,|||,|||,|||,|||,|||,|||,|||
112.53.105.158,112.53.105.158,00000000000000000000000000000000000000000000000000000000000000,|||,|||,|||,|||,|||,|||,|||,|||,|||,|||
139.162.211.135,139.162.211.135,29d3fd00029d29d00042d43d0000005d86ccb1a0567e012264097a0315d7a7,c02f|0303|h2|ff01-0000-0001-000b-0023-0010-0017,cca8|0303|h2|ff01-0000-0001-000b-0023-0010-0017,|||,c02f|0303||ff01-0000-0001-000b-0023-0017,c02f|0303||ff01-0000-0001-000b-0023-0017,|||,1302|0303||002b-0033,1303|0303||002b-0033,|||,|||
112.5.86.87,112.5.86.87,00000000000000000000000000000000000000000000000000000000000000,|||,|||,|||,|||,|||,|||,|||,|||,|||,|||
112.111.40.51,112.111.40.51,00000000000000000000000000000000000000000000000000000000000000,|||,|||,|||,|||,|||,|||,|||,|||,|||,|||
112.27.52.227,112.27.52.227,00000000000000000000000000000000000000000000000000000000000000,|||,|||,|||,|||,|||,|||,|||,|||,|||,|||
112.51.15.13,112.51.15.13,00000000000000000000000000000000000000000000000000000000000000,|||,|||,|||,|||,|||,|||,|||,|||,|||,|||
112.53.236.114,112.53.236.114,00000000000000000000000000000000000000000000000000000000000000,|||,|||,|||,|||,|||,|||,|||,|||,|||,|||
112.64.136.62,112.64.136.62,00000000000000000000000000000000000000000000000000000000000000,|||,|||,|||,|||,|||,|||,|||,|||,|||,|||
125.138.58.177,125.138.58.177,04d02d00004d04d04c04d02d04d04d9674c6b4e623ae36cc2d998e99e2262e,000a|0303||ff01-0023,0005|0303||ff01-0023,|||,000a|0303||ff01-0023,000a|0303||ff01-0023,000a|0302||ff01-0023,000a|0303||ff01-0023,0005|0303||ff01-0023,000a|0303||ff01-0023,000a|0303||ff01-0023
112.237.72.53,112.237.72.53,00000000000000000000000000000000000000000000000000000000000000,|||,|||,|||,|||,|||,|||,|||,|||,|||,|||
112.29.234.179,112.29.234.179,00000000000000000000000000000000000000000000000000000000000000,|||,|||,|||,|||,|||,|||,|||,|||,|||,|||
112.49.34.179,112.49.34.179,00000000000000000000000000000000000000000000000000000000000000,|||,|||,|||,|||,|||,|||,|||,|||,|||,|||
138.19.253.14,138.19.253.14,00000000000000000000000000000000000000000000000000000000000000,|||,|||,|||,|||,|||,|||,|||,|||,|||,|||
139.59.135.3,139.59.135.3,00000000000000000000000000000000000000000000000000000000000000,|||,|||,|||,|||,|||,|||,|||,|||,|||,|||
112.74.110.200,112.74.110.200,00000000000000000000000000000000000000000000000000000000000000,|||,|||,|||,|||,|||,|||,|||,|||,|||,|||
112.74.96.107,112.74.96.107,00000000000000000000000000000000000000000000000000000000000000,|||,|||,|||,|||,|||,|||,|||,|||,|||,|||
139.162.199.167,139.162.199.167,15d3fd16d21d21d00042d43d000000fe02290512647416dcf0a400ccbc0b6b,009e|0303|http/1.1|ff01-0000-0001-0010-0017,cca8|0303|http/1.1|ff01-0000-0001-000b-0010-0017,009f|0303|http/1.1|ff01-0000-0001-0010-0017,c013|0303||ff01-0000-0001-000b-0017,c013|0303||ff01-0000-0001-000b-0017,|||,1302|0303||002b-0033,1303|0303||002b-0033,|||,|||
121.43.42.6,121.43.42.6,00000000000000000000000000000000000000000000000000000000000000,|||,|||,|||,|||,|||,|||,|||,|||,|||,|||
138.197.217.76,138.197.217.76,00000000000000000000000000000000000000000000000000000000000000,|||,|||,|||,|||,|||,|||,|||,|||,|||,|||
113.104.240.136,113.104.240.136,00000000000000000000000000000000000000000000000000000000000000,|||,|||,|||,|||,|||,|||,|||,|||,|||,|||
112.50.251.128,112.50.251.128,00000000000000000000000000000000000000000000000000000000000000,|||,|||,|||,|||,|||,|||,|||,|||,|||,|||
112.240.249.87,112.240.249.87,00000000000000000000000000000000000000000000000000000000000000,|||,|||,|||,|||,|||,|||,|||,|||,|||,|||
112.74.173.0,112.74.173.0,00000000000000000000000000000000000000000000000000000000000000,|||,|||,|||,|||,|||,|||,|||,|||,|||,|||
112.94.252.67,112.94.252.67,00000000000000000000000000000000000000000000000000000000000000,|||,|||,|||,|||,|||,|||,|||,|||,|||,|||
113.111.32.195,113.111.32.195,00000000000000000000000000000000000000000000000000000000000000,|||,|||,|||,|||,|||,|||,|||,|||,|||,|||
139.59.152.18,139.59.152.18,00000000000000000000000000000000000000000000000000000000000000,|||,|||,|||,|||,|||,|||,|||,|||,|||,|||
112.6.123.34,112.6.123.34,00000000000000000000000000000000000000000000000000000000000000,|||,|||,|||,|||,|||,|||,|||,|||,|||,|||
113.131.169.48,113.131.169.48,00000000000000000000000000000000000000000000000000000000000000,|||,|||,|||,|||,|||,|||,|||,|||,|||,|||
112.85.219.238,112.85.219.238,00000000000000000000000000000000000000000000000000000000000000,|||,|||,|||,|||,|||,|||,|||,|||,|||,|||
112.85.138.181,112.85.138.181,00000000000000000000000000000000000000000000000000000000000000,|||,|||,|||,|||,|||,|||,|||,|||,|||,|||
113.116.43.246,113.116.43.246,00000000000000000000000000000000000000000000000000000000000000,|||,|||,|||,|||,|||,|||,|||,|||,|||,|||
113.130.247.71,113.130.247.71,00000000000000000000000000000000000000000000000000000000000000,|||,|||,|||,|||,|||,|||,|||,|||,|||,|||
113.103.38.55,113.103.38.55,00000000000000000000000000000000000000000000000000000000000000,|||,|||,|||,|||,|||,|||,|||,|||,|||,|||
112.53.79.190,112.53.79.190,00000000000000000000000000000000000000000000000000000000000000,|||,|||,|||,|||,|||,|||,|||,|||,|||,|||
113.116.41.113,113.116.41.113,00000000000000000000000000000000000000000000000000000000000000,|||,|||,|||,|||,|||,|||,|||,|||,|||,|||
113.118.134.41,113.118.134.41,00000000000000000000000000000000000000000000000000000000000000,|||,|||,|||,|||,|||,|||,|||,|||,|||,|||
139.59.215.98,139.59.215.98,00000000000000000000000000000000000000000000000000000000000000,|||,|||,|||,|||,|||,|||,|||,|||,|||,|||
139.177.196.149,139.177.196.149,00000000000000000000000000000000000000000000000000000000000000,|||,|||,|||,|||,|||,|||,|||,|||,|||,|||
139.59.143.118,139.59.143.118,00000000000000000000000000000000000000000000000000000000000000,|||,|||,|||,|||,|||,|||,|||,|||,|||,|||
129.204.223.139,129.204.223.139,3fd3fd0003fd3fd21c42d42d000000307ee0eb468e9fdb5cfcd698a80a67ef,cca8|0303|h2|ff01-0000-0001-000b-0023-0010-0017,cca8|0303|h2|ff01-0000-0001-000b-0023-0010-0017,|||,cca8|0303||ff01-0000-0001-000b-0023-0017,cca8|0303||ff01-0000-0001-000b-0023-0017,c013|0302|h2|ff01-0000-0001-000b-0023-0010-0017,1302|0303||002b-0033,1302|0303||002b-0033,|||,|||
112.5.85.187,112.5.85.187,00000000000000000000000000000000000000000000000000000000000000,|||,|||,|||,|||,|||,|||,|||,|||,|||,|||
139.59.210.138,139.59.210.138,00000000000000000000000000000000000000000000000000000000000000,|||,|||,|||,|||,|||,|||,|||,|||,|||,|||
113.108.8.61,113.108.8.61,00000000000000000000000000000000000000000000000000000000000000,|||,|||,|||,|||,|||,|||,|||,|||,|||,|||
113.116.145.85,113.116.145.85,00000000000000000000000000000000000000000000000000000000000000,|||,|||,|||,|||,|||,|||,|||,|||,|||,|||
113.116.181.36,113.116.181.36,00000000000000000000000000000000000000000000000000000000000000,|||,|||,|||,|||,|||,|||,|||,|||,|||,|||
112.94.252.56,112.94.252.56,00000000000000000000000000000000000000000000000000000000000000,|||,|||,|||,|||,|||,|||,|||,|||,|||,|||
112.53.70.174,112.53.70.174,00000000000000000000000000000000000000000000000000000000000000,|||,|||,|||,|||,|||,|||,|||,|||,|||,|||
112.74.105.112,112.74.105.112,00000000000000000000000000000000000000000000000000000000000000,|||,|||,|||,|||,|||,|||,|||,|||,|||,|||
113.107.228.182,113.107.228.182,00000000000000000000000000000000000000000000000000000000000000,|||,|||,|||,|||,|||,|||,|||,|||,|||,|||
113.125.90.46,113.125.90.46,00000000000000000000000000000000000000000000000000000000000000,|||,|||,|||,|||,|||,|||,|||,|||,|||,|||
113.131.125.141,113.131.125.141,00000000000000000000000000000000000000000000000000000000000000,|||,|||,|||,|||,|||,|||,|||,|||,|||,|||
113.116.72.187,113.116.72.187,00000000000000000000000000000000000000000000000000000000000000,|||,|||,|||,|||,|||,|||,|||,|||,|||,|||
124.70.26.234,124.70.26.234,29d29d20d29d29d22c29d29d29d29df51c60823f963b0fe11deab8efc70b4b,c02f|0303|http/1.1|ff01-000b-0023-0010,c02f|0303|http/1.1|ff01-000b-0023-0010,c012|0303|http/1.1|ff01-000b-0023-0010,c02f|0303||ff01-000b-0023,c02f|0303||ff01-000b-0023,c014|0302|http/1.1|ff01-000b-0023-0010,c02f|0303|http/1.1|ff01-000b-0023-0010,c02f|0303|http/1.1|ff01-000b-0023-0010,c02f|0303|http/1.1|ff01-000b-0023-0010,c02f|0303|http/1.1|ff01-000b-0023-0010
138.36.1.24,138.36.1.24,00000000000000000000000000000000000000000000000000000000000000,|||,|||,|||,|||,|||,|||,|||,|||,|||,|||
139.59.190.196,139.59.190.196,00000000000000000000000000000000000000000000000000000000000000,|||,|||,|||,|||,|||,|||,|||,|||,|||,|||
113.131.125.135,113.131.125.135,00000000000000000000000000000000000000000000000000000000000000,|||,|||,|||,|||,|||,|||,|||,|||,|||,|||
129.153.77.34,129.153.77.34,40d40d40d00000000043d40d40d43dd812443a829002f8e614d83abb6b19de,cca9|0303|http/1.1|ff01-0010-000b,cca9|0303|http/1.1|ff01-0010-000b,cca9|0303|http/1.1|ff01-0010-000b,|||,|||,|||,1303|0303||002b-0033,cca9|0303|http/1.1|ff01-0010-000b,cca9|0303|http/1.1|ff01-0010-000b,1303|0303||002b-0033
113.131.125.145,113.131.125.145,00000000000000000000000000000000000000000000000000000000000000,|||,|||,|||,|||,|||,|||,|||,|||,|||,|||
113.118.160.132,113.118.160.132,00000000000000000000000000000000000000000000000000000000000000,|||,|||,|||,|||,|||,|||,|||,|||,|||,|||
113.116.247.215,113.116.247.215,00000000000000000000000000000000000000000000000000000000000000,|||,|||,|||,|||,|||,|||,|||,|||,|||,|||
138.185.190.53,138.185.190.53,00000000000000000000000000000000000000000000000000000000000000,|||,|||,|||,|||,|||,|||,|||,|||,|||,|||
113.118.122.197,113.118.122.197,00000000000000000000000000000000000000000000000000000000000000,|||,|||,|||,|||,|||,|||,|||,|||,|||,|||
113.118.121.98,113.118.121.98,00000000000000000000000000000000000000000000000000000000000000,|||,|||,|||,|||,|||,|||,|||,|||,|||,|||
113.131.182.75,113.131.182.75,00000000000000000000000000000000000000000000000000000000000000,|||,|||,|||,|||,|||,|||,|||,|||,|||,|||
113.131.183.11,113.131.183.11,00000000000000000000000000000000000000000000000000000000000000,|||,|||,|||,|||,|||,|||,|||,|||,|||,|||
113.131.200.13,113.131.200.13,00000000000000000000000000000000000000000000000000000000000000,|||,|||,|||,|||,|||,|||,|||,|||,|||,|||
113.131.177.224,113.131.177.224,00000000000000000000000000000000000000000000000000000000000000,|||,|||,|||,|||,|||,|||,|||,|||,|||,|||
113.131.169.52,113.131.169.52,00000000000000000000000000000000000000000000000000000000000000,|||,|||,|||,|||,|||,|||,|||,|||,|||,|||
113.125.51.71,113.125.51.71,00000000000000000000000000000000000000000000000000000000000000,|||,|||,|||,|||,|||,|||,|||,|||,|||,|||
113.108.203.242,113.108.203.242,00000000000000000000000000000000000000000000000000000000000000,|||,|||,|||,|||,|||,|||,|||,|||,|||,|||
113.131.183.13,113.131.183.13,00000000000000000000000000000000000000000000000000000000000000,|||,|||,|||,|||,|||,|||,|||,|||,|||,|||
122.117.205.222,122.117.205.222,04b02b00004b04b04b04b02b04b04b9674c6b4e623ae36cc2d998e99e2262e,000a|0301||ff01-0023,0005|0301||ff01-0023,|||,000a|0301||ff01-0023,000a|0301||ff01-0023,000a|0301||ff01-0023,000a|0301||ff01-0023,0005|0301||ff01-0023,000a|0301||ff01-0023,000a|0301||ff01-0023
113.130.212.6,113.130.212.6,00000000000000000000000000000000000000000000000000000000000000,|||,|||,|||,|||,|||,|||,|||,|||,|||,|||
139.177.196.88,139.177.196.88,00000000000000000000000000000000000000000000000000000000000000,|||,|||,|||,|||,|||,|||,|||,|||,|||,|||
139.177.194.140,139.177.194.140,00000000000000000000000000000000000000000000000000000000000000,|||,|||,|||,|||,|||,|||,|||,|||,|||,|||
139.59.188.138,139.59.188.138,00000000000000000000000000000000000000000000000000000000000000,|||,|||,|||,|||,|||,|||,|||,|||,|||,|||
139.91.186.176,139.91.186.176,00000000000000000000000000000000000000000000000000000000000000,|||,|||,|||,|||,|||,|||,|||,|||,|||,|||
113.131.183.17,113.131.183.17,00000000000000000000000000000000000000000000000000000000000000,|||,|||,|||,|||,|||,|||,|||,|||,|||,|||
113.131.118.6,113.131.118.6,00000000000000000000000000000000000000000000000000000000000000,|||,|||,|||,|||,|||,|||,|||,|||,|||,|||
113.131.156.157,113.131.156.157,00000000000000000000000000000000000000000000000000000000000000,|||,|||,|||,|||,|||,|||,|||,|||,|||,|||
113.130.247.68,113.130.247.68,00000000000000000000000000000000000000000000000000000000000000,|||,|||,|||,|||,|||,|||,|||,|||,|||,|||
113.130.247.67,113.130.247.67,00000000000000000000000000000000000000000000000000000000000000,|||,|||,|||,|||,|||,|||,|||,|||,|||,|||
113.131.182.71,113.131.182.71,00000000000000000000000000000000000000000000000000000000000000,|||,|||,|||,|||,|||,|||,|||,|||,|||,|||
113.131.200.22,113.131.200.22,00000000000000000000000000000000000000000000000000000000000000,|||,|||,|||,|||,|||,|||,|||,|||,|||,|||
112.5.86.106,112.5.86.106,00000000000000000000000000000000000000000000000000000000000000,|||,|||,|||,|||,|||,|||,|||,|||,|||,|||
113.110.214.59,113.110.214.59,00000000000000000000000000000000000000000000000000000000000000,|||,|||,|||,|||,|||,|||,|||,|||,|||,|||
113.130.223.4,113.130.223.4,00000000000000000000000000000000000000000000000000000000000000,|||,|||,|||,|||,|||,|||,|||,|||,|||,|||
113.131.182.72,113.131.182.72,00000000000000000000000000000000000000000000000000000000000000,|||,|||,|||,|||,|||,|||,|||,|||,|||,|||
138.118.185.230,138.118.185.230,00000000000000000000000000000000000000000000000000000000000000,|||,|||,|||,|||,|||,|||,|||,|||,|||,|||
113.131.177.231,113.131.177.231,00000000000000000000000000000000000000000000000000000000000000,|||,|||,|||,|||,|||,|||,|||,|||,|||,|||
132.232.254.4,132.232.254.4,00000000000000000000000000000000000000000000000000000000000000,|||,|||,|||,|||,|||,|||,|||,|||,|||,|||
113.131.183.12,113.131.183.12,00000000000000000000000000000000000000000000000000000000000000,|||,|||,|||,|||,|||,|||,|||,|||,|||,|||
138.68.46.7,138.68.46.7,00000000000000000000000000000000000000000000000000000000000000,|||,|||,|||,|||,|||,|||,|||,|||,|||,|||
123.56.66.0,123.56.66.0,05b02b09b04b04b05b05b02b05b04bb761debbc595b86f2809ca8f7e63aa52,0016|0301||0023,0005|0301||0023,0039|0301||0023,000a|0301||0023,000a|0301||0023,0016|0301||0023,0016|0301||0023,0005|0301||0023,0016|0301||0023,000a|0301||0023
138.68.249.232,138.68.249.232,00000000000000000000000000000000000000000000000000000000000000,|||,|||,|||,|||,|||,|||,|||,|||,|||,|||
113.116.183.109,113.116.183.109,00000000000000000000000000000000000000000000000000000000000000,|||,|||,|||,|||,|||,|||,|||,|||,|||,|||
125.228.193.28,125.228.193.28,04b02b00004b04b04b04b02b04b04b9674c6b4e623ae36cc2d998e99e2262e,000a|0301||ff01-0023,0005|0301||ff01-0023,|||,000a|0301||ff01-0023,000a|0301||ff01-0023,000a|0301||ff01-0023,000a|0301||ff01-0023,0005|0301||ff01-0023,000a|0301||ff01-0023,000a|0301||ff01-0023
113.116.56.134,113.116.56.134,00000000000000000000000000000000000000000000000000000000000000,|||,|||,|||,|||,|||,|||,|||,|||,|||,|||
113.140.17.242,113.140.17.242,00000000000000000000000000000000000000000000000000000000000000,|||,|||,|||,|||,|||,|||,|||,|||,|||,|||
113.14.68.92,113.14.68.92,00000000000000000000000000000000000000000000000000000000000000,|||,|||,|||,|||,|||,|||,|||,|||,|||,|||
138.197.121.88,138.197.121.88,2ad2ad16d2ad2ad22c2ad2ad2ad2adab54378c5e706b9cc1b450ada42f91e0,c030|0303|h2|ff01-000b-0023-0010,c030|0303|h2|ff01-000b-0023-0010,009f|0303|h2|ff01-0023-0010,c030|0303||ff01-000b-0023,c030|0303||ff01-000b-0023,c014|0302|h2|ff01-000b-0023-0010,c030|0303|h2|ff01-000b-0023-0010,c030|0303|h2|ff01-000b-0023-0010,c030|0303|h2|ff01-000b-0023-0010,c030|0303|h2|ff01-000b-0023-0010
123.49.47.241,123.49.47.241,01d01d07d01d01d01c01d01d01d01dd7fc4c7c6ef19b77a4ca0787979cdc13,0004|0303||ff01,0004|0303||ff01,0033|0303||ff01,0004|0303||ff01,0004|0303||ff01,0004|0302||ff01,0004|0303||ff01,0004|0303||ff01,0004|0303||ff01,0004|0303||ff01
139.177.198.43,139.177.198.43,00000000000000000000000000000000000000000000000000000000000000,|||,|||,|||,|||,|||,|||,|||,|||,|||,|||
112.74.106.34,112.74.106.34,00000000000000000000000000000000000000000000000000000000000000,|||,|||,|||,|||,|||,|||,|||,|||,|||,|||
113.131.169.57,113.131.169.57,00000000000000000000000000000000000000000000000000000000000000,|||,|||,|||,|||,|||,|||,|||,|||,|||,|||
113.131.169.43,113.131.169.43,00000000000000000000000000000000000000000000000000000000000000,|||,|||,|||,|||,|||,|||,|||,|||,|||,|||
113.125.78.36,113.125.78.36,00000000000000000000000000000000000000000000000000000000000000,|||,|||,|||,|||,|||,|||,|||,|||,|||,|||
113.131.183.2,113.131.183.2,00000000000000000000000000000000000000000000000000000000000000,|||,|||,|||,|||,|||,|||,|||,|||,|||,|||
139.59.181.152,139.59.181.152,00000000000000000000000000000000000000000000000000000000000000,|||,|||,|||,|||,|||,|||,|||,|||,|||,|||
138.68.225.6,138.68.225.6,00000000000000000000000000000000000000000000000000000000000000,|||,|||,|||,|||,|||,|||,|||,|||,|||,|||
113.128.14.202,113.128.14.202,00000000000000000000000000000000000000000000000000000000000000,|||,|||,|||,|||,|||,|||,|||,|||,|||,|||
113.100.136.43,113.100.136.43,00000000000000000000000000000000000000000000000000000000000000,|||,|||,|||,|||,|||,|||,|||,|||,|||,|||
113.116.41.128,113.116.41.128,00000000000000000000000000000000000000000000000000000000000000,|||,|||,|||,|||,|||,|||,|||,|||,|||,|||
139.177.196.152,139.177.196.152,00000000000000000000000000000000000000000000000000000000000000,|||,|||,|||,|||,|||,|||,|||,|||,|||,|||
113.172.86.151,113.172.86.151,00000000000000000000000000000000000000000000000000000000000000,|||,|||,|||,|||,|||,|||,|||,|||,|||,|||
113.131.200.28,113.131.200.28,00000000000000000000000000000000000000000000000000000000000000,|||,|||,|||,|||,|||,|||,|||,|||,|||,|||
139.177.198.55,139.177.198.55,00000000000000000000000000000000000000000000000000000000000000,|||,|||,|||,|||,|||,|||,|||,|||,|||,|||
113.118.192.214,113.118.192.214,00000000000000000000000000000000000000000000000000000000000000,|||,|||,|||,|||,|||,|||,|||,|||,|||,|||
113.141.67.127,113.141.67.127,00000000000000000000000000000000000000000000000000000000000000,|||,|||,|||,|||,|||,|||,|||,|||,|||,|||
139.59.183.10,139.59.183.10,00000000000000000000000000000000000000000000000000000000000000,|||,|||,|||,|||,|||,|||,|||,|||,|||,|||
113.135.192.25,113.135.192.25,00000000000000000000000000000000000000000000000000000000000000,|||,|||,|||,|||,|||,|||,|||,|||,|||,|||
128.199.126.239,128.199.126.239,28d28d28d00028d00042d42d0000005a3e96c1dfa4bdb24b8b3c04cae18cc3,c02c|0303|h2|ff01-0000-0001-000b-0023-0010-0017,c02c|0303|h2|ff01-0000-0001-000b-0023-0010-0017,c02c|0303|h2|ff01-0000-0001-000b-0023-0010-0017,|||,c02c|0303||ff01-0000-0001-000b-0023-0017,|||,1302|0303||002b-0033,1302|0303||002b-0033,|||,|||
113.131.125.144,113.131.125.144,00000000000000000000000000000000000000000000000000000000000000,|||,|||,|||,|||,|||,|||,|||,|||,|||,|||
137.116.144.39,137.116.144.39,3fd3fd15d3fd3fd21c3fd3fd3fd3fdc110bab2c0a19e5d4e587c17ce497b15,cca8|0303|http/1.1|ff01-0001-000b-0023-0010-0017,cca8|0303|http/1.1|ff01-0001-000b-0023-0010-0017,009e|0303|http/1.1|ff01-0001-0023-0010-0017,cca8|0303||ff01-0001-000b-0023-0017,cca8|0303||ff01-0001-000b-0023-0017,c013|0302|http/1.1|ff01-0001-000b-0023-0010-0017,cca8|0303|http/1.1|ff01-0001-000b-0023-0010-0017,cca8|0303|http/1.1|ff01-0001-000b-0023-0010-0017,cca8|0303|http/1.1|ff01-0001-000b-0023-0010-0017,cca8|0303|http/1.1|ff01-0001-000b-0023-0010-0017
113.130.212.9,113.130.212.9,00000000000000000000000000000000000000000000000000000000000000,|||,|||,|||,|||,|||,|||,|||,|||,|||,|||
113.140.93.94,113.140.93.94,00000000000000000000000000000000000000000000000000000000000000,|||,|||,|||,|||,|||,|||,|||,|||,|||,|||
112.74.168.139,112.74.168.139,00000000000000000000000000000000000000000000000000000000000000,|||,|||,|||,|||,|||,|||,|||,|||,|||,|||
113.142.30.92,113.142.30.92,00000000000000000000000000000000000000000000000000000000000000,|||,|||,|||,|||,|||,|||,|||,|||,|||,|||
113.181.37.192,113.181.37.192,00000000000000000000000000000000000000000000000000000000000000,|||,|||,|||,|||,|||,|||,|||,|||,|||,|||
113.207.12.66,113.207.12.66,00000000000000000000000000000000000000000000000000000000000000,|||,|||,|||,|||,|||,|||,|||,|||,|||,|||
139.177.198.59,139.177.198.59,00000000000000000000000000000000000000000000000000000000000000,|||,|||,|||,|||,|||,|||,|||,|||,|||,|||
113.131.201.15,113.131.201.15,00000000000000000000000000000000000000000000000000000000000000,|||,|||,|||,|||,|||,|||,|||,|||,|||,|||
113.204.208.2,113.204.208.2,00000000000000000000000000000000000000000000000000000000000000,|||,|||,|||,|||,|||,|||,|||,|||,|||,|||
139.59.137.22,139.59.137.22,00000000000000000000000000000000000000000000000000000000000000,|||,|||,|||,|||,|||,|||,|||,|||,|||,|||
113.200.190.169,113.200.190.169,00000000000000000000000000000000000000000000000000000000000000,|||,|||,|||,|||,|||,|||,|||,|||,|||,|||
128.199.101.124,128.199.101.124,00000000000000000000000000000000000000000000000000000000000000,|||,|||,|||,|||,|||,|||,|||,|||,|||,|||
113.160.182.30,113.160.182.30,00000000000000000000000000000000000000000000000000000000000000,|||,|||,|||,|||,|||,|||,|||,|||,|||,|||
138.204.122.2,138.204.122.2,00000000000000000000000000000000000000000000000000000000000000,|||,|||,|||,|||,|||,|||,|||,|||,|||,|||
113.140.10.107,113.140.10.107,00000000000000000000000000000000000000000000000000000000000000,|||,|||,|||,|||,|||,|||,|||,|||,|||,|||
113.233.97.195,113.233.97.195,00000000000000000000000000000000000000000000000000000000000000,|||,|||,|||,|||,|||,|||,|||,|||,|||,|||
113.131.200.35,113.131.200.35,00000000000000000000000000000000000000000000000000000000000000,|||,|||,|||,|||,|||,|||,|||,|||,|||,|||
113.195.171.231,113.195.171.231,00000000000000000000000000000000000000000000000000000000000000,|||,|||,|||,|||,|||,|||,|||,|||,|||,|||
113.229.63.63,113.229.63.63,00000000000000000000000000000000000000000000000000000000000000,|||,|||,|||,|||,|||,|||,|||,|||,|||,|||
139.177.198.58,139.177.198.58,00000000000000000000000000000000000000000000000000000000000000,|||,|||,|||,|||,|||,|||,|||,|||,|||,|||
139.177.196.148,139.177.196.148,00000000000000000000000000000000000000000000000000000000000000,|||,|||,|||,|||,|||,|||,|||,|||,|||,|||
139.59.210.163,139.59.210.163,2ad2ad0002ad2ad00042d42d000000301510f56407964db9434a9bb0d4ee4a,c030|0303|http/1.1|ff01-0000-0001-000b-0023-0010-0017,c030|0303|http/1.1|ff01-0000-0001-000b-0023-0010-0017,|||,c030|0303||ff01-0000-0001-000b-0023-0017,c030|0303||ff01-0000-0001-000b-0023-0017,|||,1302|0303||002b-0033,1302|0303||002b-0033,|||,|||
138.36.4.83,138.36.4.83,00000000000000000000000000000000000000000000000000000000000000,|||,|||,|||,|||,|||,|||,|||,|||,|||,|||
139.177.198.56,139.177.198.56,00000000000000000000000000000000000000000000000000000000000000,|||,|||,|||,|||,|||,|||,|||,|||,|||,|||
138.197.12.87,138.197.12.87,07d19d1ad21d21d00042d43d00000076e5b3c488a88e5790970b78ffb8afc2,0033|0303|http/1.1|ff01-0001-0023-0010-0017,00c0|0303|http/1.1|ff01-0001-0023-0010-0017,00c4|0303|http/1.1|ff01-0001-0023-0010-0017,c013|0303|http/1.1|ff01-0001-000b-0023-0010-0017,c013|0303|http/1.1|ff01-0001-000b-0023-0010-0017,|||,1302|0303||002b-0033,1303|0303||002b-0033,|||,|||
128.199.146.208,128.199.146.208,07d10d11d21d21d07c07d10d07d21dc74a10f0dd8921b3cc912d3ee25ffd0a,0033|0303||ff01-0023,0084|0303||ff01-0023,0088|0303||ff01-0023,c013|0303||ff01-000b-0023,c013|0303||ff01-000b-0023,0033|0302||ff01-0023,0033|0303||ff01-0023,0084|0303||ff01-0023,0033|0303||ff01-0023,c013|0303||ff01-000b-0023
128.199.160.174,128.199.160.174,00000000000000000000000000000000000000000000000000000000000000,|||,|||,|||,|||,|||,|||,|||,|||,|||,|||
128.199.221.170,128.199.221.170,29d29d15d29d29d21c42d42d000000d740f47fc623495ea334f7291b19b353,c02f|0303|h2|ff01-0000-0001-000b-0023-0010-0017,c02f|0303|h2|ff01-0000-0001-000b-0023-0010-0017,009e|0303|h2|ff01-0000-0001-0023-0010-0017,c02f|0303||ff01-0000-0001-000b-0023-0017,c02f|0303||ff01-0000-0001-000b-0023-0017,c013|0302|h2|ff01-0000-0001-000b-0023-0010-0017,1302|0303||002b-0033,1302|0303||002b-0033,|||,|||
128.199.117.132,128.199.117.132,2ad2ad0002ad2ad22c2ad2ad2ad2adce7a321e4956e8298ba917e9f2c22849,c030|0303|http/1.1|ff01-0001-000b-0023-0010-0017,c030|0303|http/1.1|ff01-0001-000b-0023-0010-0017,|||,c030|0303||ff01-0001-000b-0023-0017,c030|0303||ff01-0001-000b-0023-0017,c014|0302|http/1.1|ff01-0001-000b-0023-0010-0017,c030|0303|http/1.1|ff01-0001-000b-0023-0010-0017,c030|0303|http/1.1|ff01-0001-000b-0023-0010-0017,c030|0303|http/1.1|ff01-0001-000b-0023-0010-0017,c030|0303|http/1.1|ff01-0001-000b-0023-0010-0017
113.214.31.82,113.214.31.82,00000000000000000000000000000000000000000000000000000000000000,|||,|||,|||,|||,|||,|||,|||,|||,|||,|||
139.177.196.189,139.177.196.189,00000000000000000000000000000000000000000000000000000000000000,|||,|||,|||,|||,|||,|||,|||,|||,|||,|||
139.177.198.47,139.177.198.47,00000000000000000000000000000000000000000000000000000000000000,|||,|||,|||,|||,|||,|||,|||,|||,|||,|||
113.233.204.98,113.233.204.98,00000000000000000000000000000000000000000000000000000000000000,|||,|||,|||,|||,|||,|||,|||,|||,|||,|||
128.199.242.12,128.199.242.12,3fd3fd15d3fd3fd21c3fd3fd3fd3fdc110bab2c0a19e5d4e587c17ce497b15,cca8|0303|http/1.1|ff01-0001-000b-0023-0010-0017,cca8|0303|http/1.1|ff01-0001-000b-0023-0010-0017,009e|0303|http/1.1|ff01-0001-0023-0010-0017,cca8|0303||ff01-0001-000b-0023-0017,cca8|0303||ff01-0001-000b-0023-0017,c013|0302|http/1.1|ff01-0001-000b-0023-0010-0017,cca8|0303|http/1.1|ff01-0001-000b-0023-0010-0017,cca8|0303|http/1.1|ff01-0001-000b-0023-0010-0017,cca8|0303|http/1.1|ff01-0001-000b-0023-0010-0017,cca8|0303|http/1.1|ff01-0001-000b-0023-0010-0017
128.199.17.25,128.199.17.25,2ad2ad0002ad2ad0002ad2ad2ad2ade1a3c0d7ca6ad8388057924be83dfc6a,c030|0303|http/1.1|ff01-0000-0001-000b-0023-0010-0017,c030|0303|http/1.1|ff01-0000-0001-000b-0023-0010-0017,|||,c030|0303||ff01-0000-0001-000b-0023-0017,c030|0303||ff01-0000-0001-000b-0023-0017,|||,c030|0303|http/1.1|ff01-0000-0001-000b-0023-0010-0017,c030|0303|http/1.1|ff01-0000-0001-000b-0023-0010-0017,c030|0303|http/1.1|ff01-0000-0001-000b-0023-0010-0017,c030|0303|http/1.1|ff01-0000-0001-000b-0023-0010-0017
113.219.218.177,113.219.218.177,00000000000000000000000000000000000000000000000000000000000000,|||,|||,|||,|||,|||,|||,|||,|||,|||,|||
113.131.200.34,113.131.200.34,00000000000000000000000000000000000000000000000000000000000000,|||,|||,|||,|||,|||,|||,|||,|||,|||,|||
113.222.42.59,113.222.42.59,00000000000000000000000000000000000000000000000000000000000000,|||,|||,|||,|||,|||,|||,|||,|||,|||,|||
113.204.193.117,113.204.193.117,00000000000000000000000000000000000000000000000000000000000000,|||,|||,|||,|||,|||,|||,|||,|||,|||,|||
129.211.168.29,129.211.168.29,00000000000000000000000000000000000000000000000000000000000000,|||,|||,|||,|||,|||,|||,|||,|||,|||,|||
113.226.245.24,113.226.245.24,00000000000000000000000000000000000000000000000000000000000000,|||,|||,|||,|||,|||,|||,|||,|||,|||,|||
113.224.28.101,113.224.28.101,00000000000000000000000000000000000000000000000000000000000000,|||,|||,|||,|||,|||,|||,|||,|||,|||,|||
138.99.206.92,138.99.206.92,00000000000000000000000000000000000000000000000000000000000000,|||,|||,|||,|||,|||,|||,|||,|||,|||,|||
138.36.168.134,138.36.168.134,00000000000000000000000000000000000000000000000000000000000000,|||,|||,|||,|||,|||,|||,|||,|||,|||,|||
137.184.121.232,137.184.121.232,29d29d00029d29d00042d42d000000591965a32830c32b3ad57d4bfd247359,c02f|0303|http/1.1|ff01-0001-000b-0023-0010-0017,c02f|0303|http/1.1|ff01-0001-000b-0023-0010-0017,|||,c02f|0303||ff01-0001-000b-0023-0017,c02f|0303||ff01-0001-000b-0023-0017,|||,1302|0303||002b-0033,1302|0303||002b-0033,|||,|||
113.226.203.213,113.226.203.213,00000000000000000000000000000000000000000000000000000000000000,|||,|||,|||,|||,|||,|||,|||,|||,|||,|||
113.229.188.65,113.229.188.65,00000000000000000000000000000000000000000000000000000000000000,|||,|||,|||,|||,|||,|||,|||,|||,|||,|||
113.131.224.197,113.131.224.197,00000000000000000000000000000000000000000000000000000000000000,|||,|||,|||,|||,|||,|||,|||,|||,|||,|||
137.184.121.230,137.184.121.230,29d29d00029d29d00042d42d000000591965a32830c32b3ad57d4bfd247359,c02f|0303|http/1.1|ff01-0001-000b-0023-0010-0017,c02f|0303|http/1.1|ff01-0001-000b-0023-0010-0017,|||,c02f|0303||ff01-0001-000b-0023-0017,c02f|0303||ff01-0001-000b-0023-0017,|||,1302|0303||002b-0033,1302|0303||002b-0033,|||,|||
131.100.188.6,131.100.188.6,05d10d20d21d20d05c05d10d05d20d74fcf6501ae7a92319e575bfafd2a827,0016|0303||ff01-0023,0084|0303||ff01-0023,c012|0303||ff01-000b-0023,c013|0303||ff01-000b-0023,c012|0303||ff01-000b-0023,0016|0302||ff01-0023,0016|0303||ff01-0023,0084|0303||ff01-0023,0016|0303||ff01-0023,c012|0303||ff01-000b-0023
113.56.159.221,113.56.159.221,00000000000000000000000000000000000000000000000000000000000000,|||,|||,|||,|||,|||,|||,|||,|||,|||,|||
128.199.240.121,128.199.240.121,3fd3fd15d3fd3fd21c42d42d0000006f254909a73bf62f6b28507e9fb451b5,cca8|0303|http/1.1|ff01-0001-000b-0023-0010-0017,cca8|0303|http/1.1|ff01-0001-000b-0023-0010-0017,009e|0303|http/1.1|ff01-0001-0023-0010-0017,cca8|0303|http/1.1|ff01-0001-000b-0023-0010-0017,cca8|0303|http/1.1|ff01-0001-000b-0023-0010-0017,c013|0302|http/1.1|ff01-0001-000b-0023-0010-0017,1302|0303||002b-0033,1302|0303||002b-0033,|||,|||
113.226.196.35,113.226.196.35,00000000000000000000000000000000000000000000000000000000000000,|||,|||,|||,|||,|||,|||,|||,|||,|||,|||
113.141.70.131,113.141.70.131,00000000000000000000000000000000000000000000000000000000000000,|||,|||,|||,|||,|||,|||,|||,|||,|||,|||
139.162.5.222,139.162.5.222,00000000000000000000000000000000000000000000000000000000000000,|||,|||,|||,|||,|||,|||,|||,|||,|||,|||
138.197.161.18,138.197.161.18,15d2ad16d29d29d00015d2ad15d29dce1c3a13ea772a5e6542f21e67daf369,009e|0303|http/1.1|ff01-0023-0010,c030|0303|http/1.1|ff01-000b-0023-0010,009f|0303|http/1.1|ff01-0023-0010,c02f|0303|http/1.1|ff01-000b-0023-0010,c02f|0303|http/1.1|ff01-000b-0023-0010,|||,009e|0303|http/1.1|ff01-0023-0010,c030|0303|http/1.1|ff01-000b-0023-0010,009e|0303|http/1.1|ff01-0023-0010,c02f|0303|http/1.1|ff01-000b-0023-0010
128.199.76.148,128.199.76.148,20d14d20d21d20d00042d14d20d41ddcc832adca9a779dc66965afdb62ec7a,c012|0303|h2|0023-ff01-0010-000b,009d|0303|h2|0023-ff01-0010-000b,c012|0303|h2|0023-ff01-0010-000b,c013|0303||0023-ff01-000b,c012|0303||0023-ff01-000b,|||,1302|0303||002b-0033,009d|0303|h2|0023-ff01-0010-000b,c012|0303|h2|0023-ff01-0010-000b,1301|0303||002b-0033
128.199.228.158,128.199.228.158,07d10d11d21d21d07c07d10d07d21d7f94927a800698f72ad8146900120abe,0033|0303|http/1.1|ff01-0023-0010,0084|0303|http/1.1|ff01-0023-0010,0088|0303|http/1.1|ff01-0023-0010,c013|0303|http/1.1|ff01-000b-0023-0010,c013|0303|http/1.1|ff01-000b-0023-0010,0033|0302|http/1.1|ff01-0023-0010,0033|0303|http/1.1|ff01-0023-0010,0084|0303|http/1.1|ff01-0023-0010,0033|0303|http/1.1|ff01-0023-0010,c013|0303|http/1.1|ff01-000b-0023-0010
113.226.229.65,113.226.229.65,00000000000000000000000000000000000000000000000000000000000000,|||,|||,|||,|||,|||,|||,|||,|||,|||,|||
139.162.8.109,139.162.8.109,00000000000000000000000000000000000000000000000000000000000000,|||,|||,|||,|||,|||,|||,|||,|||,|||,|||
113.248.158.200,113.248.158.200,00000000000000000000000000000000000000000000000000000000000000,|||,|||,|||,|||,|||,|||,|||,|||,|||,|||
113.222.145.35,113.222.145.35,00000000000000000000000000000000000000000000000000000000000000,|||,|||,|||,|||,|||,|||,|||,|||,|||,|||
138.197.174.67,138.197.174.67,3fd3fd15d3fd3fd21c42d42d0000006f254909a73bf62f6b28507e9fb451b5,cca8|0303|http/1.1|ff01-0001-000b-0023-0010-0017,cca8|0303|http/1.1|ff01-0001-000b-0023-0010-0017,009e|0303|http/1.1|ff01-0001-0023-0010-0017,cca8|0303|http/1.1|ff01-0001-000b-0023-0010-0017,cca8|0303|http/1.1|ff01-0001-000b-0023-0010-0017,c013|0302|http/1.1|ff01-0001-000b-0023-0010-0017,1302|0303||002b-0033,1302|0303||002b-0033,|||,|||
138.199.42.134,138.199.42.134,21d14d00021d21d21c21d14d21d21dcade67768786e23ca695466fb7f94658,c013|0303||ff01-000b-0023-0017,009d|0303||ff01-0023-0017,|||,c013|0303||ff01-000b-0023-0017,c013|0303||ff01-000b-0023-0017,c013|0302||ff01-000b-0023-0017,c013|0303||ff01-000b-0023-0017,009d|0303||ff01-0023-0017,c013|0303||ff01-000b-0023-0017,c013|0303||ff01-000b-0023-0017
139.129.116.156,139.129.116.156,00000000000000000000000000000000000000000000000000000000000000,|||,|||,|||,|||,|||,|||,|||,|||,|||,|||
137.220.228.90,137.220.228.90,00000000000000000000000000000000000000000000000000000000000000,|||,|||,|||,|||,|||,|||,|||,|||,|||,|||
137.184.123.212,137.184.123.212,00000000000000000000000000000000000000000000000000000000000000,|||,|||,|||,|||,|||,|||,|||,|||,|||,|||
138.197.138.124,138.197.138.124,20d14d20d21d20d00042d14d20d41ddcc832adca9a779dc66965afdb62ec7a,c012|0303|h2|0023-ff01-0010-000b,009d|0303|h2|0023-ff01-0010-000b,c012|0303|h2|0023-ff01-0010-000b,c013|0303||0023-ff01-000b,c012|0303||0023-ff01-000b,|||,1302|0303||002b-0033,009d|0303|h2|0023-ff01-0010-000b,c012|0303|h2|0023-ff01-0010-000b,1301|0303||002b-0033
139.177.198.66,139.177.198.66,00000000000000000000000000000000000000000000000000000000000000,|||,|||,|||,|||,|||,|||,|||,|||,|||,|||
113.5.88.254,113.5.88.254,00000000000000000000000000000000000000000000000000000000000000,|||,|||,|||,|||,|||,|||,|||,|||,|||,|||
139.59.170.149,139.59.170.149,3fd21b20d3fd3fd21c3fd21b21b3fd09a00b24483586e69e1b2e49cc2ece92,cca8|0303||0023-ff01-000b,c013|0301||0023-ff01-000b,c012|0303||0023-ff01-000b,cca8|0303||0023-ff01-000b,cca8|0303||0023-ff01-000b,c013|0302||0023-ff01-000b,cca8|0303||0023-ff01-000b,c013|0301||0023-ff01-000b,c013|0301||0023-ff01-000b,cca8|0303||0023-ff01-000b
113.252.42.246,113.252.42.246,00000000000000000000000000000000000000000000000000000000000000,|||,|||,|||,|||,|||,|||,|||,|||,|||,|||
128.199.255.158,128.199.255.158,2ad2ad0002ad2ad00042d42d000000301510f56407964db9434a9bb0d4ee4a,c030|0303|http/1.1|ff01-0000-0001-000b-0023-0010-0017,c030|0303|http/1.1|ff01-0000-0001-000b-0023-0010-0017,|||,c030|0303||ff01-0000-0001-000b-0023-0017,c030|0303||ff01-0000-0001-000b-0023-0017,|||,1302|0303||002b-0033,1302|0303||002b-0033,|||,|||
113.253.2.96,113.253.2.96,00000000000000000000000000000000000000000000000000000000000000,|||,|||,|||,|||,|||,|||,|||,|||,|||,|||
141.98.81.125,141.98.81.125,00000000000000000000000000000000000000000000000000000000000000,|||,|||,|||,|||,|||,|||,|||,|||,|||,|||
113.59.52.158,113.59.52.158,00000000000000000000000000000000000000000000000000000000000000,|||,|||,|||,|||,|||,|||,|||,|||,|||,|||
113.15.230.113,113.15.230.113,00000000000000000000000000000000000000000000000000000000000000,|||,|||,|||,|||,|||,|||,|||,|||,|||,|||
113.4.24.195,113.4.24.195,00000000000000000000000000000000000000000000000000000000000000,|||,|||,|||,|||,|||,|||,|||,|||,|||,|||
137.220.131.97,137.220.131.97,00000000000000000000000000000000000000000000000000000000000000,|||,|||,|||,|||,|||,|||,|||,|||,|||,|||
113.253.26.88,113.253.26.88,00000000000000000000000000000000000000000000000000000000000000,|||,|||,|||,|||,|||,|||,|||,|||,|||,|||
137.184.180.25,137.184.180.25,2ad2ad16d2ad2ad22c41d41d000000723a47d073c1814664ce60963b1df872,c030|0303|http/1.1|ff01-0001-000b-0010-0017,c030|0303|http/1.1|ff01-0001-000b-0010-0017,009f|0303|http/1.1|ff01-0001-0010-0017,c030|0303||ff01-0001-000b-0017,c030|0303||ff01-0001-000b-0017,c014|0302|http/1.1|ff01-0001-000b-0010-0017,1301|0303||002b-0033,1301|0303||002b-0033,|||,|||
138.199.42.132,138.199.42.132,21d14d00021d21d21c21d14d21d21dcade67768786e23ca695466fb7f94658,c013|0303||ff01-000b-0023-0017,009d|0303||ff01-0023-0017,|||,c013|0303||ff01-000b-0023-0017,c013|0303||ff01-000b-0023-0017,c013|0302||ff01-000b-0023-0017,c013|0303||ff01-000b-0023-0017,009d|0303||ff01-0023-0017,c013|0303||ff01-000b-0023-0017,c013|0303||ff01-000b-0023-0017
138.197.132.245,138.197.132.245,15d3fd16d29d29d00042d43d0000009ec686233a4398bea334ba5e62e34a01,009e|0303|http/1.1|ff01-0001-0023-0010-0017,cca8|0303|http/1.1|ff01-0001-000b-0023-0010-0017,009f|0303|http/1.1|ff01-0001-0023-0010-0017,c02f|0303|http/1.1|ff01-0001-000b-0023-0010-0017,c02f|0303|http/1.1|ff01-0001-000b-0023-0010-0017,|||,1302|0303||002b-0033,1303|0303||002b-0033,|||,|||
113.226.199.234,113.226.199.234,00000000000000000000000000000000000000000000000000000000000000,|||,|||,|||,|||,|||,|||,|||,|||,|||,|||
113.250.165.185,113.250.165.185,00000000000000000000000000000000000000000000000000000000000000,|||,|||,|||,|||,|||,|||,|||,|||,|||,|||
106.75.17.213,106.75.17.213,00000000000000000000000000000000000000000000000000000000000000,|||,|||,|||,|||,|||,|||,|||,|||,|||,|||
141.95.16.206,141.95.16.206,00000000000000000000000000000000000000000000000000000000000000,|||,|||,|||,|||,|||,|||,|||,|||,|||,|||
113.59.52.38,113.59.52.38,00000000000000000000000000000000000000000000000000000000000000,|||,|||,|||,|||,|||,|||,|||,|||,|||,|||
113.69.131.185,113.69.131.185,00000000000000000000000000000000000000000000000000000000000000,|||,|||,|||,|||,|||,|||,|||,|||,|||,|||
113.74.252.120,113.74.252.120,00000000000000000000000000000000000000000000000000000000000000,|||,|||,|||,|||,|||,|||,|||,|||,|||,|||
129.211.165.93,129.211.165.93,07d29d15d21d21d07c07d29d07d21dd7fc4c7c6ef19b77a4ca0787979cdc13,0033|0303||ff01,c02f|0303||ff01,009e|0303||ff01,c013|0303||ff01,c013|0303||ff01,0033|0302||ff01,0033|0303||ff01,c02f|0303||ff01,0033|0303||ff01,c013|0303||ff01
113.195.180.80,113.195.180.80,00000000000000000000000000000000000000000000000000000000000000,|||,|||,|||,|||,|||,|||,|||,|||,|||,|||
113.209.197.236,113.209.197.236,00000000000000000000000000000000000000000000000000000000000000,|||,|||,|||,|||,|||,|||,|||,|||,|||,|||
113.88.83.169,113.88.83.169,00000000000000000000000000000000000000000000000000000000000000,|||,|||,|||,|||,|||,|||,|||,|||,|||,|||
137.184.43.119,137.184.43.119,2ad2ad0002ad2ad0002ad2ad2ad2ade1a3c0d7ca6ad8388057924be83dfc6a,c030|0303|http/1.1|ff01-0000-0001-000b-0023-0010-0017,c030|0303|http/1.1|ff01-0000-0001-000b-0023-0010-0017,|||,c030|0303||ff01-0000-0001-000b-0023-0017,c030|0303||ff01-0000-0001-000b-0023-0017,|||,c030|0303|http/1.1|ff01-0000-0001-000b-0023-0010-0017,c030|0303|http/1.1|ff01-0000-0001-000b-0023-0010-0017,c030|0303|http/1.1|ff01-0000-0001-000b-0023-0010-0017,c030|0303|http/1.1|ff01-0000-0001-000b-0023-0010-0017
113.17.36.250,113.17.36.250,00000000000000000000000000000000000000000000000000000000000000,|||,|||,|||,|||,|||,|||,|||,|||,|||,|||
139.59.186.66,139.59.186.66,3fd21b20d3fd3fd21c3fd21b21b3fd09a00b24483586e69e1b2e49cc2ece92,cca8|0303||0023-ff01-000b,c013|0301||0023-ff01-000b,c012|0303||0023-ff01-000b,cca8|0303||0023-ff01-000b,cca8|0303||0023-ff01-000b,c013|0302||0023-ff01-000b,cca8|0303||0023-ff01-000b,c013|0301||0023-ff01-000b,c013|0301||0023-ff01-000b,cca8|0303||0023-ff01-000b
138.197.100.204,138.197.100.204,2ad2ad0002ad2ad0002ad2ad2ad2ade1a3c0d7ca6ad8388057924be83dfc6a,c030|0303|http/1.1|ff01-0000-0001-000b-0023-0010-0017,c030|0303|http/1.1|ff01-0000-0001-000b-0023-0010-0017,|||,c030|0303||ff01-0000-0001-000b-0023-0017,c030|0303||ff01-0000-0001-000b-0023-0017,|||,c030|0303|http/1.1|ff01-0000-0001-000b-0023-0010-0017,c030|0303|http/1.1|ff01-0000-0001-000b-0023-0010-0017,c030|0303|http/1.1|ff01-0000-0001-000b-0023-0010-0017,c030|0303|http/1.1|ff01-0000-0001-000b-0023-0010-0017
141.105.67.7,141.105.67.7,00000000000000000000000000000000000000000000000000000000000000,|||,|||,|||,|||,|||,|||,|||,|||,|||,|||
137.184.40.82,137.184.40.82,29d29d00029d29d00042d43d00041dd469afa8cfbe5e42c631eb3fc55d6787,c02f|0303|h2|0017-ff01-000b-0023-0010,c02f|0303|h2|0017-ff01-000b-0023-0010,|||,c02f|0303|spdy/3|0017-ff01-000b-0023-0010,c02f|0303|spdy/3|0017-ff01-000b-0023-0010,|||,1302|0303||0033-002b,1303|0303||0033-002b,|||,1301|0303||0033-002b
137.220.131.96,137.220.131.96,00000000000000000000000000000000000000000000000000000000000000,|||,|||,|||,|||,|||,|||,|||,|||,|||,|||
112.124.58.120,112.124.58.120,00000000000000000000000000000000000000000000000000000000000000,|||,|||,|||,|||,|||,|||,|||,|||,|||,|||
139.59.169.114,139.59.169.114,15d2ad16d29d29d00015d2ad15d29d67edd16014aa8d87eb613c543d04cbe2,009e|0303||ff01-0023,c030|0303||ff01-000b-0023,009f|0303||ff01-0023,c02f|0303||ff01-000b-0023,c02f|0303||ff01-000b-0023,|||,009e|0303||ff01-0023,c030|0303||ff01-000b-0023,009e|0303||ff01-0023,c02f|0303||ff01-000b-0023
137.184.5.235,137.184.5.235,15d3fd16d21d21d00042d43d000000fe02290512647416dcf0a400ccbc0b6b,009e|0303|http/1.1|ff01-0000-0001-0010-0017,cca8|0303|http/1.1|ff01-0000-0001-000b-0010-0017,009f|0303|http/1.1|ff01-0000-0001-0010-0017,c013|0303||ff01-0000-0001-000b-0017,c013|0303||ff01-0000-0001-000b-0017,|||,1302|0303||002b-0033,1303|0303||002b-0033,|||,|||
113.31.163.17,113.31.163.17,00000000000000000000000000000000000000000000000000000000000000,|||,|||,|||,|||,|||,|||,|||,|||,|||,|||
111.62.52.213,111.62.52.213,00000000000000000000000000000000000000000000000000000000000000,|||,|||,|||,|||,|||,|||,|||,|||,|||,|||
113.74.40.143,113.74.40.143,00000000000000000000000000000000000000000000000000000000000000,|||,|||,|||,|||,|||,|||,|||,|||,|||,|||
113.53.53.3,113.53.53.3,00000000000000000000000000000000000000000000000000000000000000,|||,|||,|||,|||,|||,|||,|||,|||,|||,|||
113.87.195.75,113.87.195.75,00000000000000000000000000000000000000000000000000000000000000,|||,|||,|||,|||,|||,|||,|||,|||,|||,|||
113.88.208.188,113.88.208.188,00000000000000000000000000000000000000000000000000000000000000,|||,|||,|||,|||,|||,|||,|||,|||,|||,|||
113.92.94.219,113.92.94.219,00000000000000000000000000000000000000000000000000000000000000,|||,|||,|||,|||,|||,|||,|||,|||,|||,|||
113.176.3.114,113.176.3.114,00000000000000000000000000000000000000000000000000000000000000,|||,|||,|||,|||,|||,|||,|||,|||,|||,|||
139.162.8.54,139.162.8.54,00000000000000000000000000000000000000000000000000000000000000,|||,|||,|||,|||,|||,|||,|||,|||,|||,|||
114.104.188.248,114.104.188.248,00000000000000000000000000000000000000000000000000000000000000,|||,|||,|||,|||,|||,|||,|||,|||,|||,|||
113.77.100.164,113.77.100.164,00000000000000000000000000000000000000000000000000000000000000,|||,|||,|||,|||,|||,|||,|||,|||,|||,|||
113.90.225.126,113.90.225.126,00000000000000000000000000000000000000000000000000000000000000,|||,|||,|||,|||,|||,|||,|||,|||,|||,|||
113.59.224.77,113.59.224.77,00000000000000000000000000000000000000000000000000000000000000,|||,|||,|||,|||,|||,|||,|||,|||,|||,|||
128.199.28.44,128.199.28.44,2ad2ad0002ad2ad00042d42d000000301510f56407964db9434a9bb0d4ee4a,c030|0303|http/1.1|ff01-0000-0001-000b-0023-0010-0017,c030|0303|http/1.1|ff01-0000-0001-000b-0023-0010-0017,|||,c030|0303||ff01-0000-0001-000b-0023-0017,c030|0303||ff01-0000-0001-000b-0023-0017,|||,1302|0303||002b-0033,1302|0303||002b-0033,|||,|||
113.254.243.57,113.254.243.57,00000000000000000000000000000000000000000000000000000000000000,|||,|||,|||,|||,|||,|||,|||,|||,|||,|||
138.99.17.43,138.99.17.43,00000000000000000000000000000000000000000000000000000000000000,|||,|||,|||,|||,|||,|||,|||,|||,|||,|||
113.89.83.65,113.89.83.65,00000000000000000000000000000000000000000000000000000000000000,|||,|||,|||,|||,|||,|||,|||,|||,|||,|||
113.161.220.107,113.161.220.107,00000000000000000000000000000000000000000000000000000000000000,|||,|||,|||,|||,|||,|||,|||,|||,|||,|||
113.88.12.212,113.88.12.212,00000000000000000000000000000000000000000000000000000000000000,|||,|||,|||,|||,|||,|||,|||,|||,|||,|||
139.59.163.113,139.59.163.113,28d28d28d00028d00042d42d000000aa5feb68b57d31b6dc713b6917a988e3,c02c|0303|h2|ff01-0000-0001-000b-0010-0017,c02c|0303|h2|ff01-0000-0001-000b-0010-0017,c02c|0303|h2|ff01-0000-0001-000b-0010-0017,|||,c02c|0303||ff01-0000-0001-000b-0017,|||,1302|0303||002b-0033,1302|0303||002b-0033,|||,|||
113.74.252.116,113.74.252.116,00000000000000000000000000000000000000000000000000000000000000,|||,|||,|||,|||,|||,|||,|||,|||,|||,|||
141.98.10.25,141.98.10.25,00000000000000000000000000000000000000000000000000000000000000,|||,|||,|||,|||,|||,|||,|||,|||,|||,|||
141.98.10.171,141.98.10.171,00000000000000000000000000000000000000000000000000000000000000,|||,|||,|||,|||,|||,|||,|||,|||,|||,|||
113.94.192.73,113.94.192.73,00000000000000000000000000000000000000000000000000000000000000,|||,|||,|||,|||,|||,|||,|||,|||,|||,|||
114.108.231.12,114.108.231.12,00000000000000000000000000000000000000000000000000000000000000,|||,|||,|||,|||,|||,|||,|||,|||,|||,|||
113.92.223.67,113.92.223.67,00000000000000000000000000000000000000000000000000000000000000,|||,|||,|||,|||,|||,|||,|||,|||,|||,|||
141.98.10.36,141.98.10.36,00000000000000000000000000000000000000000000000000000000000000,|||,|||,|||,|||,|||,|||,|||,|||,|||,|||
138.197.165.80,138.197.165.80,2ad2ad0002ad2ad00042d42d0000000464fb8c6842ac133bede81390a48134,c030|0303|h2|ff01-0000-0001-000b-0010-0017,c030|0303|h2|ff01-0000-0001-000b-0010-0017,|||,c030|0303||ff01-0000-0001-000b-0017,c030|0303||ff01-0000-0001-000b-0017,|||,1302|0303||002b-0033,1302|0303||002b-0033,|||,|||
108.184.160.51,108.184.160.51,00000000000000000000000000000000000000000000000000000000000000,|||,|||,|||,|||,|||,|||,|||,|||,|||,|||
141.105.67.8,141.105.67.8,00000000000000000000000000000000000000000000000000000000000000,|||,|||,|||,|||,|||,|||,|||,|||,|||,|||
113.89.203.40,113.89.203.40,00000000000000000000000000000000000000000000000000000000000000,|||,|||,|||,|||,|||,|||,|||,|||,|||,|||
114.117.209.109,114.117.209.109,00000000000000000000000000000000000000000000000000000000000000,|||,|||,|||,|||,|||,|||,|||,|||,|||,|||
139.155.250.61,139.155.250.61,00000000000000000000000000000000000000000000000000000000000000,|||,|||,|||,|||,|||,|||,|||,|||,|||,|||
139.178.68.115,139.178.68.115,00000000000000000000000000000000000000000000000000000000000000,|||,|||,|||,|||,|||,|||,|||,|||,|||,|||
129.226.11.176,129.226.11.176,3fd3fd0003fd3fd21c42d42d000000307ee0eb468e9fdb5cfcd698a80a67ef,cca8|0303|h2|ff01-0000-0001-000b-0023-0010-0017,cca8|0303|h2|ff01-0000-0001-000b-0023-0010-0017,|||,cca8|0303||ff01-0000-0001-000b-0023-0017,cca8|0303||ff01-0000-0001-000b-0023-0017,c013|0302|h2|ff01-0000-0001-000b-0023-0010-0017,1302|0303||002b-0033,1302|0303||002b-0033,|||,|||
62.38.176.211,62.38.176.211,00000000000000000000000000000000000000000000000000000000000000,|||,|||,|||,|||,|||,|||,|||,|||,|||,|||
137.220.228.86,137.220.228.86,00000000000000000000000000000000000000000000000000000000000000,|||,|||,|||,|||,|||,|||,|||,|||,|||,|||
138.197.173.66,138.197.173.66,3fd3fd15d3fd3fd21c42d42d0000006f254909a73bf62f6b28507e9fb451b5,cca8|0303|http/1.1|ff01-0001-000b-0023-0010-0017,cca8|0303|http/1.1|ff01-0001-000b-0023-0010-0017,009e|0303|http/1.1|ff01-0001-0023-0010-0017,cca8|0303|http/1.1|ff01-0001-000b-0023-0010-0017,cca8|0303|http/1.1|ff01-0001-000b-0023-0010-0017,c013|0302|http/1.1|ff01-0001-000b-0023-0010-0017,1302|0303||002b-0033,1302|0303||002b-0033,|||,|||
121.5.125.9,121.5.125.9,00000000000000000000000000000000000000000000000000000000000000,|||,|||,|||,|||,|||,|||,|||,|||,|||,|||
137.220.233.50,137.220.233.50,00000000000000000000000000000000000000000000000000000000000000,|||,|||,|||,|||,|||,|||,|||,|||,|||,|||
137.220.233.52,137.220.233.52,00000000000000000000000000000000000000000000000000000000000000,|||,|||,|||,|||,|||,|||,|||,|||,|||,|||
139.162.113.212,139.162.113.212,00000000000000000000000000000000000000000000000000000000000000,|||,|||,|||,|||,|||,|||,|||,|||,|||,|||
137.220.228.75,137.220.228.75,00000000000000000000000000000000000000000000000000000000000000,|||,|||,|||,|||,|||,|||,|||,|||,|||,|||
114.115.211.204,114.115.211.204,00000000000000000000000000000000000000000000000000000000000000,|||,|||,|||,|||,|||,|||,|||,|||,|||,|||
113.3.153.242,113.3.153.242,00000000000000000000000000000000000000000000000000000000000000,|||,|||,|||,|||,|||,|||,|||,|||,|||,|||
141.105.66.247,141.105.66.247,00000000000000000000000000000000000000000000000000000000000000,|||,|||,|||,|||,|||,|||,|||,|||,|||,|||
113.89.69.238,113.89.69.238,00000000000000000000000000000000000000000000000000000000000000,|||,|||,|||,|||,|||,|||,|||,|||,|||,|||
114.132.240.175,114.132.240.175,00000000000000000000000000000000000000000000000000000000000000,|||,|||,|||,|||,|||,|||,|||,|||,|||,|||
139.155.15.173,139.155.15.173,00000000000000000000000000000000000000000000000000000000000000,|||,|||,|||,|||,|||,|||,|||,|||,|||,|||
114.103.180.74,114.103.180.74,00000000000000000000000000000000000000000000000000000000000000,|||,|||,|||,|||,|||,|||,|||,|||,|||,|||
137.220.228.87,137.220.228.87,00000000000000000000000000000000000000000000000000000000000000,|||,|||,|||,|||,|||,|||,|||,|||,|||,|||
114.105.103.104,114.105.103.104,00000000000000000000000000000000000000000000000000000000000000,|||,|||,|||,|||,|||,|||,|||,|||,|||,|||
114.119.36.98,114.119.36.98,00000000000000000000000000000000000000000000000000000000000000,|||,|||,|||,|||,|||,|||,|||,|||,|||,|||
114.132.242.146,114.132.242.146,00000000000000000000000000000000000000000000000000000000000000,|||,|||,|||,|||,|||,|||,|||,|||,|||,|||
114.219.56.251,114.219.56.251,00000000000000000000000000000000000000000000000000000000000000,|||,|||,|||,|||,|||,|||,|||,|||,|||,|||
113.92.95.145,113.92.95.145,00000000000000000000000000000000000000000000000000000000000000,|||,|||,|||,|||,|||,|||,|||,|||,|||,|||
113.90.54.182,113.90.54.182,00000000000000000000000000000000000000000000000000000000000000,|||,|||,|||,|||,|||,|||,|||,|||,|||,|||
139.155.81.122,139.155.81.122,00000000000000000000000000000000000000000000000000000000000000,|||,|||,|||,|||,|||,|||,|||,|||,|||,|||
137.220.133.42,137.220.133.42,00000000000000000000000000000000000000000000000000000000000000,|||,|||,|||,|||,|||,|||,|||,|||,|||,|||
137.220.131.99,137.220.131.99,00000000000000000000000000000000000000000000000000000000000000,|||,|||,|||,|||,|||,|||,|||,|||,|||,|||
114.220.238.172,114.220.238.172,00000000000000000000000000000000000000000000000000000000000000,|||,|||,|||,|||,|||,|||,|||,|||,|||,|||
114.199.146.157,114.199.146.157,00000000000000000000000000000000000000000000000000000000000000,|||,|||,|||,|||,|||,|||,|||,|||,|||,|||
141.94.106.179,141.94.106.179,00000000000000000000000000000000000000000000000000000000000000,|||,|||,|||,|||,|||,|||,|||,|||,|||,|||
137.220.228.81,137.220.228.81,00000000000000000000000000000000000000000000000000000000000000,|||,|||,|||,|||,|||,|||,|||,|||,|||,|||
113.89.71.248,113.89.71.248,00000000000000000000000000000000000000000000000000000000000000,|||,|||,|||,|||,|||,|||,|||,|||,|||,|||
137.220.228.89,137.220.228.89,00000000000000000000000000000000000000000000000000000000000000,|||,|||,|||,|||,|||,|||,|||,|||,|||,|||
137.220.228.74,137.220.228.74,00000000000000000000000000000000000000000000000000000000000000,|||,|||,|||,|||,|||,|||,|||,|||,|||,|||
137.220.228.91,137.220.228.91,00000000000000000000000000000000000000000000000000000000000000,|||,|||,|||,|||,|||,|||,|||,|||,|||,|||
137.220.228.83,137.220.228.83,00000000000000000000000000000000000000000000000000000000000000,|||,|||,|||,|||,|||,|||,|||,|||,|||,|||
137.220.233.97,137.220.233.97,00000000000000000000000000000000000000000000000000000000000000,|||,|||,|||,|||,|||,|||,|||,|||,|||,|||
137.220.233.95,137.220.233.95,00000000000000000000000000000000000000000000000000000000000000,|||,|||,|||,|||,|||,|||,|||,|||,|||,|||
139.162.65.76,139.162.65.76,00000000000000000000000000000000000000000000000000000000000000,|||,|||,|||,|||,|||,|||,|||,|||,|||,|||
114.216.93.179,114.216.93.179,00000000000000000000000000000000000000000000000000000000000000,|||,|||,|||,|||,|||,|||,|||,|||,|||,|||
114.215.40.207,114.215.40.207,00000000000000000000000000000000000000000000000000000000000000,|||,|||,|||,|||,|||,|||,|||,|||,|||,|||
137.184.80.124,137.184.80.124,00000000000000000000000000000000000000000000000000000000000000,|||,|||,|||,|||,|||,|||,|||,|||,|||,|||
114.246.34.208,114.246.34.208,00000000000000000000000000000000000000000000000000000000000000,|||,|||,|||,|||,|||,|||,|||,|||,|||,|||
114.217.90.65,114.217.90.65,00000000000000000000000000000000000000000000000000000000000000,|||,|||,|||,|||,|||,|||,|||,|||,|||,|||
114.223.24.238,114.223.24.238,00000000000000000000000000000000000000000000000000000000000000,|||,|||,|||,|||,|||,|||,|||,|||,|||,|||
114.221.154.164,114.221.154.164,00000000000000000000000000000000000000000000000000000000000000,|||,|||,|||,|||,|||,|||,|||,|||,|||,|||
137.220.228.85,137.220.228.85,00000000000000000000000000000000000000000000000000000000000000,|||,|||,|||,|||,|||,|||,|||,|||,|||,|||
139.162.69.98,139.162.69.98,00000000000000000000000000000000000000000000000000000000000000,|||,|||,|||,|||,|||,|||,|||,|||,|||,|||
139.155.6.122,139.155.6.122,00000000000000000000000000000000000000000000000000000000000000,|||,|||,|||,|||,|||,|||,|||,|||,|||,|||
139.155.244.188,139.155.244.188,00000000000000000000000000000000000000000000000000000000000000,|||,|||,|||,|||,|||,|||,|||,|||,|||,|||
114.200.199.236,114.200.199.236,00000000000000000000000000000000000000000000000000000000000000,|||,|||,|||,|||,|||,|||,|||,|||,|||,|||
114.244.73.18,114.244.73.18,00000000000000000000000000000000000000000000000000000000000000,|||,|||,|||,|||,|||,|||,|||,|||,|||,|||
114.248.76.214,114.248.76.214,00000000000000000000000000000000000000000000000000000000000000,|||,|||,|||,|||,|||,|||,|||,|||,|||,|||
114.173.240.100,114.173.240.100,00000000000000000000000000000000000000000000000000000000000000,|||,|||,|||,|||,|||,|||,|||,|||,|||,|||
128.199.123.19,128.199.123.19,15d3fd16d29d29d00042d43d000000ea552d307cdd65a9a94fec1293390a04,009e|0303|h2|ff01-0000-0001-0010-0017,cca8|0303|h2|ff01-0000-0001-000b-0010-0017,009f|0303|h2|ff01-0000-0001-0010-0017,c02f|0303|http/1.0|ff01-0000-0001-000b-0010-0017,c02f|0303|http/1.0|ff01-0000-0001-000b-0010-0017,|||,1302|0303||002b-0033,1303|0303||002b-0033,|||,|||
114.33.127.26,114.33.127.26,00000000000000000000000000000000000000000000000000000000000000,|||,|||,|||,|||,|||,|||,|||,|||,|||,|||
141.98.10.144,141.98.10.144,2ad2ad16d2ad2ad00042d42d00000061256d32ed7779c14686ad100544dc8d,c030|0303|http/1.1|ff01-0001-000b-0023-0010-0017,c030|0303|http/1.1|ff01-0001-000b-0023-0010-0017,009f|0303|http/1.1|ff01-0001-0023-0010-0017,c030|0303|http/1.1|ff01-0001-000b-0023-0010-0017,c030|0303|http/1.1|ff01-0001-000b-0023-0010-0017,|||,1302|0303||002b-0033,1302|0303||002b-0033,|||,|||
114.134.11.31,114.134.11.31,00000000000000000000000000000000000000000000000000000000000000,|||,|||,|||,|||,|||,|||,|||,|||,|||,|||
114.224.195.249,114.224.195.249,00000000000000000000000000000000000000000000000000000000000000,|||,|||,|||,|||,|||,|||,|||,|||,|||,|||
114.220.179.155,114.220.179.155,00000000000000000000000000000000000000000000000000000000000000,|||,|||,|||,|||,|||,|||,|||,|||,|||,|||
114.139.225.127,114.139.225.127,00000000000000000000000000000000000000000000000000000000000000,|||,|||,|||,|||,|||,|||,|||,|||,|||,|||
114.217.198.31,114.217.198.31,00000000000000000000000000000000000000000000000000000000000000,|||,|||,|||,|||,|||,|||,|||,|||,|||,|||
139.162.99.58,139.162.99.58,00000000000000000000000000000000000000000000000000000000000000,|||,|||,|||,|||,|||,|||,|||,|||,|||,|||
114.226.248.204,114.226.248.204,00000000000000000000000000000000000000000000000000000000000000,|||,|||,|||,|||,|||,|||,|||,|||,|||,|||
114.251.165.242,114.251.165.242,00000000000000000000000000000000000000000000000000000000000000,|||,|||,|||,|||,|||,|||,|||,|||,|||,|||
139.170.229.124,139.170.229.124,00000000000000000000000000000000000000000000000000000000000000,|||,|||,|||,|||,|||,|||,|||,|||,|||,|||
114.135.55.54,114.135.55.54,00000000000000000000000000000000000000000000000000000000000000,|||,|||,|||,|||,|||,|||,|||,|||,|||,|||
134.209.151.0,134.209.151.0,2ad2ad0002ad2ad21c2ad2ad2ad2ade89a29da3ee50098446f31579da51a6e,c030|0303|h2|0023-ff01-0010,c030|0303|h2|0023-ff01-0010,|||,c030|0303||0023-ff01,c030|0303||0023-ff01,c013|0302|h2|0023-ff01-0010,c030|0303|h2|0023-ff01-0010,c030|0303|h2|0023-ff01-0010,c030|0303|h2|0023-ff01-0010,c030|0303|h2|0023-ff01-0010
141.212.123.206,141.212.123.206,00000000000000000000000000000000000000000000000000000000000000,|||,|||,|||,|||,|||,|||,|||,|||,|||,|||
141.101.169.11,141.101.169.11,00000000000000000000000000000000000000000000000000000000000000,|||,|||,|||,|||,|||,|||,|||,|||,|||,|||
114.216.203.98,114.216.203.98,00000000000000000000000000000000000000000000000000000000000000,|||,|||,|||,|||,|||,|||,|||,|||,|||,|||
114.55.57.126,114.55.57.126,00000000000000000000000000000000000000000000000000000000000000,|||,|||,|||,|||,|||,|||,|||,|||,|||,|||
141.212.123.211,141.212.123.211,00000000000000000000000000000000000000000000000000000000000000,|||,|||,|||,|||,|||,|||,|||,|||,|||,|||
114.64.253.153,114.64.253.153,00000000000000000000000000000000000000000000000000000000000000,|||,|||,|||,|||,|||,|||,|||,|||,|||,|||
134.209.148.164,134.209.148.164,3fd21b20d3fd3fd21c3fd21b21b3fd09a00b24483586e69e1b2e49cc2ece92,cca8|0303||0023-ff01-000b,c013|0301||0023-ff01-000b,c012|0303||0023-ff01-000b,cca8|0303||0023-ff01-000b,cca8|0303||0023-ff01-000b,c013|0302||0023-ff01-000b,cca8|0303||0023-ff01-000b,c013|0301||0023-ff01-000b,c013|0301||0023-ff01-000b,cca8|0303||0023-ff01-000b
141.149.36.27,141.149.36.27,00000000000000000000000000000000000000000000000000000000000000,|||,|||,|||,|||,|||,|||,|||,|||,|||,|||
139.155.48.15,139.155.48.15,00000000000000000000000000000000000000000000000000000000000000,|||,|||,|||,|||,|||,|||,|||,|||,|||,|||
139.196.233.88,139.196.233.88,00000000000000000000000000000000000000000000000000000000000000,|||,|||,|||,|||,|||,|||,|||,|||,|||,|||
114.246.35.154,114.246.35.154,00000000000000000000000000000000000000000000000000000000000000,|||,|||,|||,|||,|||,|||,|||,|||,|||,|||
114.32.66.18,114.32.66.18,00000000000000000000000000000000000000000000000000000000000000,|||,|||,|||,|||,|||,|||,|||,|||,|||,|||
134.209.146.28,134.209.146.28,29d29d00029d29d00042d42d000000591965a32830c32b3ad57d4bfd247359,c02f|0303|http/1.1|ff01-0001-000b-0023-0010-0017,c02f|0303|http/1.1|ff01-0001-000b-0023-0010-0017,|||,c02f|0303||ff01-0001-000b-0023-0017,c02f|0303||ff01-0001-000b-0023-0017,|||,1302|0303||002b-0033,1302|0303||002b-0033,|||,|||
114.41.135.140,114.41.135.140,00000000000000000000000000000000000000000000000000000000000000,|||,|||,|||,|||,|||,|||,|||,|||,|||,|||
114.30.185.66,114.30.185.66,00000000000000000000000000000000000000000000000000000000000000,|||,|||,|||,|||,|||,|||,|||,|||,|||,|||
137.220.228.84,137.220.228.84,00000000000000000000000000000000000000000000000000000000000000,|||,|||,|||,|||,|||,|||,|||,|||,|||,|||
114.35.228.226,114.35.228.226,00000000000000000000000000000000000000000000000000000000000000,|||,|||,|||,|||,|||,|||,|||,|||,|||,|||
114.238.136.160,114.238.136.160,00000000000000000000000000000000000000000000000000000000000000,|||,|||,|||,|||,|||,|||,|||,|||,|||,|||
114.41.141.176,114.41.141.176,00000000000000000000000000000000000000000000000000000000000000,|||,|||,|||,|||,|||,|||,|||,|||,|||,|||
139.196.36.199,139.196.36.199,00000000000000000000000000000000000000000000000000000000000000,|||,|||,|||,|||,|||,|||,|||,|||,|||,|||
141.212.123.207,141.212.123.207,00000000000000000000000000000000000000000000000000000000000000,|||,|||,|||,|||,|||,|||,|||,|||,|||,|||
139.196.236.113,139.196.236.113,00000000000000000000000000000000000000000000000000000000000000,|||,|||,|||,|||,|||,|||,|||,|||,|||,|||
139.196.215.60,139.196.215.60,00000000000000000000000000000000000000000000000000000000000000,|||,|||,|||,|||,|||,|||,|||,|||,|||,|||
142.93.235.16,142.93.235.16,2ad2ad0002ad2ad00042d42d000000301510f56407964db9434a9bb0d4ee4a,c030|0303|http/1.1|ff01-0000-0001-000b-0023-0010-0017,c030|0303|http/1.1|ff01-0000-0001-000b-0023-0010-0017,|||,c030|0303||ff01-0000-0001-000b-0023-0017,c030|0303||ff01-0000-0001-000b-0023-0017,|||,1302|0303||002b-0033,1302|0303||002b-0033,|||,|||
137.220.228.88,137.220.228.88,00000000000000000000000000000000000000000000000000000000000000,|||,|||,|||,|||,|||,|||,|||,|||,|||,|||
114.223.25.145,114.223.25.145,00000000000000000000000000000000000000000000000000000000000000,|||,|||,|||,|||,|||,|||,|||,|||,|||,|||
141.212.123.209,141.212.123.209,00000000000000000000000000000000000000000000000000000000000000,|||,|||,|||,|||,|||,|||,|||,|||,|||,|||
114.67.244.56,114.67.244.56,00000000000000000000000000000000000000000000000000000000000000,|||,|||,|||,|||,|||,|||,|||,|||,|||,|||
123.56.14.58,123.56.14.58,00000000000000000000000000000000000000000000000000000000000000,|||,|||,|||,|||,|||,|||,|||,|||,|||,|||
114.55.253.68,114.55.253.68,00000000000000000000000000000000000000000000000000000000000000,|||,|||,|||,|||,|||,|||,|||,|||,|||,|||
142.93.135.230,142.93.135.230,3fd3fd15d3fd3fd21c42d42d0000006f254909a73bf62f6b28507e9fb451b5,cca8|0303|http/1.1|ff01-0001-000b-0023-0010-0017,cca8|0303|http/1.1|ff01-0001-000b-0023-0010-0017,009e|0303|http/1.1|ff01-0001-0023-0010-0017,cca8|0303|http/1.1|ff01-0001-000b-0023-0010-0017,cca8|0303|http/1.1|ff01-0001-000b-0023-0010-0017,c013|0302|http/1.1|ff01-0001-000b-0023-0010-0017,1302|0303||002b-0033,1302|0303||002b-0033,|||,|||
114.246.34.215,114.246.34.215,00000000000000000000000000000000000000000000000000000000000000,|||,|||,|||,|||,|||,|||,|||,|||,|||,|||
142.93.178.124,142.93.178.124,00000000000000000000000000000000000000000000000000000000000000,|||,|||,|||,|||,|||,|||,|||,|||,|||,|||
114.55.234.176,114.55.234.176,00000000000000000000000000000000000000000000000000000000000000,|||,|||,|||,|||,|||,|||,|||,|||,|||,|||
137.184.176.16,137.184.176.16,00000000000000000000000000000000000000000000000000000000000000,|||,|||,|||,|||,|||,|||,|||,|||,|||,|||
139.196.238.161,139.196.238.161,00000000000000000000000000000000000000000000000000000000000000,|||,|||,|||,|||,|||,|||,|||,|||,|||,|||
114.79.162.164,114.79.162.164,00000000000000000000000000000000000000000000000000000000000000,|||,|||,|||,|||,|||,|||,|||,|||,|||,|||
139.155.26.205,139.155.26.205,00000000000000000000000000000000000000000000000000000000000000,|||,|||,|||,|||,|||,|||,|||,|||,|||,|||
114.55.133.228,114.55.133.228,00000000000000000000000000000000000000000000000000000000000000,|||,|||,|||,|||,|||,|||,|||,|||,|||,|||
141.98.10.140,141.98.10.140,00000000000000000000000000000000000000000000000000000000000000,|||,|||,|||,|||,|||,|||,|||,|||,|||,|||
114.55.253.245,114.55.253.245,00000000000000000000000000000000000000000000000000000000000000,|||,|||,|||,|||,|||,|||,|||,|||,|||,|||
134.209.144.90,134.209.144.90,15d3fd16d21d21d00042d43d000000fe02290512647416dcf0a400ccbc0b6b,009e|0303|http/1.1|ff01-0000-0001-0010-0017,cca8|0303|http/1.1|ff01-0000-0001-000b-0010-0017,009f|0303|http/1.1|ff01-0000-0001-0010-0017,c013|0303||ff01-0000-0001-000b-0017,c013|0303||ff01-0000-0001-000b-0017,|||,1302|0303||002b-0033,1303|0303||002b-0033,|||,|||
115.195.72.25,115.195.72.25,00000000000000000000000000000000000000000000000000000000000000,|||,|||,|||,|||,|||,|||,|||,|||,|||,|||
142.93.156.39,142.93.156.39,00000000000000000000000000000000000000000000000000000000000000,|||,|||,|||,|||,|||,|||,|||,|||,|||,|||
114.55.55.167,114.55.55.167,00000000000000000000000000000000000000000000000000000000000000,|||,|||,|||,|||,|||,|||,|||,|||,|||,|||
114.67.232.137,114.67.232.137,00000000000000000000000000000000000000000000000000000000000000,|||,|||,|||,|||,|||,|||,|||,|||,|||,|||
114.67.96.235,114.67.96.235,00000000000000000000000000000000000000000000000000000000000000,|||,|||,|||,|||,|||,|||,|||,|||,|||,|||
143.131.195.238,143.131.195.238,00000000000000000000000000000000000000000000000000000000000000,|||,|||,|||,|||,|||,|||,|||,|||,|||,|||
142.93.181.219,142.93.181.219,00000000000000000000000000000000000000000000000000000000000000,|||,|||,|||,|||,|||,|||,|||,|||,|||,|||
137.184.176.21,137.184.176.21,00000000000000000000000000000000000000000000000000000000000000,|||,|||,|||,|||,|||,|||,|||,|||,|||,|||
114.55.32.8,114.55.32.8,00000000000000000000000000000000000000000000000000000000000000,|||,|||,|||,|||,|||,|||,|||,|||,|||,|||
114.67.233.233,114.67.233.233,00000000000000000000000000000000000000000000000000000000000000,|||,|||,|||,|||,|||,|||,|||,|||,|||,|||
141.212.123.213,141.212.123.213,00000000000000000000000000000000000000000000000000000000000000,|||,|||,|||,|||,|||,|||,|||,|||,|||,|||
139.224.147.77,139.224.147.77,00000000000000000000000000000000000000000000000000000000000000,|||,|||,|||,|||,|||,|||,|||,|||,|||,|||
139.186.152.226,139.186.152.226,00000000000000000000000000000000000000000000000000000000000000,|||,|||,|||,|||,|||,|||,|||,|||,|||,|||
141.212.123.214,141.212.123.214,00000000000000000000000000000000000000000000000000000000000000,|||,|||,|||,|||,|||,|||,|||,|||,|||,|||
141.212.123.212,141.212.123.212,00000000000000000000000000000000000000000000000000000000000000,|||,|||,|||,|||,|||,|||,|||,|||,|||,|||
114.96.82.143,114.96.82.143,00000000000000000000000000000000000000000000000000000000000000,|||,|||,|||,|||,|||,|||,|||,|||,|||,|||
114.92.244.185,114.92.244.185,00000000000000000000000000000000000000000000000000000000000000,|||,|||,|||,|||,|||,|||,|||,|||,|||,|||
114.96.90.37,114.96.90.37,00000000000000000000000000000000000000000000000000000000000000,|||,|||,|||,|||,|||,|||,|||,|||,|||,|||
139.224.66.42,139.224.66.42,00000000000000000000000000000000000000000000000000000000000000,|||,|||,|||,|||,|||,|||,|||,|||,|||,|||
115.151.106.114,115.151.106.114,00000000000000000000000000000000000000000000000000000000000000,|||,|||,|||,|||,|||,|||,|||,|||,|||,|||
114.98.225.80,114.98.225.80,00000000000000000000000000000000000000000000000000000000000000,|||,|||,|||,|||,|||,|||,|||,|||,|||,|||
115.133.115.6,115.133.115.6,00000000000000000000000000000000000000000000000000000000000000,|||,|||,|||,|||,|||,|||,|||,|||,|||,|||
114.95.200.148,114.95.200.148,00000000000000000000000000000000000000000000000000000000000000,|||,|||,|||,|||,|||,|||,|||,|||,|||,|||
141.212.123.205,141.212.123.205,00000000000000000000000000000000000000000000000000000000000000,|||,|||,|||,|||,|||,|||,|||,|||,|||,|||
115.186.191.26,115.186.191.26,00000000000000000000000000000000000000000000000000000000000000,|||,|||,|||,|||,|||,|||,|||,|||,|||,|||
142.93.156.10,142.93.156.10,00000000000000000000000000000000000000000000000000000000000000,|||,|||,|||,|||,|||,|||,|||,|||,|||,|||
114.99.54.98,114.99.54.98,00000000000000000000000000000000000000000000000000000000000000,|||,|||,|||,|||,|||,|||,|||,|||,|||,|||
141.212.123.208,141.212.123.208,00000000000000000000000000000000000000000000000000000000000000,|||,|||,|||,|||,|||,|||,|||,|||,|||,|||
139.186.197.203,139.186.197.203,00000000000000000000000000000000000000000000000000000000000000,|||,|||,|||,|||,|||,|||,|||,|||,|||,|||
142.93.233.115,142.93.233.115,2ad2ad16d2ad2ad22c2ad2ad2ad2adc110bab2c0a19e5d4e587c17ce497b15,c030|0303|http/1.1|ff01-0001-000b-0023-0010-0017,c030|0303|http/1.1|ff01-0001-000b-0023-0010-0017,009f|0303|http/1.1|ff01-0001-0023-0010-0017,c030|0303||ff01-0001-000b-0023-0017,c030|0303||ff01-0001-000b-0023-0017,c014|0302|http/1.1|ff01-0001-000b-0023-0010-0017,c030|0303|http/1.1|ff01-0001-000b-0023-0010-0017,c030|0303|http/1.1|ff01-0001-000b-0023-0010-0017,c030|0303|http/1.1|ff01-0001-000b-0023-0010-0017,c030|0303|http/1.1|ff01-0001-000b-0023-0010-0017
115.148.110.99,115.148.110.99,00000000000000000000000000000000000000000000000000000000000000,|||,|||,|||,|||,|||,|||,|||,|||,|||,|||
142.93.112.39,142.93.112.39,00000000000000000000000000000000000000000000000000000000000000,|||,|||,|||,|||,|||,|||,|||,|||,|||,|||
114.96.113.14,114.96.113.14,00000000000000000000000000000000000000000000000000000000000000,|||,|||,|||,|||,|||,|||,|||,|||,|||,|||
114.86.146.177,114.86.146.177,00000000000000000000000000000000000000000000000000000000000000,|||,|||,|||,|||,|||,|||,|||,|||,|||,|||
115.201.82.139,115.201.82.139,00000000000000000000000000000000000000000000000000000000000000,|||,|||,|||,|||,|||,|||,|||,|||,|||,|||
142.93.156.43,142.93.156.43,00000000000000000000000000000000000000000000000000000000000000,|||,|||,|||,|||,|||,|||,|||,|||,|||,|||
114.95.172.209,114.95.172.209,00000000000000000000000000000000000000000000000000000000000000,|||,|||,|||,|||,|||,|||,|||,|||,|||,|||
114.99.63.115,114.99.63.115,00000000000000000000000000000000000000000000000000000000000000,|||,|||,|||,|||,|||,|||,|||,|||,|||,|||
129.211.86.206,129.211.86.206,00000000000000000000000000000000000000000000000000000000000000,|||,|||,|||,|||,|||,|||,|||,|||,|||,|||
114.99.121.248,114.99.121.248,00000000000000000000000000000000000000000000000000000000000000,|||,|||,|||,|||,|||,|||,|||,|||,|||,|||
114.35.200.184,114.35.200.184,00000000000000000000000000000000000000000000000000000000000000,|||,|||,|||,|||,|||,|||,|||,|||,|||,|||
115.159.200.76,115.159.200.76,00000000000000000000000000000000000000000000000000000000000000,|||,|||,|||,|||,|||,|||,|||,|||,|||,|||
115.124.85.133,115.124.85.133,00000000000000000000000000000000000000000000000000000000000000,|||,|||,|||,|||,|||,|||,|||,|||,|||,|||
134.122.134.137,134.122.134.137,00000000000000000000000000000000000000000000000000000000000000,|||,|||,|||,|||,|||,|||,|||,|||,|||,|||
142.44.142.226,142.44.142.226,00000000000000000000000000000000000000000000000000000000000000,|||,|||,|||,|||,|||,|||,|||,|||,|||,|||
142.93.152.218,142.93.152.218,00000000000000000000000000000000000000000000000000000000000000,|||,|||,|||,|||,|||,|||,|||,|||,|||,|||
115.236.61.163,115.236.61.163,00000000000000000000000000000000000000000000000000000000000000,|||,|||,|||,|||,|||,|||,|||,|||,|||,|||
115.199.111.108,115.199.111.108,00000000000000000000000000000000000000000000000000000000000000,|||,|||,|||,|||,|||,|||,|||,|||,|||,|||
115.213.59.94,115.213.59.94,00000000000000000000000000000000000000000000000000000000000000,|||,|||,|||,|||,|||,|||,|||,|||,|||,|||
115.186.191.24,115.186.191.24,00000000000000000000000000000000000000000000000000000000000000,|||,|||,|||,|||,|||,|||,|||,|||,|||,|||
115.187.48.174,115.187.48.174,00000000000000000000000000000000000000000000000000000000000000,|||,|||,|||,|||,|||,|||,|||,|||,|||,|||
115.171.59.229,115.171.59.229,00000000000000000000000000000000000000000000000000000000000000,|||,|||,|||,|||,|||,|||,|||,|||,|||,|||
141.212.123.210,141.212.123.210,00000000000000000000000000000000000000000000000000000000000000,|||,|||,|||,|||,|||,|||,|||,|||,|||,|||
115.163.139.109,115.163.139.109,00000000000000000000000000000000000000000000000000000000000000,|||,|||,|||,|||,|||,|||,|||,|||,|||,|||
139.59.112.157,139.59.112.157,00000000000000000000000000000000000000000000000000000000000000,|||,|||,|||,|||,|||,|||,|||,|||,|||,|||
115.159.159.87,115.159.159.87,00000000000000000000000000000000000000000000000000000000000000,|||,|||,|||,|||,|||,|||,|||,|||,|||,|||
115.214.232.26,115.214.232.26,00000000000000000000000000000000000000000000000000000000000000,|||,|||,|||,|||,|||,|||,|||,|||,|||,|||
115.218.36.6,115.218.36.6,00000000000000000000000000000000000000000000000000000000000000,|||,|||,|||,|||,|||,|||,|||,|||,|||,|||
114.96.73.0,114.96.73.0,00000000000000000000000000000000000000000000000000000000000000,|||,|||,|||,|||,|||,|||,|||,|||,|||,|||
115.215.106.189,115.215.106.189,00000000000000000000000000000000000000000000000000000000000000,|||,|||,|||,|||,|||,|||,|||,|||,|||,|||
115.214.223.141,115.214.223.141,00000000000000000000000000000000000000000000000000000000000000,|||,|||,|||,|||,|||,|||,|||,|||,|||,|||
115.212.164.142,115.212.164.142,00000000000000000000000000000000000000000000000000000000000000,|||,|||,|||,|||,|||,|||,|||,|||,|||,|||
115.227.105.59,115.227.105.59,00000000000000000000000000000000000000000000000000000000000000,|||,|||,|||,|||,|||,|||,|||,|||,|||,|||
139.196.188.137,139.196.188.137,00000000000000000000000000000000000000000000000000000000000000,|||,|||,|||,|||,|||,|||,|||,|||,|||,|||
134.122.134.136,134.122.134.136,00000000000000000000000000000000000000000000000000000000000000,|||,|||,|||,|||,|||,|||,|||,|||,|||,|||
115.195.182.254,115.195.182.254,00000000000000000000000000000000000000000000000000000000000000,|||,|||,|||,|||,|||,|||,|||,|||,|||,|||
115.220.3.175,115.220.3.175,00000000000000000000000000000000000000000000000000000000000000,|||,|||,|||,|||,|||,|||,|||,|||,|||,|||
115.230.175.188,115.230.175.188,00000000000000000000000000000000000000000000000000000000000000,|||,|||,|||,|||,|||,|||,|||,|||,|||,|||
115.199.111.59,115.199.111.59,00000000000000000000000000000000000000000000000000000000000000,|||,|||,|||,|||,|||,|||,|||,|||,|||,|||
115.221.118.241,115.221.118.241,00000000000000000000000000000000000000000000000000000000000000,|||,|||,|||,|||,|||,|||,|||,|||,|||,|||
115.238.62.154,115.238.62.154,00000000000000000000000000000000000000000000000000000000000000,|||,|||,|||,|||,|||,|||,|||,|||,|||,|||
115.238.88.114,115.238.88.114,00000000000000000000000000000000000000000000000000000000000000,|||,|||,|||,|||,|||,|||,|||,|||,|||,|||
115.133.17.37,115.133.17.37,00000000000000000000000000000000000000000000000000000000000000,|||,|||,|||,|||,|||,|||,|||,|||,|||,|||
115.230.208.121,115.230.208.121,00000000000000000000000000000000000000000000000000000000000000,|||,|||,|||,|||,|||,|||,|||,|||,|||,|||
142.93.77.10,142.93.77.10,00000000000000000000000000000000000000000000000000000000000000,|||,|||,|||,|||,|||,|||,|||,|||,|||,|||
115.152.236.100,115.152.236.100,00000000000000000000000000000000000000000000000000000000000000,|||,|||,|||,|||,|||,|||,|||,|||,|||,|||
139.59.100.85,139.59.100.85,00000000000000000000000000000000000000000000000000000000000000,|||,|||,|||,|||,|||,|||,|||,|||,|||,|||
143.110.210.200,143.110.210.200,00000000000000000000000000000000000000000000000000000000000000,|||,|||,|||,|||,|||,|||,|||,|||,|||,|||
139.216.102.151,139.216.102.151,00000000000000000000000000000000000000000000000000000000000000,|||,|||,|||,|||,|||,|||,|||,|||,|||,|||
139.59.114.92,139.59.114.92,00000000000000000000000000000000000000000000000000000000000000,|||,|||,|||,|||,|||,|||,|||,|||,|||,|||
140.207.32.70,140.207.32.70,00000000000000000000000000000000000000000000000000000000000000,|||,|||,|||,|||,|||,|||,|||,|||,|||,|||
139.59.252.180,139.59.252.180,00000000000000000000000000000000000000000000000000000000000000,|||,|||,|||,|||,|||,|||,|||,|||,|||,|||
115.202.203.77,115.202.203.77,00000000000000000000000000000000000000000000000000000000000000,|||,|||,|||,|||,|||,|||,|||,|||,|||,|||
115.29.164.63,115.29.164.63,00000000000000000000000000000000000000000000000000000000000000,|||,|||,|||,|||,|||,|||,|||,|||,|||,|||
146.0.32.239,146.0.32.239,00000000000000000000000000000000000000000000000000000000000000,|||,|||,|||,|||,|||,|||,|||,|||,|||,|||
142.93.48.117,142.93.48.117,00000000000000000000000000000000000000000000000000000000000000,|||,|||,|||,|||,|||,|||,|||,|||,|||,|||
143.110.208.151,143.110.208.151,00000000000000000000000000000000000000000000000000000000000000,|||,|||,|||,|||,|||,|||,|||,|||,|||,|||
115.227.114.231,115.227.114.231,00000000000000000000000000000000000000000000000000000000000000,|||,|||,|||,|||,|||,|||,|||,|||,|||,|||
143.110.221.42,143.110.221.42,00000000000000000000000000000000000000000000000000000000000000,|||,|||,|||,|||,|||,|||,|||,|||,|||,|||
142.93.152.16,142.93.152.16,00000000000000000000000000000000000000000000000000000000000000,|||,|||,|||,|||,|||,|||,|||,|||,|||,|||
143.110.216.138,143.110.216.138,00000000000000000000000000000000000000000000000000000000000000,|||,|||,|||,|||,|||,|||,|||,|||,|||,|||
139.59.4.68,139.59.4.68,00000000000000000000000000000000000000000000000000000000000000,|||,|||,|||,|||,|||,|||,|||,|||,|||,|||
139.59.126.135,139.59.126.135,00000000000000000000000000000000000000000000000000000000000000,|||,|||,|||,|||,|||,|||,|||,|||,|||,|||
115.193.167.137,115.193.167.137,00000000000000000000000000000000000000000000000000000000000000,|||,|||,|||,|||,|||,|||,|||,|||,|||,|||
143.110.216.60,143.110.216.60,00000000000000000000000000000000000000000000000000000000000000,|||,|||,|||,|||,|||,|||,|||,|||,|||,|||
116.130.175.146,116.130.175.146,00000000000000000000000000000000000000000000000000000000000000,|||,|||,|||,|||,|||,|||,|||,|||,|||,|||
115.238.107.82,115.238.107.82,00000000000000000000000000000000000000000000000000000000000000,|||,|||,|||,|||,|||,|||,|||,|||,|||,|||
115.29.187.202,115.29.187.202,00000000000000000000000000000000000000000000000000000000000000,|||,|||,|||,|||,|||,|||,|||,|||,|||,|||
116.113.238.218,116.113.238.218,00000000000000000000000000000000000000000000000000000000000000,|||,|||,|||,|||,|||,|||,|||,|||,|||,|||
115.51.3.67,115.51.3.67,00000000000000000000000000000000000000000000000000000000000000,|||,|||,|||,|||,|||,|||,|||,|||,|||,|||
115.29.204.3,115.29.204.3,00000000000000000000000000000000000000000000000000000000000000,|||,|||,|||,|||,|||,|||,|||,|||,|||,|||
115.45.81.26,115.45.81.26,00000000000000000000000000000000000000000000000000000000000000,|||,|||,|||,|||,|||,|||,|||,|||,|||,|||
115.231.0.56,115.231.0.56,00000000000000000000000000000000000000000000000000000000000000,|||,|||,|||,|||,|||,|||,|||,|||,|||,|||
116.196.102.218,116.196.102.218,00000000000000000000000000000000000000000000000000000000000000,|||,|||,|||,|||,|||,|||,|||,|||,|||,|||
116.11.99.81,116.11.99.81,00000000000000000000000000000000000000000000000000000000000000,|||,|||,|||,|||,|||,|||,|||,|||,|||,|||
115.206.159.190,115.206.159.190,00000000000000000000000000000000000000000000000000000000000000,|||,|||,|||,|||,|||,|||,|||,|||,|||,|||
115.230.172.234,115.230.172.234,00000000000000000000000000000000000000000000000000000000000000,|||,|||,|||,|||,|||,|||,|||,|||,|||,|||
138.118.56.22,138.118.56.22,15d2ad16d29d29d09c15d2ad15d29def69dabf1e0945f1582f67294f1f713f,009e|0303||ff01-0023,c030|0303||ff01-000b-0023,009f|0303||ff01-0023,c02f|0303||ff01-000b-0023,c02f|0303||ff01-000b-0023,0039|0302||ff01-0023,009e|0303||ff01-0023,c030|0303||ff01-000b-0023,009e|0303||ff01-0023,c02f|0303||ff01-000b-0023
115.218.37.140,115.218.37.140,00000000000000000000000000000000000000000000000000000000000000,|||,|||,|||,|||,|||,|||,|||,|||,|||,|||
145.239.66.137,145.239.66.137,00000000000000000000000000000000000000000000000000000000000000,|||,|||,|||,|||,|||,|||,|||,|||,|||,|||
114.92.171.180,114.92.171.180,00000000000000000000000000000000000000000000000000000000000000,|||,|||,|||,|||,|||,|||,|||,|||,|||,|||
115.31.125.105,115.31.125.105,00000000000000000000000000000000000000000000000000000000000000,|||,|||,|||,|||,|||,|||,|||,|||,|||,|||
115.227.207.253,115.227.207.253,00000000000000000000000000000000000000000000000000000000000000,|||,|||,|||,|||,|||,|||,|||,|||,|||,|||
115.53.48.240,115.53.48.240,00000000000000000000000000000000000000000000000000000000000000,|||,|||,|||,|||,|||,|||,|||,|||,|||,|||
115.62.157.188,115.62.157.188,00000000000000000000000000000000000000000000000000000000000000,|||,|||,|||,|||,|||,|||,|||,|||,|||,|||
116.139.238.134,116.139.238.134,00000000000000000000000000000000000000000000000000000000000000,|||,|||,|||,|||,|||,|||,|||,|||,|||,|||
116.110.10.92,116.110.10.92,00000000000000000000000000000000000000000000000000000000000000,|||,|||,|||,|||,|||,|||,|||,|||,|||,|||
116.236.229.146,116.236.229.146,00000000000000000000000000000000000000000000000000000000000000,|||,|||,|||,|||,|||,|||,|||,|||,|||,|||
116.110.26.62,116.110.26.62,00000000000000000000000000000000000000000000000000000000000000,|||,|||,|||,|||,|||,|||,|||,|||,|||,|||
116.116.224.80,116.116.224.80,00000000000000000000000000000000000000000000000000000000000000,|||,|||,|||,|||,|||,|||,|||,|||,|||,|||
139.9.122.113,139.9.122.113,00000000000000000000000000000000000000000000000000000000000000,|||,|||,|||,|||,|||,|||,|||,|||,|||,|||
116.113.168.126,116.113.168.126,00000000000000000000000000000000000000000000000000000000000000,|||,|||,|||,|||,|||,|||,|||,|||,|||,|||
143.198.182.36,143.198.182.36,00000000000000000000000000000000000000000000000000000000000000,|||,|||,|||,|||,|||,|||,|||,|||,|||,|||
115.79.31.56,115.79.31.56,00000000000000000000000000000000000000000000000000000000000000,|||,|||,|||,|||,|||,|||,|||,|||,|||,|||
116.107.248.38,116.107.248.38,00000000000000000000000000000000000000000000000000000000000000,|||,|||,|||,|||,|||,|||,|||,|||,|||,|||
116.115.108.171,116.115.108.171,00000000000000000000000000000000000000000000000000000000000000,|||,|||,|||,|||,|||,|||,|||,|||,|||,|||
116.124.183.152,116.124.183.152,00000000000000000000000000000000000000000000000000000000000000,|||,|||,|||,|||,|||,|||,|||,|||,|||,|||
138.68.129.233,138.68.129.233,00000000000000000000000000000000000000000000000000000000000000,|||,|||,|||,|||,|||,|||,|||,|||,|||,|||
116.24.152.66,116.24.152.66,00000000000000000000000000000000000000000000000000000000000000,|||,|||,|||,|||,|||,|||,|||,|||,|||,|||
139.59.56.151,139.59.56.151,00000000000000000000000000000000000000000000000000000000000000,|||,|||,|||,|||,|||,|||,|||,|||,|||,|||
116.130.30.214,116.130.30.214,00000000000000000000000000000000000000000000000000000000000000,|||,|||,|||,|||,|||,|||,|||,|||,|||,|||
143.198.171.96,143.198.171.96,00000000000000000000000000000000000000000000000000000000000000,|||,|||,|||,|||,|||,|||,|||,|||,|||,|||
115.52.23.201,115.52.23.201,00000000000000000000000000000000000000000000000000000000000000,|||,|||,|||,|||,|||,|||,|||,|||,|||,|||
142.93.186.120,142.93.186.120,00000000000000000000000000000000000000000000000000000000000000,|||,|||,|||,|||,|||,|||,|||,|||,|||,|||
116.163.2.92,116.163.2.92,00000000000000000000000000000000000000000000000000000000000000,|||,|||,|||,|||,|||,|||,|||,|||,|||,|||
144.76.4.163,144.76.4.163,00000000000000000000000000000000000000000000000000000000000000,|||,|||,|||,|||,|||,|||,|||,|||,|||,|||
123.110.164.117,123.110.164.117,04b02b00004b04b04b04b02b04b04b9674c6b4e623ae36cc2d998e99e2262e,000a|0301||ff01-0023,0005|0301||ff01-0023,|||,000a|0301||ff01-0023,000a|0301||ff01-0023,000a|0301||ff01-0023,000a|0301||ff01-0023,0005|0301||ff01-0023,000a|0301||ff01-0023,000a|0301||ff01-0023
146.19.253.13,146.19.253.13,00000000000000000000000000000000000000000000000000000000000000,|||,|||,|||,|||,|||,|||,|||,|||,|||,|||
116.162.55.19,116.162.55.19,00000000000000000000000000000000000000000000000000000000000000,|||,|||,|||,|||,|||,|||,|||,|||,|||,|||
144.24.173.135,144.24.173.135,00000000000000000000000000000000000000000000000000000000000000,|||,|||,|||,|||,|||,|||,|||,|||,|||,|||
139.196.123.108,139.196.123.108,00000000000000000000000000000000000000000000000000000000000000,|||,|||,|||,|||,|||,|||,|||,|||,|||,|||
116.182.13.191,116.182.13.191,00000000000000000000000000000000000000000000000000000000000000,|||,|||,|||,|||,|||,|||,|||,|||,|||,|||
139.59.8.10,139.59.8.10,00000000000000000000000000000000000000000000000000000000000000,|||,|||,|||,|||,|||,|||,|||,|||,|||,|||
116.249.209.68,116.249.209.68,00000000000000000000000000000000000000000000000000000000000000,|||,|||,|||,|||,|||,|||,|||,|||,|||,|||
116.14.23.14,116.14.23.14,00000000000000000000000000000000000000000000000000000000000000,|||,|||,|||,|||,|||,|||,|||,|||,|||,|||
116.236.34.242,116.236.34.242,00000000000000000000000000000000000000000000000000000000000000,|||,|||,|||,|||,|||,|||,|||,|||,|||,|||
138.68.9.83,138.68.9.83,2ad2ad0002ad2ad22c2ad2ad2ad2ad61178e2295aff621c4f2465a23c4364f,c030|0303|h2|ff01-000b-0023-0010,c030|0303|h2|ff01-000b-0023-0010,|||,c030|0303||ff01-000b-0023,c030|0303||ff01-000b-0023,c014|0302|h2|ff01-000b-0023-0010,c030|0303|h2|ff01-000b-0023-0010,c030|0303|h2|ff01-000b-0023-0010,c030|0303|h2|ff01-000b-0023-0010,c030|0303|h2|ff01-000b-0023-0010
116.52.81.228,116.52.81.228,00000000000000000000000000000000000000000000000000000000000000,|||,|||,|||,|||,|||,|||,|||,|||,|||,|||
116.139.242.19,116.139.242.19,00000000000000000000000000000000000000000000000000000000000000,|||,|||,|||,|||,|||,|||,|||,|||,|||,|||
116.178.40.244,116.178.40.244,00000000000000000000000000000000000000000000000000000000000000,|||,|||,|||,|||,|||,|||,|||,|||,|||,|||
116.24.89.184,116.24.89.184,00000000000000000000000000000000000000000000000000000000000000,|||,|||,|||,|||,|||,|||,|||,|||,|||,|||
116.228.84.22,116.228.84.22,00000000000000000000000000000000000000000000000000000000000000,|||,|||,|||,|||,|||,|||,|||,|||,|||,|||
116.249.125.231,116.249.125.231,00000000000000000000000000000000000000000000000000000000000000,|||,|||,|||,|||,|||,|||,|||,|||,|||,|||
116.232.25.181,116.232.25.181,00000000000000000000000000000000000000000000000000000000000000,|||,|||,|||,|||,|||,|||,|||,|||,|||,|||
143.198.178.103,143.198.178.103,00000000000000000000000000000000000000000000000000000000000000,|||,|||,|||,|||,|||,|||,|||,|||,|||,|||
116.29.89.14,116.29.89.14,00000000000000000000000000000000000000000000000000000000000000,|||,|||,|||,|||,|||,|||,|||,|||,|||,|||
116.3.183.14,116.3.183.14,00000000000000000000000000000000000000000000000000000000000000,|||,|||,|||,|||,|||,|||,|||,|||,|||,|||
146.59.184.9,146.59.184.9,00000000000000000000000000000000000000000000000000000000000000,|||,|||,|||,|||,|||,|||,|||,|||,|||,|||
143.110.152.97,143.110.152.97,00000000000000000000000000000000000000000000000000000000000000,|||,|||,|||,|||,|||,|||,|||,|||,|||,|||
146.59.184.4,146.59.184.4,00000000000000000000000000000000000000000000000000000000000000,|||,|||,|||,|||,|||,|||,|||,|||,|||,|||
142.93.147.226,142.93.147.226,00000000000000000000000000000000000000000000000000000000000000,|||,|||,|||,|||,|||,|||,|||,|||,|||,|||
116.248.172.112,116.248.172.112,00000000000000000000000000000000000000000000000000000000000000,|||,|||,|||,|||,|||,|||,|||,|||,|||,|||
116.253.213.242,116.253.213.242,00000000000000000000000000000000000000000000000000000000000000,|||,|||,|||,|||,|||,|||,|||,|||,|||,|||
116.4.97.158,116.4.97.158,00000000000000000000000000000000000000000000000000000000000000,|||,|||,|||,|||,|||,|||,|||,|||,|||,|||
116.3.203.143,116.3.203.143,00000000000000000000000000000000000000000000000000000000000000,|||,|||,|||,|||,|||,|||,|||,|||,|||,|||
142.44.241.30,142.44.241.30,00000000000000000000000000000000000000000000000000000000000000,|||,|||,|||,|||,|||,|||,|||,|||,|||,|||
146.0.32.204,146.0.32.204,29d29d00029d29d21c42d42d000000307ee0eb468e9fdb5cfcd698a80a67ef,c02f|0303|h2|ff01-0000-0001-000b-0023-0010-0017,c02f|0303|h2|ff01-0000-0001-000b-0023-0010-0017,|||,c02f|0303||ff01-0000-0001-000b-0023-0017,c02f|0303||ff01-0000-0001-000b-0023-0017,c013|0302|h2|ff01-0000-0001-000b-0023-0010-0017,1302|0303||002b-0033,1302|0303||002b-0033,|||,|||
144.76.145.231,144.76.145.231,00000000000000000000000000000000000000000000000000000000000000,|||,|||,|||,|||,|||,|||,|||,|||,|||,|||
144.217.24.0,144.217.24.0,00000000000000000000000000000000000000000000000000000000000000,|||,|||,|||,|||,|||,|||,|||,|||,|||,|||
144.217.24.12,144.217.24.12,00000000000000000000000000000000000000000000000000000000000000,|||,|||,|||,|||,|||,|||,|||,|||,|||,|||
143.244.37.130,143.244.37.130,00000000000000000000000000000000000000000000000000000000000000,|||,|||,|||,|||,|||,|||,|||,|||,|||,|||
144.217.24.10,144.217.24.10,00000000000000000000000000000000000000000000000000000000000000,|||,|||,|||,|||,|||,|||,|||,|||,|||,|||
116.52.253.246,116.52.253.246,00000000000000000000000000000000000000000000000000000000000000,|||,|||,|||,|||,|||,|||,|||,|||,|||,|||
116.3.252.16,116.3.252.16,00000000000000000000000000000000000000000000000000000000000000,|||,|||,|||,|||,|||,|||,|||,|||,|||,|||
116.3.252.45,116.3.252.45,00000000000000000000000000000000000000000000000000000000000000,|||,|||,|||,|||,|||,|||,|||,|||,|||,|||
116.49.39.40,116.49.39.40,00000000000000000000000000000000000000000000000000000000000000,|||,|||,|||,|||,|||,|||,|||,|||,|||,|||
116.49.176.153,116.49.176.153,00000000000000000000000000000000000000000000000000000000000000,|||,|||,|||,|||,|||,|||,|||,|||,|||,|||
138.121.44.161,138.121.44.161,00000000000000000000000000000000000000000000000000000000000000,|||,|||,|||,|||,|||,|||,|||,|||,|||,|||
116.117.22.104,116.117.22.104,00000000000000000000000000000000000000000000000000000000000000,|||,|||,|||,|||,|||,|||,|||,|||,|||,|||
116.49.190.123,116.49.190.123,00000000000000000000000000000000000000000000000000000000000000,|||,|||,|||,|||,|||,|||,|||,|||,|||,|||
116.24.152.194,116.24.152.194,00000000000000000000000000000000000000000000000000000000000000,|||,|||,|||,|||,|||,|||,|||,|||,|||,|||
147.135.236.161,147.135.236.161,00000000000000000000000000000000000000000000000000000000000000,|||,|||,|||,|||,|||,|||,|||,|||,|||,|||
146.59.184.12,146.59.184.12,00000000000000000000000000000000000000000000000000000000000000,|||,|||,|||,|||,|||,|||,|||,|||,|||,|||
144.217.24.6,144.217.24.6,00000000000000000000000000000000000000000000000000000000000000,|||,|||,|||,|||,|||,|||,|||,|||,|||,|||
144.172.70.83,144.172.70.83,00000000000000000000000000000000000000000000000000000000000000,|||,|||,|||,|||,|||,|||,|||,|||,|||,|||
146.59.184.15,146.59.184.15,00000000000000000000000000000000000000000000000000000000000000,|||,|||,|||,|||,|||,|||,|||,|||,|||,|||
146.59.184.10,146.59.184.10,00000000000000000000000000000000000000000000000000000000000000,|||,|||,|||,|||,|||,|||,|||,|||,|||,|||
116.62.165.118,116.62.165.118,00000000000000000000000000000000000000000000000000000000000000,|||,|||,|||,|||,|||,|||,|||,|||,|||,|||
144.217.24.13,144.217.24.13,00000000000000000000000000000000000000000000000000000000000000,|||,|||,|||,|||,|||,|||,|||,|||,|||,|||
140.238.60.195,140.238.60.195,00000000000000000000000000000000000000000000000000000000000000,|||,|||,|||,|||,|||,|||,|||,|||,|||,|||
116.30.199.20,116.30.199.20,00000000000000000000000000000000000000000000000000000000000000,|||,|||,|||,|||,|||,|||,|||,|||,|||,|||
143.198.101.35,143.198.101.35,00000000000000000000000000000000000000000000000000000000000000,|||,|||,|||,|||,|||,|||,|||,|||,|||,|||
146.59.184.2,146.59.184.2,00000000000000000000000000000000000000000000000000000000000000,|||,|||,|||,|||,|||,|||,|||,|||,|||,|||
143.198.105.221,143.198.105.221,00000000000000000000000000000000000000000000000000000000000000,|||,|||,|||,|||,|||,|||,|||,|||,|||,|||
116.252.80.132,116.252.80.132,00000000000000000000000000000000000000000000000000000000000000,|||,|||,|||,|||,|||,|||,|||,|||,|||,|||
116.30.123.159,116.30.123.159,00000000000000000000000000000000000000000000000000000000000000,|||,|||,|||,|||,|||,|||,|||,|||,|||,|||
116.255.130.5,116.255.130.5,00000000000000000000000000000000000000000000000000000000000000,|||,|||,|||,|||,|||,|||,|||,|||,|||,|||
116.24.153.250,116.24.153.250,00000000000000000000000000000000000000000000000000000000000000,|||,|||,|||,|||,|||,|||,|||,|||,|||,|||
146.59.184.1,146.59.184.1,00000000000000000000000000000000000000000000000000000000000000,|||,|||,|||,|||,|||,|||,|||,|||,|||,|||
146.59.184.6,146.59.184.6,00000000000000000000000000000000000000000000000000000000000000,|||,|||,|||,|||,|||,|||,|||,|||,|||,|||
116.52.25.231,116.52.25.231,00000000000000000000000000000000000000000000000000000000000000,|||,|||,|||,|||,|||,|||,|||,|||,|||,|||
146.59.184.0,146.59.184.0,00000000000000000000000000000000000000000000000000000000000000,|||,|||,|||,|||,|||,|||,|||,|||,|||,|||
143.110.224.28,143.110.224.28,00000000000000000000000000000000000000000000000000000000000000,|||,|||,|||,|||,|||,|||,|||,|||,|||,|||
146.70.81.247,146.70.81.247,29d29d00029d29d00041d29d29d41dc347a1c956987fa29fb299da896c61ea,c02f|0303|h2|0023-ff01-0010-000b,c02f|0303|h2|0023-ff01-0010-000b,|||,c02f|0303||0023-ff01-000b,c02f|0303||0023-ff01-000b,|||,1301|0303||002b-0033,c02f|0303|h2|0023-ff01-0010-000b,c02f|0303|h2|0023-ff01-0010-000b,1301|0303||002b-0033
139.224.197.132,139.224.197.132,00000000000000000000000000000000000000000000000000000000000000,|||,|||,|||,|||,|||,|||,|||,|||,|||,|||
116.62.232.66,116.62.232.66,00000000000000000000000000000000000000000000000000000000000000,|||,|||,|||,|||,|||,|||,|||,|||,|||,|||
116.55.44.183,116.55.44.183,00000000000000000000000000000000000000000000000000000000000000,|||,|||,|||,|||,|||,|||,|||,|||,|||,|||
116.206.94.241,116.206.94.241,00000000000000000000000000000000000000000000000000000000000000,|||,|||,|||,|||,|||,|||,|||,|||,|||,|||
116.252.80.130,116.252.80.130,00000000000000000000000000000000000000000000000000000000000000,|||,|||,|||,|||,|||,|||,|||,|||,|||,|||
116.62.247.63,116.62.247.63,00000000000000000000000000000000000000000000000000000000000000,|||,|||,|||,|||,|||,|||,|||,|||,|||,|||
116.252.204.232,116.252.204.232,00000000000000000000000000000000000000000000000000000000000000,|||,|||,|||,|||,|||,|||,|||,|||,|||,|||
143.198.108.153,143.198.108.153,00000000000000000000000000000000000000000000000000000000000000,|||,|||,|||,|||,|||,|||,|||,|||,|||,|||
116.55.44.191,116.55.44.191,00000000000000000000000000000000000000000000000000000000000000,|||,|||,|||,|||,|||,|||,|||,|||,|||,|||
144.217.24.1,144.217.24.1,00000000000000000000000000000000000000000000000000000000000000,|||,|||,|||,|||,|||,|||,|||,|||,|||,|||
116.53.186.243,116.53.186.243,00000000000000000000000000000000000000000000000000000000000000,|||,|||,|||,|||,|||,|||,|||,|||,|||,|||
116.76.121.121,116.76.121.121,00000000000000000000000000000000000000000000000000000000000000,|||,|||,|||,|||,|||,|||,|||,|||,|||,|||
146.59.232.58,146.59.232.58,00000000000000000000000000000000000000000000000000000000000000,|||,|||,|||,|||,|||,|||,|||,|||,|||,|||
116.7.18.220,116.7.18.220,00000000000000000000000000000000000000000000000000000000000000,|||,|||,|||,|||,|||,|||,|||,|||,|||,|||
147.135.236.167,147.135.236.167,00000000000000000000000000000000000000000000000000000000000000,|||,|||,|||,|||,|||,|||,|||,|||,|||,|||
146.59.184.7,146.59.184.7,00000000000000000000000000000000000000000000000000000000000000,|||,|||,|||,|||,|||,|||,|||,|||,|||,|||
116.252.204.219,116.252.204.219,00000000000000000000000000000000000000000000000000000000000000,|||,|||,|||,|||,|||,|||,|||,|||,|||,|||
147.135.236.162,147.135.236.162,00000000000000000000000000000000000000000000000000000000000000,|||,|||,|||,|||,|||,|||,|||,|||,|||,|||
143.198.143.174,143.198.143.174,00000000000000000000000000000000000000000000000000000000000000,|||,|||,|||,|||,|||,|||,|||,|||,|||,|||
116.62.235.163,116.62.235.163,00000000000000000000000000000000000000000000000000000000000000,|||,|||,|||,|||,|||,|||,|||,|||,|||,|||
116.55.44.69,116.55.44.69,00000000000000000000000000000000000000000000000000000000000000,|||,|||,|||,|||,|||,|||,|||,|||,|||,|||
134.122.134.140,134.122.134.140,00000000000000000000000000000000000000000000000000000000000000,|||,|||,|||,|||,|||,|||,|||,|||,|||,|||
143.244.171.93,143.244.171.93,00000000000000000000000000000000000000000000000000000000000000,|||,|||,|||,|||,|||,|||,|||,|||,|||,|||
116.62.41.100,116.62.41.100,00000000000000000000000000000000000000000000000000000000000000,|||,|||,|||,|||,|||,|||,|||,|||,|||,|||
116.172.130.197,116.172.130.197,00000000000000000000000000000000000000000000000000000000000000,|||,|||,|||,|||,|||,|||,|||,|||,|||,|||
116.203.200.164,116.203.200.164,00000000000000000000000000000000000000000000000000000000000000,|||,|||,|||,|||,|||,|||,|||,|||,|||,|||
143.198.136.88,143.198.136.88,00000000000000000000000000000000000000000000000000000000000000,|||,|||,|||,|||,|||,|||,|||,|||,|||,|||
116.62.161.126,116.62.161.126,00000000000000000000000000000000000000000000000000000000000000,|||,|||,|||,|||,|||,|||,|||,|||,|||,|||
146.19.253.26,146.19.253.26,00000000000000000000000000000000000000000000000000000000000000,|||,|||,|||,|||,|||,|||,|||,|||,|||,|||
143.198.147.223,143.198.147.223,00000000000000000000000000000000000000000000000000000000000000,|||,|||,|||,|||,|||,|||,|||,|||,|||,|||
146.70.81.253,146.70.81.253,29d29d00029d29d00041d29d29d41dc347a1c956987fa29fb299da896c61ea,c02f|0303|h2|0023-ff01-0010-000b,c02f|0303|h2|0023-ff01-0010-000b,|||,c02f|0303||0023-ff01-000b,c02f|0303||0023-ff01-000b,|||,1301|0303||002b-0033,c02f|0303|h2|0023-ff01-0010-000b,c02f|0303|h2|0023-ff01-0010-000b,1301|0303||002b-0033
143.244.154.92,143.244.154.92,00000000000000000000000000000000000000000000000000000000000000,|||,|||,|||,|||,|||,|||,|||,|||,|||,|||
147.135.236.165,147.135.236.165,00000000000000000000000000000000000000000000000000000000000000,|||,|||,|||,|||,|||,|||,|||,|||,|||,|||
116.63.136.143,116.63.136.143,00000000000000000000000000000000000000000000000000000000000000,|||,|||,|||,|||,|||,|||,|||,|||,|||,|||
143.198.151.48,143.198.151.48,00000000000000000000000000000000000000000000000000000000000000,|||,|||,|||,|||,|||,|||,|||,|||,|||,|||
143.198.157.98,143.198.157.98,00000000000000000000000000000000000000000000000000000000000000,|||,|||,|||,|||,|||,|||,|||,|||,|||,|||
116.62.190.16,116.62.190.16,00000000000000000000000000000000000000000000000000000000000000,|||,|||,|||,|||,|||,|||,|||,|||,|||,|||
116.63.186.39,116.63.186.39,00000000000000000000000000000000000000000000000000000000000000,|||,|||,|||,|||,|||,|||,|||,|||,|||,|||
146.59.184.13,146.59.184.13,00000000000000000000000000000000000000000000000000000000000000,|||,|||,|||,|||,|||,|||,|||,|||,|||,|||
116.86.125.223,116.86.125.223,00000000000000000000000000000000000000000000000000000000000000,|||,|||,|||,|||,|||,|||,|||,|||,|||,|||
139.224.50.39,139.224.50.39,00000000000000000000000000000000000000000000000000000000000000,|||,|||,|||,|||,|||,|||,|||,|||,|||,|||
143.244.161.159,143.244.161.159,00000000000000000000000000000000000000000000000000000000000000,|||,|||,|||,|||,|||,|||,|||,|||,|||,|||
117.12.48.98,117.12.48.98,00000000000000000000000000000000000000000000000000000000000000,|||,|||,|||,|||,|||,|||,|||,|||,|||,|||
147.135.236.175,147.135.236.175,00000000000000000000000000000000000000000000000000000000000000,|||,|||,|||,|||,|||,|||,|||,|||,|||,|||
134.175.48.152,134.175.48.152,29d29d20d29d29d22c29d29d29d29df51c60823f963b0fe11deab8efc70b4b,c02f|0303|http/1.1|ff01-000b-0023-0010,c02f|0303|http/1.1|ff01-000b-0023-0010,c012|0303|http/1.1|ff01-000b-0023-0010,c02f|0303||ff01-000b-0023,c02f|0303||ff01-000b-0023,c014|0302|http/1.1|ff01-000b-0023-0010,c02f|0303|http/1.1|ff01-000b-0023-0010,c02f|0303|http/1.1|ff01-000b-0023-0010,c02f|0303|http/1.1|ff01-000b-0023-0010,c02f|0303|http/1.1|ff01-000b-0023-0010
147.135.236.164,147.135.236.164,00000000000000000000000000000000000000000000000000000000000000,|||,|||,|||,|||,|||,|||,|||,|||,|||,|||
116.62.45.79,116.62.45.79,00000000000000000000000000000000000000000000000000000000000000,|||,|||,|||,|||,|||,|||,|||,|||,|||,|||
116.63.147.229,116.63.147.229,00000000000000000000000000000000000000000000000000000000000000,|||,|||,|||,|||,|||,|||,|||,|||,|||,|||
144.217.24.7,144.217.24.7,00000000000000000000000000000000000000000000000000000000000000,|||,|||,|||,|||,|||,|||,|||,|||,|||,|||
143.198.153.227,143.198.153.227,00000000000000000000000000000000000000000000000000000000000000,|||,|||,|||,|||,|||,|||,|||,|||,|||,|||
144.217.24.4,144.217.24.4,00000000000000000000000000000000000000000000000000000000000000,|||,|||,|||,|||,|||,|||,|||,|||,|||,|||
147.135.236.168,147.135.236.168,00000000000000000000000000000000000000000000000000000000000000,|||,|||,|||,|||,|||,|||,|||,|||,|||,|||
142.93.196.188,142.93.196.188,3fd3fd15d3fd3fd21c42d42d0000006f254909a73bf62f6b28507e9fb451b5,cca8|0303|http/1.1|ff01-0001-000b-0023-0010-0017,cca8|0303|http/1.1|ff01-0001-000b-0023-0010-0017,009e|0303|http/1.1|ff01-0001-0023-0010-0017,cca8|0303|http/1.1|ff01-0001-000b-0023-0010-0017,cca8|0303|http/1.1|ff01-0001-000b-0023-0010-0017,c013|0302|http/1.1|ff01-0001-000b-0023-0010-0017,1302|0303||002b-0033,1302|0303||002b-0033,|||,|||
147.135.236.172,147.135.236.172,00000000000000000000000000000000000000000000000000000000000000,|||,|||,|||,|||,|||,|||,|||,|||,|||,|||
116.87.80.233,116.87.80.233,00000000000000000000000000000000000000000000000000000000000000,|||,|||,|||,|||,|||,|||,|||,|||,|||,|||
116.88.81.107,116.88.81.107,00000000000000000000000000000000000000000000000000000000000000,|||,|||,|||,|||,|||,|||,|||,|||,|||,|||
116.89.91.120,116.89.91.120,00000000000000000000000000000000000000000000000000000000000000,|||,|||,|||,|||,|||,|||,|||,|||,|||,|||
143.0.148.141,143.0.148.141,00000000000000000000000000000000000000000000000000000000000000,|||,|||,|||,|||,|||,|||,|||,|||,|||,|||
143.198.225.197,143.198.225.197,00000000000000000000000000000000000000000000000000000000000000,|||,|||,|||,|||,|||,|||,|||,|||,|||,|||
143.198.74.175,143.198.74.175,00000000000000000000000000000000000000000000000000000000000000,|||,|||,|||,|||,|||,|||,|||,|||,|||,|||
144.217.24.2,144.217.24.2,00000000000000000000000000000000000000000000000000000000000000,|||,|||,|||,|||,|||,|||,|||,|||,|||,|||
147.135.236.173,147.135.236.173,00000000000000000000000000000000000000000000000000000000000000,|||,|||,|||,|||,|||,|||,|||,|||,|||,|||
142.93.240.39,142.93.240.39,3fd3fd15d3fd3fd21c42d42d00000078e356c38fb85055d97a8bed930c8956,cca8|0303|h2|ff01-0001-000b-0023-0010-0017,cca8|0303|h2|ff01-0001-000b-0023-0010-0017,009e|0303|h2|ff01-0001-0023-0010-0017,cca8|0303|http/1.1|ff01-0001-000b-0023-0010-0017,cca8|0303|http/1.1|ff01-0001-000b-0023-0010-0017,c013|0302|http/1.1|ff01-0001-000b-0023-0010-0017,1302|0303||002b-0033,1302|0303||002b-0033,|||,|||
117.158.169.104,117.158.169.104,00000000000000000000000000000000000000000000000000000000000000,|||,|||,|||,|||,|||,|||,|||,|||,|||,|||
117.13.70.47,117.13.70.47,00000000000000000000000000000000000000000000000000000000000000,|||,|||,|||,|||,|||,|||,|||,|||,|||,|||
117.131.227.130,117.131.227.130,00000000000000000000000000000000000000000000000000000000000000,|||,|||,|||,|||,|||,|||,|||,|||,|||,|||
116.62.238.215,116.62.238.215,00000000000000000000000000000000000000000000000000000000000000,|||,|||,|||,|||,|||,|||,|||,|||,|||,|||
116.9.141.30,116.9.141.30,00000000000000000000000000000000000000000000000000000000000000,|||,|||,|||,|||,|||,|||,|||,|||,|||,|||
117.141.206.14,117.141.206.14,00000000000000000000000000000000000000000000000000000000000000,|||,|||,|||,|||,|||,|||,|||,|||,|||,|||
146.59.231.213,146.59.231.213,29d29d00029d29d00042d42d000000591965a32830c32b3ad57d4bfd247359,c02f|0303|http/1.1|ff01-0001-000b-0023-0010-0017,c02f|0303|http/1.1|ff01-0001-000b-0023-0010-0017,|||,c02f|0303||ff01-0001-000b-0023-0017,c02f|0303||ff01-0001-000b-0023-0017,|||,1302|0303||002b-0033,1302|0303||002b-0033,|||,|||
117.114.175.67,117.114.175.67,00000000000000000000000000000000000000000000000000000000000000,|||,|||,|||,|||,|||,|||,|||,|||,|||,|||
117.141.230.10,117.141.230.10,00000000000000000000000000000000000000000000000000000000000000,|||,|||,|||,|||,|||,|||,|||,|||,|||,|||
117.107.163.244,117.107.163.244,00000000000000000000000000000000000000000000000000000000000000,|||,|||,|||,|||,|||,|||,|||,|||,|||,|||
116.97.104.126,116.97.104.126,00000000000000000000000000000000000000000000000000000000000000,|||,|||,|||,|||,|||,|||,|||,|||,|||,|||
116.72.242.250,116.72.242.250,00000000000000000000000000000000000000000000000000000000000000,|||,|||,|||,|||,|||,|||,|||,|||,|||,|||
117.146.54.184,117.146.54.184,00000000000000000000000000000000000000000000000000000000000000,|||,|||,|||,|||,|||,|||,|||,|||,|||,|||
143.59.111.26,143.59.111.26,00000000000000000000000000000000000000000000000000000000000000,|||,|||,|||,|||,|||,|||,|||,|||,|||,|||
117.107.230.105,117.107.230.105,00000000000000000000000000000000000000000000000000000000000000,|||,|||,|||,|||,|||,|||,|||,|||,|||,|||
138.19.73.243,138.19.73.243,05d02d16d04d04d05c05d02d05d04d7991b0b1ad2cbf06082e3b1a9dcaaa8d,0016|0303||0000-ff01-0023,0005|0303||0000-ff01-0023,009f|0303||0000-ff01-0023,000a|0303||0000-ff01-0023,000a|0303||0000-ff01-0023,0016|0302||0000-ff01-0023,0016|0303||0000-ff01-0023,0005|0303||0000-ff01-0023,0016|0303||0000-ff01-0023,000a|0303||0000-ff01-0023
116.9.72.90,116.9.72.90,00000000000000000000000000000000000000000000000000000000000000,|||,|||,|||,|||,|||,|||,|||,|||,|||,|||
117.132.11.84,117.132.11.84,00000000000000000000000000000000000000000000000000000000000000,|||,|||,|||,|||,|||,|||,|||,|||,|||,|||
117.176.60.149,117.176.60.149,00000000000000000000000000000000000000000000000000000000000000,|||,|||,|||,|||,|||,|||,|||,|||,|||,|||
117.131.173.129,117.131.173.129,00000000000000000000000000000000000000000000000000000000000000,|||,|||,|||,|||,|||,|||,|||,|||,|||,|||
117.159.195.24,117.159.195.24,00000000000000000000000000000000000000000000000000000000000000,|||,|||,|||,|||,|||,|||,|||,|||,|||,|||
117.157.122.20,117.157.122.20,00000000000000000000000000000000000000000000000000000000000000,|||,|||,|||,|||,|||,|||,|||,|||,|||,|||
117.159.146.172,117.159.146.172,00000000000000000000000000000000000000000000000000000000000000,|||,|||,|||,|||,|||,|||,|||,|||,|||,|||
116.86.97.172,116.86.97.172,00000000000000000000000000000000000000000000000000000000000000,|||,|||,|||,|||,|||,|||,|||,|||,|||,|||
117.158.149.71,117.158.149.71,00000000000000000000000000000000000000000000000000000000000000,|||,|||,|||,|||,|||,|||,|||,|||,|||,|||
117.160.132.208,117.160.132.208,00000000000000000000000000000000000000000000000000000000000000,|||,|||,|||,|||,|||,|||,|||,|||,|||,|||
143.198.238.87,143.198.238.87,00000000000000000000000000000000000000000000000000000000000000,|||,|||,|||,|||,|||,|||,|||,|||,|||,|||
117.27.22.6,117.27.22.6,00000000000000000000000000000000000000000000000000000000000000,|||,|||,|||,|||,|||,|||,|||,|||,|||,|||
117.158.166.196,117.158.166.196,00000000000000000000000000000000000000000000000000000000000000,|||,|||,|||,|||,|||,|||,|||,|||,|||,|||
143.198.157.60,143.198.157.60,00000000000000000000000000000000000000000000000000000000000000,|||,|||,|||,|||,|||,|||,|||,|||,|||,|||
117.27.172.145,117.27.172.145,00000000000000000000000000000000000000000000000000000000000000,|||,|||,|||,|||,|||,|||,|||,|||,|||,|||
117.50.163.33,117.50.163.33,00000000000000000000000000000000000000000000000000000000000000,|||,|||,|||,|||,|||,|||,|||,|||,|||,|||
117.135.179.238,117.135.179.238,00000000000000000000000000000000000000000000000000000000000000,|||,|||,|||,|||,|||,|||,|||,|||,|||,|||
117.28.132.233,117.28.132.233,00000000000000000000000000000000000000000000000000000000000000,|||,|||,|||,|||,|||,|||,|||,|||,|||,|||
116.95.239.250,116.95.239.250,00000000000000000000000000000000000000000000000000000000000000,|||,|||,|||,|||,|||,|||,|||,|||,|||,|||
117.35.207.46,117.35.207.46,00000000000000000000000000000000000000000000000000000000000000,|||,|||,|||,|||,|||,|||,|||,|||,|||,|||
143.198.61.83,143.198.61.83,00000000000000000000000000000000000000000000000000000000000000,|||,|||,|||,|||,|||,|||,|||,|||,|||,|||
117.30.118.160,117.30.118.160,00000000000000000000000000000000000000000000000000000000000000,|||,|||,|||,|||,|||,|||,|||,|||,|||,|||
117.239.66.74,117.239.66.74,00000000000000000000000000000000000000000000000000000000000000,|||,|||,|||,|||,|||,|||,|||,|||,|||,|||
143.198.145.210,143.198.145.210,00000000000000000000000000000000000000000000000000000000000000,|||,|||,|||,|||,|||,|||,|||,|||,|||,|||
117.218.209.215,117.218.209.215,00000000000000000000000000000000000000000000000000000000000000,|||,|||,|||,|||,|||,|||,|||,|||,|||,|||
143.198.149.123,143.198.149.123,00000000000000000000000000000000000000000000000000000000000000,|||,|||,|||,|||,|||,|||,|||,|||,|||,|||
117.158.226.166,117.158.226.166,00000000000000000000000000000000000000000000000000000000000000,|||,|||,|||,|||,|||,|||,|||,|||,|||,|||
143.244.187.184,143.244.187.184,00000000000000000000000000000000000000000000000000000000000000,|||,|||,|||,|||,|||,|||,|||,|||,|||,|||
117.172.18.19,117.172.18.19,00000000000000000000000000000000000000000000000000000000000000,|||,|||,|||,|||,|||,|||,|||,|||,|||,|||
117.174.112.222,117.174.112.222,00000000000000000000000000000000000000000000000000000000000000,|||,|||,|||,|||,|||,|||,|||,|||,|||,|||
114.215.191.10,114.215.191.10,00000000000000000000000000000000000000000000000000000000000000,|||,|||,|||,|||,|||,|||,|||,|||,|||,|||
117.176.221.252,117.176.221.252,00000000000000000000000000000000000000000000000000000000000000,|||,|||,|||,|||,|||,|||,|||,|||,|||,|||
143.244.184.88,143.244.184.88,00000000000000000000000000000000000000000000000000000000000000,|||,|||,|||,|||,|||,|||,|||,|||,|||,|||
144.126.221.65,144.126.221.65,00000000000000000000000000000000000000000000000000000000000000,|||,|||,|||,|||,|||,|||,|||,|||,|||,|||
117.132.12.70,117.132.12.70,00000000000000000000000000000000000000000000000000000000000000,|||,|||,|||,|||,|||,|||,|||,|||,|||,|||
117.35.103.3,117.35.103.3,00000000000000000000000000000000000000000000000000000000000000,|||,|||,|||,|||,|||,|||,|||,|||,|||,|||
117.30.54.88,117.30.54.88,00000000000000000000000000000000000000000000000000000000000000,|||,|||,|||,|||,|||,|||,|||,|||,|||,|||
146.198.255.208,146.198.255.208,05b02b09b04b04b05b05b02b05b04ba441f40918707087561e2af18cf76f0e,0016|0301||ff01-0023,0005|0301||ff01-0023,0039|0301||ff01-0023,000a|0301||ff01-0023,000a|0301||ff01-0023,0016|0301||ff01-0023,0016|0301||ff01-0023,0005|0301||ff01-0023,0016|0301||ff01-0023,000a|0301||ff01-0023
117.33.192.6,117.33.192.6,00000000000000000000000000000000000000000000000000000000000000,|||,|||,|||,|||,|||,|||,|||,|||,|||,|||
117.40.83.115,117.40.83.115,00000000000000000000000000000000000000000000000000000000000000,|||,|||,|||,|||,|||,|||,|||,|||,|||,|||
117.146.123.71,117.146.123.71,00000000000000000000000000000000000000000000000000000000000000,|||,|||,|||,|||,|||,|||,|||,|||,|||,|||
117.158.62.74,117.158.62.74,00000000000000000000000000000000000000000000000000000000000000,|||,|||,|||,|||,|||,|||,|||,|||,|||,|||
117.240.224.93,117.240.224.93,00000000000000000000000000000000000000000000000000000000000000,|||,|||,|||,|||,|||,|||,|||,|||,|||,|||
117.50.104.206,117.50.104.206,00000000000000000000000000000000000000000000000000000000000000,|||,|||,|||,|||,|||,|||,|||,|||,|||,|||
117.158.208.227,117.158.208.227,00000000000000000000000000000000000000000000000000000000000000,|||,|||,|||,|||,|||,|||,|||,|||,|||,|||
117.50.0.119,117.50.0.119,00000000000000000000000000000000000000000000000000000000000000,|||,|||,|||,|||,|||,|||,|||,|||,|||,|||
142.93.73.54,142.93.73.54,15d3fd16d21d21d00042d43d000000fe02290512647416dcf0a400ccbc0b6b,009e|0303|http/1.1|ff01-0000-0001-0010-0017,cca8|0303|http/1.1|ff01-0000-0001-000b-0010-0017,009f|0303|http/1.1|ff01-0000-0001-0010-0017,c013|0303||ff01-0000-0001-000b-0017,c013|0303||ff01-0000-0001-000b-0017,|||,1302|0303||002b-0033,1303|0303||002b-0033,|||,|||
117.156.68.209,117.156.68.209,00000000000000000000000000000000000000000000000000000000000000,|||,|||,|||,|||,|||,|||,|||,|||,|||,|||
117.50.162.244,117.50.162.244,00000000000000000000000000000000000000000000000000000000000000,|||,|||,|||,|||,|||,|||,|||,|||,|||,|||
117.50.107.194,117.50.107.194,00000000000000000000000000000000000000000000000000000000000000,|||,|||,|||,|||,|||,|||,|||,|||,|||,|||
149.202.83.197,149.202.83.197,00000000000000000000000000000000000000000000000000000000000000,|||,|||,|||,|||,|||,|||,|||,|||,|||,|||
117.36.196.42,117.36.196.42,00000000000000000000000000000000000000000000000000000000000000,|||,|||,|||,|||,|||,|||,|||,|||,|||,|||
143.110.213.167,143.110.213.167,00000000000000000000000000000000000000000000000000000000000000,|||,|||,|||,|||,|||,|||,|||,|||,|||,|||
142.93.176.208,142.93.176.208,29d29d00029d29d00029d29d29d29de3c2cfe2a2540825b7b6488da7e43aca,c02f|0303||0001-0017-ff01,c02f|0303||0001-0017-ff01,|||,c02f|0303||0001-0017-ff01,c02f|0303||0001-0017-ff01,|||,c02f|0303||0001-0017-ff01,c02f|0303||0001-0017-ff01,c02f|0303||0001-0017-ff01,c02f|0303||0001-0017-ff01
143.244.183.36,143.244.183.36,00000000000000000000000000000000000000000000000000000000000000,|||,|||,|||,|||,|||,|||,|||,|||,|||,|||
115.239.209.117,115.239.209.117,00000000000000000000000000000000000000000000000000000000000000,|||,|||,|||,|||,|||,|||,|||,|||,|||,|||
144.126.220.31,144.126.220.31,00000000000000000000000000000000000000000000000000000000000000,|||,|||,|||,|||,|||,|||,|||,|||,|||,|||
117.34.25.101,117.34.25.101,00000000000000000000000000000000000000000000000000000000000000,|||,|||,|||,|||,|||,|||,|||,|||,|||,|||
147.135.236.170,147.135.236.170,00000000000000000000000000000000000000000000000000000000000000,|||,|||,|||,|||,|||,|||,|||,|||,|||,|||
143.198.112.103,143.198.112.103,15d3fd16d29d29d00042d43d0000009ec686233a4398bea334ba5e62e34a01,009e|0303|http/1.1|ff01-0001-0023-0010-0017,cca8|0303|http/1.1|ff01-0001-000b-0023-0010-0017,009f|0303|http/1.1|ff01-0001-0023-0010-0017,c02f|0303|http/1.1|ff01-0001-000b-0023-0010-0017,c02f|0303|http/1.1|ff01-0001-000b-0023-0010-0017,|||,1302|0303||002b-0033,1303|0303||002b-0033,|||,|||
142.93.144.106,142.93.144.106,00000000000000000000000000000000000000000000000000000000000000,|||,|||,|||,|||,|||,|||,|||,|||,|||,|||
143.110.246.157,143.110.246.157,00000000000000000000000000000000000000000000000000000000000000,|||,|||,|||,|||,|||,|||,|||,|||,|||,|||
143.244.184.34,143.244.184.34,00000000000000000000000000000000000000000000000000000000000000,|||,|||,|||,|||,|||,|||,|||,|||,|||,|||
117.236.173.162,117.236.173.162,00000000000000000000000000000000000000000000000000000000000000,|||,|||,|||,|||,|||,|||,|||,|||,|||,|||
143.110.251.245,143.110.251.245,00000000000000000000000000000000000000000000000000000000000000,|||,|||,|||,|||,|||,|||,|||,|||,|||,|||
149.91.114.90,149.91.114.90,00000000000000000000000000000000000000000000000000000000000000,|||,|||,|||,|||,|||,|||,|||,|||,|||,|||
117.50.15.250,117.50.15.250,00000000000000000000000000000000000000000000000000000000000000,|||,|||,|||,|||,|||,|||,|||,|||,|||,|||
142.93.79.177,142.93.79.177,3fd3fd15d3fd3fd00042d42d0000005a20e7c153f1c1aa366f0402acd95cf4,cca8|0303|h2|ff01-0001-000b-0023-0010-0017,cca8|0303|h2|ff01-0001-000b-0023-0010-0017,009e|0303|h2|ff01-0001-0023-0010-0017,cca8|0303||ff01-0001-000b-0023-0017,cca8|0303||ff01-0001-000b-0023-0017,|||,1302|0303||002b-0033,1302|0303||002b-0033,|||,|||
117.71.53.75,117.71.53.75,00000000000000000000000000000000000000000000000000000000000000,|||,|||,|||,|||,|||,|||,|||,|||,|||,|||
117.50.173.173,117.50.173.173,00000000000000000000000000000000000000000000000000000000000000,|||,|||,|||,|||,|||,|||,|||,|||,|||,|||
143.110.253.38,143.110.253.38,00000000000000000000000000000000000000000000000000000000000000,|||,|||,|||,|||,|||,|||,|||,|||,|||,|||
143.110.242.27,143.110.242.27,00000000000000000000000000000000000000000000000000000000000000,|||,|||,|||,|||,|||,|||,|||,|||,|||,|||
143.244.188.93,143.244.188.93,00000000000000000000000000000000000000000000000000000000000000,|||,|||,|||,|||,|||,|||,|||,|||,|||,|||
117.93.10.85,117.93.10.85,00000000000000000000000000000000000000000000000000000000000000,|||,|||,|||,|||,|||,|||,|||,|||,|||,|||
143.110.253.31,143.110.253.31,00000000000000000000000000000000000000000000000000000000000000,|||,|||,|||,|||,|||,|||,|||,|||,|||,|||
143.244.186.146,143.244.186.146,00000000000000000000000000000000000000000000000000000000000000,|||,|||,|||,|||,|||,|||,|||,|||,|||,|||
118.122.4.173,118.122.4.173,00000000000000000000000000000000000000000000000000000000000000,|||,|||,|||,|||,|||,|||,|||,|||,|||,|||
117.25.133.22,117.25.133.22,00000000000000000000000000000000000000000000000000000000000000,|||,|||,|||,|||,|||,|||,|||,|||,|||,|||
117.50.63.227,117.50.63.227,00000000000000000000000000000000000000000000000000000000000000,|||,|||,|||,|||,|||,|||,|||,|||,|||,|||
117.88.214.57,117.88.214.57,00000000000000000000000000000000000000000000000000000000000000,|||,|||,|||,|||,|||,|||,|||,|||,|||,|||
134.122.29.154,134.122.29.154,3fd3fd15d3fd3fd21c42d42d0000006f254909a73bf62f6b28507e9fb451b5,cca8|0303|http/1.1|ff01-0001-000b-0023-0010-0017,cca8|0303|http/1.1|ff01-0001-000b-0023-0010-0017,009e|0303|http/1.1|ff01-0001-0023-0010-0017,cca8|0303|http/1.1|ff01-0001-000b-0023-0010-0017,cca8|0303|http/1.1|ff01-0001-000b-0023-0010-0017,c013|0302|http/1.1|ff01-0001-000b-0023-0010-0017,1302|0303||002b-0033,1302|0303||002b-0033,|||,|||
117.80.225.23,117.80.225.23,00000000000000000000000000000000000000000000000000000000000000,|||,|||,|||,|||,|||,|||,|||,|||,|||,|||
118.122.194.109,118.122.194.109,00000000000000000000000000000000000000000000000000000000000000,|||,|||,|||,|||,|||,|||,|||,|||,|||,|||
117.34.95.146,117.34.95.146,00000000000000000000000000000000000000000000000000000000000000,|||,|||,|||,|||,|||,|||,|||,|||,|||,|||
117.90.62.60,117.90.62.60,00000000000000000000000000000000000000000000000000000000000000,|||,|||,|||,|||,|||,|||,|||,|||,|||,|||
117.71.62.2,117.71.62.2,00000000000000000000000000000000000000000000000000000000000000,|||,|||,|||,|||,|||,|||,|||,|||,|||,|||
139.255.119.250,139.255.119.250,14d14d09d14d14d08c14d14d14d14de3b0c44298fc1c149afbf4c8996fb924,009d|0303||,009d|0303||,0039|0303||,009d|0303||,009d|0303||,0035|0302||,009d|0303||,009d|0303||,009d|0303||,009d|0303||
117.6.97.86,117.6.97.86,00000000000000000000000000000000000000000000000000000000000000,|||,|||,|||,|||,|||,|||,|||,|||,|||,|||
117.86.191.109,117.86.191.109,00000000000000000000000000000000000000000000000000000000000000,|||,|||,|||,|||,|||,|||,|||,|||,|||,|||
117.82.28.229,117.82.28.229,00000000000000000000000000000000000000000000000000000000000000,|||,|||,|||,|||,|||,|||,|||,|||,|||,|||
118.122.207.17,118.122.207.17,00000000000000000000000000000000000000000000000000000000000000,|||,|||,|||,|||,|||,|||,|||,|||,|||,|||
118.101.186.211,118.101.186.211,00000000000000000000000000000000000000000000000000000000000000,|||,|||,|||,|||,|||,|||,|||,|||,|||,|||
117.80.114.36,117.80.114.36,00000000000000000000000000000000000000000000000000000000000000,|||,|||,|||,|||,|||,|||,|||,|||,|||,|||
117.73.13.199,117.73.13.199,00000000000000000000000000000000000000000000000000000000000000,|||,|||,|||,|||,|||,|||,|||,|||,|||,|||
118.106.42.21,118.106.42.21,00000000000000000000000000000000000000000000000000000000000000,|||,|||,|||,|||,|||,|||,|||,|||,|||,|||
118.107.128.233,118.107.128.233,00000000000000000000000000000000000000000000000000000000000000,|||,|||,|||,|||,|||,|||,|||,|||,|||,|||
117.50.66.195,117.50.66.195,00000000000000000000000000000000000000000000000000000000000000,|||,|||,|||,|||,|||,|||,|||,|||,|||,|||
117.84.230.48,117.84.230.48,00000000000000000000000000000000000000000000000000000000000000,|||,|||,|||,|||,|||,|||,|||,|||,|||,|||
118.125.246.32,118.125.246.32,00000000000000000000000000000000000000000000000000000000000000,|||,|||,|||,|||,|||,|||,|||,|||,|||,|||
117.50.84.240,117.50.84.240,00000000000000000000000000000000000000000000000000000000000000,|||,|||,|||,|||,|||,|||,|||,|||,|||,|||
118.165.195.67,118.165.195.67,00000000000000000000000000000000000000000000000000000000000000,|||,|||,|||,|||,|||,|||,|||,|||,|||,|||
117.95.65.62,117.95.65.62,00000000000000000000000000000000000000000000000000000000000000,|||,|||,|||,|||,|||,|||,|||,|||,|||,|||
118.107.134.238,118.107.134.238,00000000000000000000000000000000000000000000000000000000000000,|||,|||,|||,|||,|||,|||,|||,|||,|||,|||
147.135.70.214,147.135.70.214,00000000000000000000000000000000000000000000000000000000000000,|||,|||,|||,|||,|||,|||,|||,|||,|||,|||
123.241.69.8,123.241.69.8,00000000000000000000000000000000000000000000000000000000000000,|||,|||,|||,|||,|||,|||,|||,|||,|||,|||
117.88.47.227,117.88.47.227,00000000000000000000000000000000000000000000000000000000000000,|||,|||,|||,|||,|||,|||,|||,|||,|||,|||
118.113.32.13,118.113.32.13,00000000000000000000000000000000000000000000000000000000000000,|||,|||,|||,|||,|||,|||,|||,|||,|||,|||
143.198.60.90,143.198.60.90,00000000000000000000000000000000000000000000000000000000000000,|||,|||,|||,|||,|||,|||,|||,|||,|||,|||
144.217.24.9,144.217.24.9,00000000000000000000000000000000000000000000000000000000000000,|||,|||,|||,|||,|||,|||,|||,|||,|||,|||
144.217.24.15,144.217.24.15,00000000000000000000000000000000000000000000000000000000000000,|||,|||,|||,|||,|||,|||,|||,|||,|||,|||
118.119.102.185,118.119.102.185,00000000000000000000000000000000000000000000000000000000000000,|||,|||,|||,|||,|||,|||,|||,|||,|||,|||
118.112.156.138,118.112.156.138,00000000000000000000000000000000000000000000000000000000000000,|||,|||,|||,|||,|||,|||,|||,|||,|||,|||
117.62.53.158,117.62.53.158,00000000000000000000000000000000000000000000000000000000000000,|||,|||,|||,|||,|||,|||,|||,|||,|||,|||
143.92.63.201,143.92.63.201,00000000000000000000000000000000000000000000000000000000000000,|||,|||,|||,|||,|||,|||,|||,|||,|||,|||
118.122.183.106,118.122.183.106,00000000000000000000000000000000000000000000000000000000000000,|||,|||,|||,|||,|||,|||,|||,|||,|||,|||
117.50.97.33,117.50.97.33,00000000000000000000000000000000000000000000000000000000000000,|||,|||,|||,|||,|||,|||,|||,|||,|||,|||
118.114.77.43,118.114.77.43,00000000000000000000000000000000000000000000000000000000000000,|||,|||,|||,|||,|||,|||,|||,|||,|||,|||
143.198.158.19,143.198.158.19,00000000000000000000000000000000000000000000000000000000000000,|||,|||,|||,|||,|||,|||,|||,|||,|||,|||
149.34.19.56,149.34.19.56,00000000000000000000000000000000000000000000000000000000000000,|||,|||,|||,|||,|||,|||,|||,|||,|||,|||
147.182.130.240,147.182.130.240,00000000000000000000000000000000000000000000000000000000000000,|||,|||,|||,|||,|||,|||,|||,|||,|||,|||
143.92.63.173,143.92.63.173,00000000000000000000000000000000000000000000000000000000000000,|||,|||,|||,|||,|||,|||,|||,|||,|||,|||
151.106.1.55,151.106.1.55,00000000000000000000000000000000000000000000000000000000000000,|||,|||,|||,|||,|||,|||,|||,|||,|||,|||
118.139.248.163,118.139.248.163,00000000000000000000000000000000000000000000000000000000000000,|||,|||,|||,|||,|||,|||,|||,|||,|||,|||
117.50.18.70,117.50.18.70,00000000000000000000000000000000000000000000000000000000000000,|||,|||,|||,|||,|||,|||,|||,|||,|||,|||
143.92.63.174,143.92.63.174,00000000000000000000000000000000000000000000000000000000000000,|||,|||,|||,|||,|||,|||,|||,|||,|||,|||
144.91.115.162,144.91.115.162,3fd3fd15d3fd3fd21c42d42d0000006f254909a73bf62f6b28507e9fb451b5,cca8|0303|http/1.1|ff01-0001-000b-0023-0010-0017,cca8|0303|http/1.1|ff01-0001-000b-0023-0010-0017,009e|0303|http/1.1|ff01-0001-0023-0010-0017,cca8|0303|http/1.1|ff01-0001-000b-0023-0010-0017,cca8|0303|http/1.1|ff01-0001-000b-0023-0010-0017,c013|0302|http/1.1|ff01-0001-000b-0023-0010-0017,1302|0303||002b-0033,1302|0303||002b-0033,|||,|||
118.145.11.97,118.145.11.97,00000000000000000000000000000000000000000000000000000000000000,|||,|||,|||,|||,|||,|||,|||,|||,|||,|||
149.202.243.96,149.202.243.96,15d3fd16d29d29d00042d43d000000fe02290512647416dcf0a400ccbc0b6b,009e|0303|http/1.1|ff01-0000-0001-0010-0017,cca8|0303|http/1.1|ff01-0000-0001-000b-0010-0017,009f|0303|http/1.1|ff01-0000-0001-0010-0017,c02f|0303||ff01-0000-0001-000b-0017,c02f|0303||ff01-0000-0001-000b-0017,|||,1302|0303||002b-0033,1303|0303||002b-0033,|||,|||
143.198.98.163,143.198.98.163,00000000000000000000000000000000000000000000000000000000000000,|||,|||,|||,|||,|||,|||,|||,|||,|||,|||
147.182.167.71,147.182.167.71,00000000000000000000000000000000000000000000000000000000000000,|||,|||,|||,|||,|||,|||,|||,|||,|||,|||
143.198.61.164,143.198.61.164,00000000000000000000000000000000000000000000000000000000000000,|||,|||,|||,|||,|||,|||,|||,|||,|||,|||
151.115.49.208,151.115.49.208,00000000000000000000000000000000000000000000000000000000000000,|||,|||,|||,|||,|||,|||,|||,|||,|||,|||
118.178.190.177,118.178.190.177,00000000000000000000000000000000000000000000000000000000000000,|||,|||,|||,|||,|||,|||,|||,|||,|||,|||
118.174.79.50,118.174.79.50,00000000000000000000000000000000000000000000000000000000000000,|||,|||,|||,|||,|||,|||,|||,|||,|||,|||
139.224.193.127,139.224.193.127,29d29d00029d29d22c42d42d000000307ee0eb468e9fdb5cfcd698a80a67ef,c02f|0303|h2|ff01-0000-0001-000b-0023-0010-0017,c02f|0303|h2|ff01-0000-0001-000b-0023-0010-0017,|||,c02f|0303||ff01-0000-0001-000b-0023-0017,c02f|0303||ff01-0000-0001-000b-0023-0017,c014|0302|h2|ff01-0000-0001-000b-0023-0010-0017,1302|0303||002b-0033,1302|0303||002b-0033,|||,|||
118.183.188.25,118.183.188.25,00000000000000000000000000000000000000000000000000000000000000,|||,|||,|||,|||,|||,|||,|||,|||,|||,|||
143.198.96.54,143.198.96.54,00000000000000000000000000000000000000000000000000000000000000,|||,|||,|||,|||,|||,|||,|||,|||,|||,|||
118.125.225.253,118.125.225.253,00000000000000000000000000000000000000000000000000000000000000,|||,|||,|||,|||,|||,|||,|||,|||,|||,|||
147.182.176.101,147.182.176.101,00000000000000000000000000000000000000000000000000000000000000,|||,|||,|||,|||,|||,|||,|||,|||,|||,|||
143.92.63.197,143.92.63.197,00000000000000000000000000000000000000000000000000000000000000,|||,|||,|||,|||,|||,|||,|||,|||,|||,|||
118.190.156.42,118.190.156.42,00000000000000000000000000000000000000000000000000000000000000,|||,|||,|||,|||,|||,|||,|||,|||,|||,|||
143.198.52.180,143.198.52.180,00000000000000000000000000000000000000000000000000000000000000,|||,|||,|||,|||,|||,|||,|||,|||,|||,|||
118.182.119.156,118.182.119.156,00000000000000000000000000000000000000000000000000000000000000,|||,|||,|||,|||,|||,|||,|||,|||,|||,|||
118.178.181.136,118.178.181.136,00000000000000000000000000000000000000000000000000000000000000,|||,|||,|||,|||,|||,|||,|||,|||,|||,|||
118.178.91.109,118.178.91.109,00000000000000000000000000000000000000000000000000000000000000,|||,|||,|||,|||,|||,|||,|||,|||,|||,|||
147.182.187.200,147.182.187.200,00000000000000000000000000000000000000000000000000000000000000,|||,|||,|||,|||,|||,|||,|||,|||,|||,|||
143.92.63.200,143.92.63.200,00000000000000000000000000000000000000000000000000000000000000,|||,|||,|||,|||,|||,|||,|||,|||,|||,|||
118.182.119.31,118.182.119.31,00000000000000000000000000000000000000000000000000000000000000,|||,|||,|||,|||,|||,|||,|||,|||,|||,|||
118.193.103.142,118.193.103.142,00000000000000000000000000000000000000000000000000000000000000,|||,|||,|||,|||,|||,|||,|||,|||,|||,|||
118.190.210.28,118.190.210.28,00000000000000000000000000000000000000000000000000000000000000,|||,|||,|||,|||,|||,|||,|||,|||,|||,|||
143.92.63.180,143.92.63.180,00000000000000000000000000000000000000000000000000000000000000,|||,|||,|||,|||,|||,|||,|||,|||,|||,|||
118.186.8.226,118.186.8.226,00000000000000000000000000000000000000000000000000000000000000,|||,|||,|||,|||,|||,|||,|||,|||,|||,|||
118.193.103.141,118.193.103.141,00000000000000000000000000000000000000000000000000000000000000,|||,|||,|||,|||,|||,|||,|||,|||,|||,|||
118.189.23.88,118.189.23.88,00000000000000000000000000000000000000000000000000000000000000,|||,|||,|||,|||,|||,|||,|||,|||,|||,|||
118.178.186.214,118.178.186.214,00000000000000000000000000000000000000000000000000000000000000,|||,|||,|||,|||,|||,|||,|||,|||,|||,|||
139.155.237.144,139.155.237.144,29d29d20d29d29d22c29d29d29d29df51c60823f963b0fe11deab8efc70b4b,c02f|0303|http/1.1|ff01-000b-0023-0010,c02f|0303|http/1.1|ff01-000b-0023-0010,c012|0303|http/1.1|ff01-000b-0023-0010,c02f|0303||ff01-000b-0023,c02f|0303||ff01-000b-0023,c014|0302|http/1.1|ff01-000b-0023-0010,c02f|0303|http/1.1|ff01-000b-0023-0010,c02f|0303|http/1.1|ff01-000b-0023-0010,c02f|0303|http/1.1|ff01-000b-0023-0010,c02f|0303|http/1.1|ff01-000b-0023-0010
118.183.188.34,118.183.188.34,00000000000000000000000000000000000000000000000000000000000000,|||,|||,|||,|||,|||,|||,|||,|||,|||,|||
151.20.211.172,151.20.211.172,00000000000000000000000000000000000000000000000000000000000000,|||,|||,|||,|||,|||,|||,|||,|||,|||,|||
139.196.49.86,139.196.49.86,22b22b00022b22b22b22b22b22b22bd3b67dd3674d9af9dd91c1955a35d0e9,c014|0301||0017-ff01,c014|0301||0017-ff01,|||,c014|0301||0017-ff01,c014|0301||0017-ff01,c014|0301||0017-ff01,c014|0301||0017-ff01,c014|0301||0017-ff01,c014|0301||0017-ff01,c014|0301||0017-ff01
144.217.169.219,144.217.169.219,05d10d20d21d20d05c05d10d05d20d74fcf6501ae7a92319e575bfafd2a827,0016|0303||ff01-0023,0084|0303||ff01-0023,c012|0303||ff01-000b-0023,c013|0303||ff01-000b-0023,c012|0303||ff01-000b-0023,0016|0302||ff01-0023,0016|0303||ff01-0023,0084|0303||ff01-0023,0016|0303||ff01-0023,c012|0303||ff01-000b-0023
118.193.59.5,118.193.59.5,00000000000000000000000000000000000000000000000000000000000000,|||,|||,|||,|||,|||,|||,|||,|||,|||,|||
118.193.58.109,118.193.58.109,00000000000000000000000000000000000000000000000000000000000000,|||,|||,|||,|||,|||,|||,|||,|||,|||,|||
118.193.58.104,118.193.58.104,00000000000000000000000000000000000000000000000000000000000000,|||,|||,|||,|||,|||,|||,|||,|||,|||,|||
118.193.59.59,118.193.59.59,00000000000000000000000000000000000000000000000000000000000000,|||,|||,|||,|||,|||,|||,|||,|||,|||,|||
118.193.64.106,118.193.64.106,00000000000000000000000000000000000000000000000000000000000000,|||,|||,|||,|||,|||,|||,|||,|||,|||,|||
118.193.103.131,118.193.103.131,00000000000000000000000000000000000000000000000000000000000000,|||,|||,|||,|||,|||,|||,|||,|||,|||,|||
118.193.64.22,118.193.64.22,00000000000000000000000000000000000000000000000000000000000000,|||,|||,|||,|||,|||,|||,|||,|||,|||,|||
118.112.248.67,118.112.248.67,00000000000000000000000000000000000000000000000000000000000000,|||,|||,|||,|||,|||,|||,|||,|||,|||,|||
149.56.246.72,149.56.246.72,00000000000000000000000000000000000000000000000000000000000000,|||,|||,|||,|||,|||,|||,|||,|||,|||,|||
143.244.140.167,143.244.140.167,00000000000000000000000000000000000000000000000000000000000000,|||,|||,|||,|||,|||,|||,|||,|||,|||,|||
118.25.26.81,118.25.26.81,00000000000000000000000000000000000000000000000000000000000000,|||,|||,|||,|||,|||,|||,|||,|||,|||,|||
143.244.138.2,143.244.138.2,00000000000000000000000000000000000000000000000000000000000000,|||,|||,|||,|||,|||,|||,|||,|||,|||,|||
118.213.200.210,118.213.200.210,00000000000000000000000000000000000000000000000000000000000000,|||,|||,|||,|||,|||,|||,|||,|||,|||,|||
118.201.155.10,118.201.155.10,00000000000000000000000000000000000000000000000000000000000000,|||,|||,|||,|||,|||,|||,|||,|||,|||,|||
139.155.239.250,139.155.239.250,00000000000000000000000000000000000000000000000000000000000000,|||,|||,|||,|||,|||,|||,|||,|||,|||,|||
142.93.8.99,142.93.8.99,00000000000000000000000000000000000000000000000000000000000000,|||,|||,|||,|||,|||,|||,|||,|||,|||,|||
118.193.58.115,118.193.58.115,00000000000000000000000000000000000000000000000000000000000000,|||,|||,|||,|||,|||,|||,|||,|||,|||,|||
142.93.207.90,142.93.207.90,3fd3fd0003fd3fd21c42d42d000000f816eaea5c28bd7b1d0104ee7676bfe1,cca8|0303|h2|ff01-0001-000b-0023-0010-0017,cca8|0303|h2|ff01-0001-000b-0023-0010-0017,|||,cca8|0303|http/1.1|ff01-0001-000b-0023-0010-0017,cca8|0303|http/1.1|ff01-0001-000b-0023-0010-0017,c013|0302|http/1.1|ff01-0001-000b-0023-0010-0017,1302|0303||002b-0033,1302|0303||002b-0033,|||,|||
149.91.173.73,149.91.173.73,00000000000000000000000000000000000000000000000000000000000000,|||,|||,|||,|||,|||,|||,|||,|||,|||,|||
118.26.104.39,118.26.104.39,00000000000000000000000000000000000000000000000000000000000000,|||,|||,|||,|||,|||,|||,|||,|||,|||,|||
118.217.181.202,118.217.181.202,00000000000000000000000000000000000000000000000000000000000000,|||,|||,|||,|||,|||,|||,|||,|||,|||,|||
143.244.142.36,143.244.142.36,00000000000000000000000000000000000000000000000000000000000000,|||,|||,|||,|||,|||,|||,|||,|||,|||,|||
118.233.87.248,118.233.87.248,00000000000000000000000000000000000000000000000000000000000000,|||,|||,|||,|||,|||,|||,|||,|||,|||,|||
147.75.47.165,147.75.47.165,00000000000000000000000000000000000000000000000000000000000000,|||,|||,|||,|||,|||,|||,|||,|||,|||,|||
118.253.57.132,118.253.57.132,00000000000000000000000000000000000000000000000000000000000000,|||,|||,|||,|||,|||,|||,|||,|||,|||,|||
118.251.7.129,118.251.7.129,00000000000000000000000000000000000000000000000000000000000000,|||,|||,|||,|||,|||,|||,|||,|||,|||,|||
118.193.58.49,118.193.58.49,00000000000000000000000000000000000000000000000000000000000000,|||,|||,|||,|||,|||,|||,|||,|||,|||,|||
143.198.98.175,143.198.98.175,00000000000000000000000000000000000000000000000000000000000000,|||,|||,|||,|||,|||,|||,|||,|||,|||,|||
118.26.110.65,118.26.110.65,00000000000000000000000000000000000000000000000000000000000000,|||,|||,|||,|||,|||,|||,|||,|||,|||,|||
118.31.229.23,118.31.229.23,00000000000000000000000000000000000000000000000000000000000000,|||,|||,|||,|||,|||,|||,|||,|||,|||,|||
139.196.152.206,139.196.152.206,29d29d00029d29d22c29d29d29d29d703dc1bf20eb9604decefea997eabff7,c02f|0303|http/1.1|ff01-0000-0001-000b-0023-0010-0017,c02f|0303|http/1.1|ff01-0000-0001-000b-0023-0010-0017,|||,c02f|0303|http/1.0|ff01-0000-0001-000b-0023-0010-0017,c02f|0303|http/1.0|ff01-0000-0001-000b-0023-0010-0017,c014|0302|http/1.1|ff01-0000-0001-000b-0023-0010-0017,c02f|0303|http/1.1|ff01-0000-0001-000b-0023-0010-0017,c02f|0303|http/1.1|ff01-0000-0001-000b-0023-0010-0017,c02f|0303|http/1.1|ff01-0000-0001-000b-0023-0010-0017,c02f|0303|http/1.1|ff01-0000-0001-000b-0023-0010-0017
118.112.248.106,118.112.248.106,00000000000000000000000000000000000000000000000000000000000000,|||,|||,|||,|||,|||,|||,|||,|||,|||,|||
118.31.64.44,118.31.64.44,00000000000000000000000000000000000000000000000000000000000000,|||,|||,|||,|||,|||,|||,|||,|||,|||,|||
146.88.62.98,146.88.62.98,00000000000000000000000000000000000000000000000000000000000000,|||,|||,|||,|||,|||,|||,|||,|||,|||,|||
139.224.253.117,139.224.253.117,29d29d20d29d29d22c29d29d29d29df51c60823f963b0fe11deab8efc70b4b,c02f|0303|http/1.1|ff01-000b-0023-0010,c02f|0303|http/1.1|ff01-000b-0023-0010,c012|0303|http/1.1|ff01-000b-0023-0010,c02f|0303||ff01-000b-0023,c02f|0303||ff01-000b-0023,c014|0302|http/1.1|ff01-000b-0023-0010,c02f|0303|http/1.1|ff01-000b-0023-0010,c02f|0303|http/1.1|ff01-000b-0023-0010,c02f|0303|http/1.1|ff01-000b-0023-0010,c02f|0303|http/1.1|ff01-000b-0023-0010
118.31.167.155,118.31.167.155,00000000000000000000000000000000000000000000000000000000000000,|||,|||,|||,|||,|||,|||,|||,|||,|||,|||
118.195.133.76,118.195.133.76,00000000000000000000000000000000000000000000000000000000000000,|||,|||,|||,|||,|||,|||,|||,|||,|||,|||
118.31.113.131,118.31.113.131,00000000000000000000000000000000000000000000000000000000000000,|||,|||,|||,|||,|||,|||,|||,|||,|||,|||
147.182.190.70,147.182.190.70,00000000000000000000000000000000000000000000000000000000000000,|||,|||,|||,|||,|||,|||,|||,|||,|||,|||
146.196.52.26,146.196.52.26,00000000000000000000000000000000000000000000000000000000000000,|||,|||,|||,|||,|||,|||,|||,|||,|||,|||
129.211.84.138,129.211.84.138,00000000000000000000000000000000000000000000000000000000000000,|||,|||,|||,|||,|||,|||,|||,|||,|||,|||
118.32.97.172,118.32.97.172,00000000000000000000000000000000000000000000000000000000000000,|||,|||,|||,|||,|||,|||,|||,|||,|||,|||
147.182.238.47,147.182.238.47,00000000000000000000000000000000000000000000000000000000000000,|||,|||,|||,|||,|||,|||,|||,|||,|||,|||
118.31.22.189,118.31.22.189,00000000000000000000000000000000000000000000000000000000000000,|||,|||,|||,|||,|||,|||,|||,|||,|||,|||
143.92.63.175,143.92.63.175,00000000000000000000000000000000000000000000000000000000000000,|||,|||,|||,|||,|||,|||,|||,|||,|||,|||
118.76.183.104,118.76.183.104,00000000000000000000000000000000000000000000000000000000000000,|||,|||,|||,|||,|||,|||,|||,|||,|||,|||
143.92.63.176,143.92.63.176,00000000000000000000000000000000000000000000000000000000000000,|||,|||,|||,|||,|||,|||,|||,|||,|||,|||
128.199.224.19,128.199.224.19,2ad2ad0002ad2ad00042d42d0000005d86ccb1a0567e012264097a0315d7a7,c030|0303|h2|ff01-0000-0001-000b-0023-0010-0017,c030|0303|h2|ff01-0000-0001-000b-0023-0010-0017,|||,c030|0303||ff01-0000-0001-000b-0023-0017,c030|0303||ff01-0000-0001-000b-0023-0017,|||,1302|0303||002b-0033,1302|0303||002b-0033,|||,|||
139.186.136.7,139.186.136.7,3fd3fd0003fd3fd21c42d42d000000307ee0eb468e9fdb5cfcd698a80a67ef,cca8|0303|h2|ff01-0000-0001-000b-0023-0010-0017,cca8|0303|h2|ff01-0000-0001-000b-0023-0010-0017,|||,cca8|0303||ff01-0000-0001-000b-0023-0017,cca8|0303||ff01-0000-0001-000b-0023-0017,c013|0302|h2|ff01-0000-0001-000b-0023-0010-0017,1302|0303||002b-0033,1302|0303||002b-0033,|||,|||
118.81.153.233,118.81.153.233,00000000000000000000000000000000000000000000000000000000000000,|||,|||,|||,|||,|||,|||,|||,|||,|||,|||
139.219.4.249,139.219.4.249,2ad2ad16d2ad2ad22c2ad2ad2ad2ad47321614530b94a96fa03d06e666d6d6,c030|0303|http/1.1|ff01-000b-0023-0010,c030|0303|http/1.1|ff01-000b-0023-0010,009f|0303|http/1.1|ff01-0023-0010,c030|0303||ff01-000b-0023,c030|0303||ff01-000b-0023,c014|0302|http/1.1|ff01-000b-0023-0010,c030|0303|http/1.1|ff01-000b-0023-0010,c030|0303|http/1.1|ff01-000b-0023-0010,c030|0303|http/1.1|ff01-000b-0023-0010,c030|0303|http/1.1|ff01-000b-0023-0010
143.198.191.61,143.198.191.61,2ad2ad0002ad2ad00042d42d000000301510f56407964db9434a9bb0d4ee4a,c030|0303|http/1.1|ff01-0000-0001-000b-0023-0010-0017,c030|0303|http/1.1|ff01-0000-0001-000b-0023-0010-0017,|||,c030|0303||ff01-0000-0001-000b-0023-0017,c030|0303||ff01-0000-0001-000b-0023-0017,|||,1302|0303||002b-0033,1302|0303||002b-0033,|||,|||
118.36.33.223,118.36.33.223,00000000000000000000000000000000000000000000000000000000000000,|||,|||,|||,|||,|||,|||,|||,|||,|||,|||
143.198.169.201,143.198.169.201,2ad2ad0002ad2ad00042d42d000000301510f56407964db9434a9bb0d4ee4a,c030|0303|http/1.1|ff01-0000-0001-000b-0023-0010-0017,c030|0303|http/1.1|ff01-0000-0001-000b-0023-0010-0017,|||,c030|0303||ff01-0000-0001-000b-0023-0017,c030|0303||ff01-0000-0001-000b-0023-0017,|||,1302|0303||002b-0033,1302|0303||002b-0033,|||,|||
118.26.110.68,118.26.110.68,00000000000000000000000000000000000000000000000000000000000000,|||,|||,|||,|||,|||,|||,|||,|||,|||,|||
152.32.157.167,152.32.157.167,00000000000000000000000000000000000000000000000000000000000000,|||,|||,|||,|||,|||,|||,|||,|||,|||,|||
151.227.60.165,151.227.60.165,04d02d00004d04d04c04d02d04d04d9674c6b4e623ae36cc2d998e99e2262e,000a|0303||ff01-0023,0005|0303||ff01-0023,|||,000a|0303||ff01-0023,000a|0303||ff01-0023,000a|0302||ff01-0023,000a|0303||ff01-0023,0005|0303||ff01-0023,000a|0303||ff01-0023,000a|0303||ff01-0023
118.69.177.11,118.69.177.11,00000000000000000000000000000000000000000000000000000000000000,|||,|||,|||,|||,|||,|||,|||,|||,|||,|||
119.0.253.249,119.0.253.249,00000000000000000000000000000000000000000000000000000000000000,|||,|||,|||,|||,|||,|||,|||,|||,|||,|||
143.198.105.15,143.198.105.15,15d3fd16d29d29d00042d43d0000009ec686233a4398bea334ba5e62e34a01,009e|0303|http/1.1|ff01-0001-0023-0010-0017,cca8|0303|http/1.1|ff01-0001-000b-0023-0010-0017,009f|0303|http/1.1|ff01-0001-0023-0010-0017,c02f|0303|http/1.1|ff01-0001-000b-0023-0010-0017,c02f|0303|http/1.1|ff01-0001-000b-0023-0010-0017,|||,1302|0303||002b-0033,1303|0303||002b-0033,|||,|||
118.75.44.77,118.75.44.77,00000000000000000000000000000000000000000000000000000000000000,|||,|||,|||,|||,|||,|||,|||,|||,|||,|||
119.114.28.9,119.114.28.9,00000000000000000000000000000000000000000000000000000000000000,|||,|||,|||,|||,|||,|||,|||,|||,|||,|||
119.101.123.3,119.101.123.3,00000000000000000000000000000000000000000000000000000000000000,|||,|||,|||,|||,|||,|||,|||,|||,|||,|||
143.198.109.155,143.198.109.155,29d29d00029d29d00042d42d00000045d9c61f898d3d72d7a153fdd2347f3c,c02f|0303|h2|ff01-0001-000b-0023-0010-0017,c02f|0303|h2|ff01-0001-000b-0023-0010-0017,|||,c02f|0303||ff01-0001-000b-0023-0017,c02f|0303||ff01-0001-000b-0023-0017,|||,1302|0303||002b-0033,1302|0303||002b-0033,|||,|||
120.132.23.169,120.132.23.169,00000000000000000000000000000000000000000000000000000000000000,|||,|||,|||,|||,|||,|||,|||,|||,|||,|||
138.0.55.13,138.0.55.13,21d10d00021d21d21c21d10d21d21d03e121248589b15fda5a8c5fbe0d02a9,c013|0303||ff01-000b-0023,0084|0303||ff01-0023,|||,c013|0303||ff01-000b-0023,c013|0303||ff01-000b-0023,c013|0302||ff01-000b-0023,c013|0303||ff01-000b-0023,0084|0303||ff01-0023,c013|0303||ff01-000b-0023,c013|0303||ff01-000b-0023
147.182.254.82,147.182.254.82,00000000000000000000000000000000000000000000000000000000000000,|||,|||,|||,|||,|||,|||,|||,|||,|||,|||
143.198.151.20,143.198.151.20,2ad2ad16d2ad2ad00042d42d0000005fd00fabd213a5ac89229012f70afd5c,c030|0303|h2|ff01-0000-0001-000b-0023-0010-0017,c030|0303|h2|ff01-0000-0001-000b-0023-0010-0017,009f|0303|h2|ff01-0000-0001-0023-0010-0017,c030|0303||ff01-0000-0001-000b-0023-0017,c030|0303||ff01-0000-0001-000b-0023-0017,|||,1302|0303||002b-0033,1302|0303||002b-0033,|||,|||
119.145.101.189,119.145.101.189,00000000000000000000000000000000000000000000000000000000000000,|||,|||,|||,|||,|||,|||,|||,|||,|||,|||
143.198.109.223,143.198.109.223,3fd3fd15d3fd3fd00042d42d00000061256d32ed7779c14686ad100544dc8d,cca8|0303|http/1.1|ff01-0001-000b-0023-0010-0017,cca8|0303|http/1.1|ff01-0001-000b-0023-0010-0017,009e|0303|http/1.1|ff01-0001-0023-0010-0017,cca8|0303|http/1.1|ff01-0001-000b-0023-0010-0017,cca8|0303|http/1.1|ff01-0001-000b-0023-0010-0017,|||,1302|0303||002b-0033,1302|0303||002b-0033,|||,|||
125.228.193.151,125.228.193.151,04b02b00004b04b04b04b02b04b04b9674c6b4e623ae36cc2d998e99e2262e,000a|0301||ff01-0023,0005|0301||ff01-0023,|||,000a|0301||ff01-0023,000a|0301||ff01-0023,000a|0301||ff01-0023,000a|0301||ff01-0023,0005|0301||ff01-0023,000a|0301||ff01-0023,000a|0301||ff01-0023
152.32.148.110,152.32.148.110,00000000000000000000000000000000000000000000000000000000000000,|||,|||,|||,|||,|||,|||,|||,|||,|||,|||
119.134.110.75,119.134.110.75,00000000000000000000000000000000000000000000000000000000000000,|||,|||,|||,|||,|||,|||,|||,|||,|||,|||
152.32.157.204,152.32.157.204,00000000000000000000000000000000000000000000000000000000000000,|||,|||,|||,|||,|||,|||,|||,|||,|||,|||
118.251.114.218,118.251.114.218,00000000000000000000000000000000000000000000000000000000000000,|||,|||,|||,|||,|||,|||,|||,|||,|||,|||
139.196.229.249,139.196.229.249,2ad2ad0002ad2ad22c2ad2ad2ad2adc2ddcfd203d071c45b4b0ffe3d7b4b89,c030|0303|http/1.1|ff01-0000-0001-000b-0023-0010-0017,c030|0303|http/1.1|ff01-0000-0001-000b-0023-0010-0017,|||,c030|0303||ff01-0000-0001-000b-0023-0017,c030|0303||ff01-0000-0001-000b-0023-0017,c014|0302|http/1.1|ff01-0000-0001-000b-0023-0010-0017,c030|0303|http/1.1|ff01-0000-0001-000b-0023-0010-0017,c030|0303|http/1.1|ff01-0000-0001-000b-0023-0010-0017,c030|0303|http/1.1|ff01-0000-0001-000b-0023-0010-0017,c030|0303|http/1.1|ff01-0000-0001-000b-0023-0010-0017
143.244.170.14,143.244.170.14,00000000000000000000000000000000000000000000000000000000000000,|||,|||,|||,|||,|||,|||,|||,|||,|||,|||
141.101.196.233,141.101.196.233,00000000000000000000000000000000000000000000000000000000000000,|||,|||,|||,|||,|||,|||,|||,|||,|||,|||
119.147.212.2,119.147.212.2,00000000000000000000000000000000000000000000000000000000000000,|||,|||,|||,|||,|||,|||,|||,|||,|||,|||
143.198.130.63,143.198.130.63,3fd3fd15d3fd3fd0003fd3fd3fd3fd3bdd6488d43f29954bcd526a60dc2e3b,cca8|0303|h2|ff01-0000-0001-000b-0010-0017,cca8|0303|h2|ff01-0000-0001-000b-0010-0017,009e|0303|h2|ff01-0000-0001-0010-0017,cca8|0303||ff01-0000-0001-000b-0017,cca8|0303||ff01-0000-0001-000b-0017,|||,cca8|0303|h2|ff01-0000-0001-000b-0010-0017,cca8|0303|h2|ff01-0000-0001-000b-0010-0017,cca8|0303|h2|ff01-0000-0001-000b-0010-0017,cca8|0303|h2|ff01-0000-0001-000b-0010-0017
143.244.134.171,143.244.134.171,00000000000000000000000000000000000000000000000000000000000000,|||,|||,|||,|||,|||,|||,|||,|||,|||,|||
152.32.157.157,152.32.157.157,00000000000000000000000000000000000000000000000000000000000000,|||,|||,|||,|||,|||,|||,|||,|||,|||,|||
119.122.88.21,119.122.88.21,00000000000000000000000000000000000000000000000000000000000000,|||,|||,|||,|||,|||,|||,|||,|||,|||,|||
119.145.140.78,119.145.140.78,00000000000000000000000000000000000000000000000000000000000000,|||,|||,|||,|||,|||,|||,|||,|||,|||,|||
119.236.91.170,119.236.91.170,00000000000000000000000000000000000000000000000000000000000000,|||,|||,|||,|||,|||,|||,|||,|||,|||,|||
119.118.42.188,119.118.42.188,00000000000000000000000000000000000000000000000000000000000000,|||,|||,|||,|||,|||,|||,|||,|||,|||,|||
143.198.137.28,143.198.137.28,07d19d1ad21d21d07c42d43d0000008b344ab0cd56e121a8185dc3054afa3b,0033|0303|http/1.1|ff01-0001-0010-0017,00c0|0303|http/1.1|ff01-0001-0010-0017,00c4|0303|http/1.1|ff01-0001-0010-0017,c013|0303|http/1.1|ff01-0001-000b-0010-0017,c013|0303|http/1.1|ff01-0001-000b-0010-0017,0033|0302|http/1.1|ff01-0001-0010-0017,1302|0303||002b-0033,1303|0303||002b-0033,|||,|||
139.59.239.64,139.59.239.64,2ad2ad0002ad2ad22c2ad2ad2ad2adce7a321e4956e8298ba917e9f2c22849,c030|0303|http/1.1|ff01-0001-000b-0023-0010-0017,c030|0303|http/1.1|ff01-0001-000b-0023-0010-0017,|||,c030|0303||ff01-0001-000b-0023-0017,c030|0303||ff01-0001-000b-0023-0017,c014|0302|http/1.1|ff01-0001-000b-0023-0010-0017,c030|0303|http/1.1|ff01-0001-000b-0023-0010-0017,c030|0303|http/1.1|ff01-0001-000b-0023-0010-0017,c030|0303|http/1.1|ff01-0001-000b-0023-0010-0017,c030|0303|http/1.1|ff01-0001-000b-0023-0010-0017
152.32.198.4,152.32.198.4,00000000000000000000000000000000000000000000000000000000000000,|||,|||,|||,|||,|||,|||,|||,|||,|||,|||
128.199.136.54,128.199.136.54,2ad2ad0002ad2ad22c42d42d000000f7be33a964d0daa97a97a8068db17dd3,c030|0303|http/1.1|ff01-0001-000b-0023-0010-0017,c030|0303|http/1.1|ff01-0001-000b-0023-0010-0017,|||,c030|0303|http/1.1|ff01-0001-000b-0023-0010-0017,c030|0303|http/1.1|ff01-0001-000b-0023-0010-0017,c014|0302|http/1.1|ff01-0001-000b-0023-0010-0017,1302|0303||002b-0033,1302|0303||002b-0033,|||,|||
152.32.150.102,152.32.150.102,00000000000000000000000000000000000000000000000000000000000000,|||,|||,|||,|||,|||,|||,|||,|||,|||,|||
152.32.149.245,152.32.149.245,00000000000000000000000000000000000000000000000000000000000000,|||,|||,|||,|||,|||,|||,|||,|||,|||,|||
152.32.148.84,152.32.148.84,00000000000000000000000000000000000000000000000000000000000000,|||,|||,|||,|||,|||,|||,|||,|||,|||,|||
139.59.34.160,139.59.34.160,29d29d00029d29d00042d43d00041dd469afa8cfbe5e42c631eb3fc55d6787,c02f|0303|h2|0017-ff01-000b-0023-0010,c02f|0303|h2|0017-ff01-000b-0023-0010,|||,c02f|0303|spdy/3|0017-ff01-000b-0023-0010,c02f|0303|spdy/3|0017-ff01-000b-0023-0010,|||,1302|0303||0033-002b,1303|0303||0033-002b,|||,1301|0303||0033-002b
119.23.108.96,119.23.108.96,00000000000000000000000000000000000000000000000000000000000000,|||,|||,|||,|||,|||,|||,|||,|||,|||,|||
119.23.71.222,119.23.71.222,00000000000000000000000000000000000000000000000000000000000000,|||,|||,|||,|||,|||,|||,|||,|||,|||,|||
151.253.124.222,151.253.124.222,00000000000000000000000000000000000000000000000000000000000000,|||,|||,|||,|||,|||,|||,|||,|||,|||,|||
119.166.46.180,119.166.46.180,00000000000000000000000000000000000000000000000000000000000000,|||,|||,|||,|||,|||,|||,|||,|||,|||,|||
139.59.92.135,139.59.92.135,25d3fd00025d25d00042d43d0000007d9a2df75fc17326c15d1e44e597e360,c027|0303|http/1.1|ff01-0001-000b-0023-0010-0017,cca8|0303|http/1.1|ff01-0001-000b-0023-0010-0017,|||,c027|0303|http/1.1|ff01-0001-000b-0023-0010-0017,c027|0303|http/1.1|ff01-0001-000b-0023-0010-0017,|||,1302|0303||002b-0033,1303|0303||002b-0033,|||,|||
119.192.150.89,119.192.150.89,00000000000000000000000000000000000000000000000000000000000000,|||,|||,|||,|||,|||,|||,|||,|||,|||,|||
119.165.68.34,119.165.68.34,00000000000000000000000000000000000000000000000000000000000000,|||,|||,|||,|||,|||,|||,|||,|||,|||,|||
119.246.175.87,119.246.175.87,00000000000000000000000000000000000000000000000000000000000000,|||,|||,|||,|||,|||,|||,|||,|||,|||,|||
119.152.152.116,119.152.152.116,00000000000000000000000000000000000000000000000000000000000000,|||,|||,|||,|||,|||,|||,|||,|||,|||,|||
119.185.144.97,119.185.144.97,00000000000000000000000000000000000000000000000000000000000000,|||,|||,|||,|||,|||,|||,|||,|||,|||,|||
147.182.172.208,147.182.172.208,2ad2ad16d2ad2ad00042d42d0000005fd00fabd213a5ac89229012f70afd5c,c030|0303|h2|ff01-0000-0001-000b-0023-0010-0017,c030|0303|h2|ff01-0000-0001-000b-0023-0010-0017,009f|0303|h2|ff01-0000-0001-0023-0010-0017,c030|0303||ff01-0000-0001-000b-0023-0017,c030|0303||ff01-0000-0001-000b-0023-0017,|||,1302|0303||002b-0033,1302|0303||002b-0033,|||,|||
119.237.24.79,119.237.24.79,00000000000000000000000000000000000000000000000000000000000000,|||,|||,|||,|||,|||,|||,|||,|||,|||,|||
119.207.78.175,119.207.78.175,00000000000000000000000000000000000000000000000000000000000000,|||,|||,|||,|||,|||,|||,|||,|||,|||,|||
139.155.241.167,139.155.241.167,21d19d00021d21d21c21d19d21d21dddc75ea8bb053134e7478e004d03ff65,c013|0303|http/1.1|ff01-0000-0001-000b-0023-0010-0017,00c0|0303|http/1.1|ff01-0000-0001-0023-0010-0017,|||,c013|0303|http/1.0|ff01-0000-0001-000b-0023-0010-0017,c013|0303|http/1.0|ff01-0000-0001-000b-0023-0010-0017,c013|0302|http/1.1|ff01-0000-0001-000b-0023-0010-0017,c013|0303|http/1.1|ff01-0000-0001-000b-0023-0010-0017,00c0|0303|http/1.1|ff01-0000-0001-0023-0010-0017,c013|0303|http/1.1|ff01-0000-0001-000b-0023-0010-0017,c013|0303|http/1.1|ff01-0000-0001-000b-0023-0010-0017
119.23.66.217,119.23.66.217,00000000000000000000000000000000000000000000000000000000000000,|||,|||,|||,|||,|||,|||,|||,|||,|||,|||
147.182.171.119,147.182.171.119,29d29d15d29d29d00042d42d0000005fd00fabd213a5ac89229012f70afd5c,c02f|0303|h2|ff01-0000-0001-000b-0023-0010-0017,c02f|0303|h2|ff01-0000-0001-000b-0023-0010-0017,009e|0303|h2|ff01-0000-0001-0023-0010-0017,c02f|0303||ff01-0000-0001-000b-0023-0017,c02f|0303||ff01-0000-0001-000b-0023-0017,|||,1302|0303||002b-0033,1302|0303||002b-0033,|||,|||
119.247.176.79,119.247.176.79,00000000000000000000000000000000000000000000000000000000000000,|||,|||,|||,|||,|||,|||,|||,|||,|||,|||
152.32.148.19,152.32.148.19,00000000000000000000000000000000000000000000000000000000000000,|||,|||,|||,|||,|||,|||,|||,|||,|||,|||
119.161.98.140,119.161.98.140,00000000000000000000000000000000000000000000000000000000000000,|||,|||,|||,|||,|||,|||,|||,|||,|||,|||
152.32.150.117,152.32.150.117,00000000000000000000000000000000000000000000000000000000000000,|||,|||,|||,|||,|||,|||,|||,|||,|||,|||
119.206.205.69,119.206.205.69,00000000000000000000000000000000000000000000000000000000000000,|||,|||,|||,|||,|||,|||,|||,|||,|||,|||
119.247.114.122,119.247.114.122,00000000000000000000000000000000000000000000000000000000000000,|||,|||,|||,|||,|||,|||,|||,|||,|||,|||
119.194.122.157,119.194.122.157,00000000000000000000000000000000000000000000000000000000000000,|||,|||,|||,|||,|||,|||,|||,|||,|||,|||
119.187.149.238,119.187.149.238,00000000000000000000000000000000000000000000000000000000000000,|||,|||,|||,|||,|||,|||,|||,|||,|||,|||
143.198.49.122,143.198.49.122,15d3fd16d21d21d00042d43d000000fe02290512647416dcf0a400ccbc0b6b,009e|0303|http/1.1|ff01-0000-0001-0010-0017,cca8|0303|http/1.1|ff01-0000-0001-000b-0010-0017,009f|0303|http/1.1|ff01-0000-0001-0010-0017,c013|0303||ff01-0000-0001-000b-0017,c013|0303||ff01-0000-0001-000b-0017,|||,1302|0303||002b-0033,1303|0303||002b-0033,|||,|||
119.18.151.161,119.18.151.161,00000000000000000000000000000000000000000000000000000000000000,|||,|||,|||,|||,|||,|||,|||,|||,|||,|||
146.56.46.152,146.56.46.152,00000000000000000000000000000000000000000000000000000000000000,|||,|||,|||,|||,|||,|||,|||,|||,|||,|||
143.198.73.53,143.198.73.53,29d29d00029d29d00042d42d00000045d9c61f898d3d72d7a153fdd2347f3c,c02f|0303|h2|ff01-0001-000b-0023-0010-0017,c02f|0303|h2|ff01-0001-000b-0023-0010-0017,|||,c02f|0303||ff01-0001-000b-0023-0017,c02f|0303||ff01-0001-000b-0023-0017,|||,1302|0303||002b-0033,1302|0303||002b-0033,|||,|||
119.36.198.25,119.36.198.25,00000000000000000000000000000000000000000000000000000000000000,|||,|||,|||,|||,|||,|||,|||,|||,|||,|||
119.39.132.97,119.39.132.97,00000000000000000000000000000000000000000000000000000000000000,|||,|||,|||,|||,|||,|||,|||,|||,|||,|||
119.29.110.247,119.29.110.247,00000000000000000000000000000000000000000000000000000000000000,|||,|||,|||,|||,|||,|||,|||,|||,|||,|||
119.36.176.248,119.36.176.248,00000000000000000000000000000000000000000000000000000000000000,|||,|||,|||,|||,|||,|||,|||,|||,|||,|||
119.29.83.189,119.29.83.189,00000000000000000000000000000000000000000000000000000000000000,|||,|||,|||,|||,|||,|||,|||,|||,|||,|||
147.182.132.199,147.182.132.199,15d3fd16d21d21d00042d43d000000fe02290512647416dcf0a400ccbc0b6b,009e|0303|http/1.1|ff01-0000-0001-0010-0017,cca8|0303|http/1.1|ff01-0000-0001-000b-0010-0017,009f|0303|http/1.1|ff01-0000-0001-0010-0017,c013|0303||ff01-0000-0001-000b-0017,c013|0303||ff01-0000-0001-000b-0017,|||,1302|0303||002b-0033,1303|0303||002b-0033,|||,|||
119.37.199.20,119.37.199.20,00000000000000000000000000000000000000000000000000000000000000,|||,|||,|||,|||,|||,|||,|||,|||,|||,|||
139.59.60.232,139.59.60.232,2ad2ad16d2ad2ad00042d42d0000005fd00fabd213a5ac89229012f70afd5c,c030|0303|h2|ff01-0000-0001-000b-0023-0010-0017,c030|0303|h2|ff01-0000-0001-000b-0023-0010-0017,009f|0303|h2|ff01-0000-0001-0023-0010-0017,c030|0303||ff01-0000-0001-000b-0023-0017,c030|0303||ff01-0000-0001-000b-0023-0017,|||,1302|0303||002b-0033,1302|0303||002b-0033,|||,|||
119.251.182.170,119.251.182.170,00000000000000000000000000000000000000000000000000000000000000,|||,|||,|||,|||,|||,|||,|||,|||,|||,|||
143.198.60.18,143.198.60.18,2ad2ad16d2ad2ad00042d42d0000005fd00fabd213a5ac89229012f70afd5c,c030|0303|h2|ff01-0000-0001-000b-0023-0010-0017,c030|0303|h2|ff01-0000-0001-000b-0023-0010-0017,009f|0303|h2|ff01-0000-0001-0023-0010-0017,c030|0303||ff01-0000-0001-000b-0023-0017,c030|0303||ff01-0000-0001-000b-0023-0017,|||,1302|0303||002b-0033,1302|0303||002b-0033,|||,|||
119.28.2.174,119.28.2.174,00000000000000000000000000000000000000000000000000000000000000,|||,|||,|||,|||,|||,|||,|||,|||,|||,|||
147.182.185.185,147.182.185.185,15d3fd16d29d29d00042d43d000000020e545358d49bb421bf10130f479eaa,009e|0303|h2|ff01-0001-0023-0010-0017,cca8|0303|h2|ff01-0001-000b-0023-0010-0017,009f|0303|h2|ff01-0001-0023-0010-0017,c02f|0303||ff01-0001-000b-0023-0017,c02f|0303||ff01-0001-000b-0023-0017,|||,1302|0303||002b-0033,1303|0303||002b-0033,|||,|||
139.59.99.211,139.59.99.211,2ad2ad0002ad2ad00042d42d000000301510f56407964db9434a9bb0d4ee4a,c030|0303|http/1.1|ff01-0000-0001-000b-0023-0010-0017,c030|0303|http/1.1|ff01-0000-0001-000b-0023-0010-0017,|||,c030|0303||ff01-0000-0001-000b-0023-0017,c030|0303||ff01-0000-0001-000b-0023-0017,|||,1302|0303||002b-0033,1302|0303||002b-0033,|||,|||
143.244.183.38,143.244.183.38,2ad2ad0002ad2ad0002ad2ad2ad2ade1a3c0d7ca6ad8388057924be83dfc6a,c030|0303|http/1.1|ff01-0000-0001-000b-0023-0010-0017,c030|0303|http/1.1|ff01-0000-0001-000b-0023-0010-0017,|||,c030|0303||ff01-0000-0001-000b-0023-0017,c030|0303||ff01-0000-0001-000b-0023-0017,|||,c030|0303|http/1.1|ff01-0000-0001-000b-0023-0010-0017,c030|0303|http/1.1|ff01-0000-0001-000b-0023-0010-0017,c030|0303|http/1.1|ff01-0000-0001-000b-0023-0010-0017,c030|0303|http/1.1|ff01-0000-0001-000b-0023-0010-0017
143.198.150.103,143.198.150.103,07d14d16d00000007c42d43d000000d7fea3e2a9a42f8c902e5a0b622bad65,0033|0303|http/1.1|ff01-0001-0010-0017,009d|0303|http/1.1|ff01-0001-0010-0017,009f|0303|http/1.1|ff01-0001-0010-0017,|||,|||,0033|0302|http/1.1|ff01-0001-0010-0017,1302|0303||002b-0033,1303|0303||002b-0033,|||,|||
119.29.193.192,119.29.193.192,00000000000000000000000000000000000000000000000000000000000000,|||,|||,|||,|||,|||,|||,|||,|||,|||,|||
119.41.204.35,119.41.204.35,00000000000000000000000000000000000000000000000000000000000000,|||,|||,|||,|||,|||,|||,|||,|||,|||,|||
119.188.250.168,119.188.250.168,00000000000000000000000000000000000000000000000000000000000000,|||,|||,|||,|||,|||,|||,|||,|||,|||,|||
152.32.150.182,152.32.150.182,00000000000000000000000000000000000000000000000000000000000000,|||,|||,|||,|||,|||,|||,|||,|||,|||,|||
139.59.75.191,139.59.75.191,00000000000000000000000000000000000000000000000000000000000000,|||,|||,|||,|||,|||,|||,|||,|||,|||,|||
152.32.143.46,152.32.143.46,00000000000000000000000000000000000000000000000000000000000000,|||,|||,|||,|||,|||,|||,|||,|||,|||,|||
152.32.142.103,152.32.142.103,00000000000000000000000000000000000000000000000000000000000000,|||,|||,|||,|||,|||,|||,|||,|||,|||,|||
119.3.70.244,119.3.70.244,00000000000000000000000000000000000000000000000000000000000000,|||,|||,|||,|||,|||,|||,|||,|||,|||,|||
119.192.185.51,119.192.185.51,00000000000000000000000000000000000000000000000000000000000000,|||,|||,|||,|||,|||,|||,|||,|||,|||,|||
139.59.94.183,139.59.94.183,2ad2ad0002ad2ad0002ad2ad2ad2ad08a0d286bdfcdb762d7d807e4efd7674,c030|0303|h2|0023-ff01-0010,c030|0303|h2|0023-ff01-0010,|||,c030|0303||0023-ff01,c030|0303||0023-ff01,|||,c030|0303|h2|0023-ff01-0010,c030|0303|h2|0023-ff01-0010,c030|0303|h2|0023-ff01-0010,c030|0303|h2|0023-ff01-0010
118.39.233.76,118.39.233.76,00000000000000000000000000000000000000000000000000000000000000,|||,|||,|||,|||,|||,|||,|||,|||,|||,|||
152.32.143.81,152.32.143.81,00000000000000000000000000000000000000000000000000000000000000,|||,|||,|||,|||,|||,|||,|||,|||,|||,|||
119.51.235.20,119.51.235.20,00000000000000000000000000000000000000000000000000000000000000,|||,|||,|||,|||,|||,|||,|||,|||,|||,|||
152.32.150.167,152.32.150.167,00000000000000000000000000000000000000000000000000000000000000,|||,|||,|||,|||,|||,|||,|||,|||,|||,|||
145.249.245.24,145.249.245.24,2ad2ad16d00000022c2ad2ad2ad2ad46ff59a659b30fd8aeaa6755c67691b4,c030|0303|h2|0010-0017-ff01,c030|0303|h2|0010-0017-ff01,009f|0303|h2|0010-0017-ff01,|||,|||,c014|0302|http/1.1|0010-0017-ff01,c030|0303|h2|0010-0017-ff01,c030|0303|h2|0010-0017-ff01,c030|0303|h2|0010-0017-ff01,c030|0303|h2|0010-0017-ff01
119.84.246.34,119.84.246.34,00000000000000000000000000000000000000000000000000000000000000,|||,|||,|||,|||,|||,|||,|||,|||,|||,|||
149.28.33.143,149.28.33.143,2ad2ad16d00000022c2ad2ad2ad2adbc07bc352a188303b518c8a273c71220,c030|0303|h2|0010-0017-ff01,c030|0303|h2|0010-0017-ff01,009f|0303|h2|0010-0017-ff01,|||,|||,c014|0302|h2|0010-0017-ff01,c030|0303|h2|0010-0017-ff01,c030|0303|h2|0010-0017-ff01,c030|0303|h2|0010-0017-ff01,c030|0303|h2|0010-0017-ff01
147.182.184.128,147.182.184.128,29d29d00029d29d00042d42d000000591965a32830c32b3ad57d4bfd247359,c02f|0303|http/1.1|ff01-0001-000b-0023-0010-0017,c02f|0303|http/1.1|ff01-0001-000b-0023-0010-0017,|||,c02f|0303||ff01-0001-000b-0023-0017,c02f|0303||ff01-0001-000b-0023-0017,|||,1302|0303||002b-0033,1302|0303||002b-0033,|||,|||
152.32.227.252,152.32.227.252,00000000000000000000000000000000000000000000000000000000000000,|||,|||,|||,|||,|||,|||,|||,|||,|||,|||
149.129.131.134,149.129.131.134,00000000000000000000000000000000000000000000000000000000000000,|||,|||,|||,|||,|||,|||,|||,|||,|||,|||
119.91.195.221,119.91.195.221,00000000000000000000000000000000000000000000000000000000000000,|||,|||,|||,|||,|||,|||,|||,|||,|||,|||
152.32.151.57,152.32.151.57,00000000000000000000000000000000000000000000000000000000000000,|||,|||,|||,|||,|||,|||,|||,|||,|||,|||
119.51.235.89,119.51.235.89,00000000000000000000000000000000000000000000000000000000000000,|||,|||,|||,|||,|||,|||,|||,|||,|||,|||
152.32.150.223,152.32.150.223,00000000000000000000000000000000000000000000000000000000000000,|||,|||,|||,|||,|||,|||,|||,|||,|||,|||
152.32.150.138,152.32.150.138,00000000000000000000000000000000000000000000000000000000000000,|||,|||,|||,|||,|||,|||,|||,|||,|||,|||
119.91.116.23,119.91.116.23,00000000000000000000000000000000000000000000000000000000000000,|||,|||,|||,|||,|||,|||,|||,|||,|||,|||
119.45.184.137,119.45.184.137,00000000000000000000000000000000000000000000000000000000000000,|||,|||,|||,|||,|||,|||,|||,|||,|||,|||
119.91.125.29,119.91.125.29,00000000000000000000000000000000000000000000000000000000000000,|||,|||,|||,|||,|||,|||,|||,|||,|||,|||
143.198.234.217,143.198.234.217,2ad2ad0002ad2ad0002ad2ad2ad2ade1a3c0d7ca6ad8388057924be83dfc6a,c030|0303|http/1.1|ff01-0000-0001-000b-0023-0010-0017,c030|0303|http/1.1|ff01-0000-0001-000b-0023-0010-0017,|||,c030|0303||ff01-0000-0001-000b-0023-0017,c030|0303||ff01-0000-0001-000b-0023-0017,|||,c030|0303|http/1.1|ff01-0000-0001-000b-0023-0010-0017,c030|0303|http/1.1|ff01-0000-0001-000b-0023-0010-0017,c030|0303|http/1.1|ff01-0000-0001-000b-0023-0010-0017,c030|0303|http/1.1|ff01-0000-0001-000b-0023-0010-0017
152.32.150.152,152.32.150.152,00000000000000000000000000000000000000000000000000000000000000,|||,|||,|||,|||,|||,|||,|||,|||,|||,|||
119.8.126.21,119.8.126.21,00000000000000000000000000000000000000000000000000000000000000,|||,|||,|||,|||,|||,|||,|||,|||,|||,|||
152.32.140.237,152.32.140.237,00000000000000000000000000000000000000000000000000000000000000,|||,|||,|||,|||,|||,|||,|||,|||,|||,|||
119.91.142.25,119.91.142.25,00000000000000000000000000000000000000000000000000000000000000,|||,|||,|||,|||,|||,|||,|||,|||,|||,|||
152.32.150.169,152.32.150.169,00000000000000000000000000000000000000000000000000000000000000,|||,|||,|||,|||,|||,|||,|||,|||,|||,|||
119.51.235.133,119.51.235.133,00000000000000000000000000000000000000000000000000000000000000,|||,|||,|||,|||,|||,|||,|||,|||,|||,|||
152.32.228.20,152.32.228.20,00000000000000000000000000000000000000000000000000000000000000,|||,|||,|||,|||,|||,|||,|||,|||,|||,|||
146.56.249.187,146.56.249.187,00000000000000000000000000000000000000000000000000000000000000,|||,|||,|||,|||,|||,|||,|||,|||,|||,|||
150.158.100.218,150.158.100.218,00000000000000000000000000000000000000000000000000000000000000,|||,|||,|||,|||,|||,|||,|||,|||,|||,|||
150.158.117.33,150.158.117.33,00000000000000000000000000000000000000000000000000000000000000,|||,|||,|||,|||,|||,|||,|||,|||,|||,|||
151.22.229.18,151.22.229.18,00000000000000000000000000000000000000000000000000000000000000,|||,|||,|||,|||,|||,|||,|||,|||,|||,|||
152.32.180.171,152.32.180.171,00000000000000000000000000000000000000000000000000000000000000,|||,|||,|||,|||,|||,|||,|||,|||,|||,|||
139.99.136.2,139.99.136.2,21d19d00021d21d21c21d19d21d21da1a818a999858855445ec8a8fdd38eb5,c013|0303|h2|ff01-0000-0001-000b-0023-0010-0017,00c0|0303|h2|ff01-0000-0001-0023-0010-0017,|||,c013|0303||ff01-0000-0001-000b-0023-0017,c013|0303||ff01-0000-0001-000b-0023-0017,c013|0302|h2|ff01-0000-0001-000b-0023-0010-0017,c013|0303|h2|ff01-0000-0001-000b-0023-0010-0017,00c0|0303|h2|ff01-0000-0001-0023-0010-0017,c013|0303|h2|ff01-0000-0001-000b-0023-0010-0017,c013|0303|h2|ff01-0000-0001-000b-0023-0010-0017
119.51.235.102,119.51.235.102,00000000000000000000000000000000000000000000000000000000000000,|||,|||,|||,|||,|||,|||,|||,|||,|||,|||
120.151.133.180,120.151.133.180,00000000000000000000000000000000000000000000000000000000000000,|||,|||,|||,|||,|||,|||,|||,|||,|||,|||
120.193.211.107,120.193.211.107,00000000000000000000000000000000000000000000000000000000000000,|||,|||,|||,|||,|||,|||,|||,|||,|||,|||
120.192.29.114,120.192.29.114,00000000000000000000000000000000000000000000000000000000000000,|||,|||,|||,|||,|||,|||,|||,|||,|||,|||
150.158.19.44,150.158.19.44,00000000000000000000000000000000000000000000000000000000000000,|||,|||,|||,|||,|||,|||,|||,|||,|||,|||
119.96.223.126,119.96.223.126,00000000000000000000000000000000000000000000000000000000000000,|||,|||,|||,|||,|||,|||,|||,|||,|||,|||
152.32.150.96,152.32.150.96,00000000000000000000000000000000000000000000000000000000000000,|||,|||,|||,|||,|||,|||,|||,|||,|||,|||
146.71.76.126,146.71.76.126,00000000000000000000000000000000000000000000000000000000000000,|||,|||,|||,|||,|||,|||,|||,|||,|||,|||
152.32.227.23,152.32.227.23,00000000000000000000000000000000000000000000000000000000000000,|||,|||,|||,|||,|||,|||,|||,|||,|||,|||
150.158.170.150,150.158.170.150,00000000000000000000000000000000000000000000000000000000000000,|||,|||,|||,|||,|||,|||,|||,|||,|||,|||
139.59.70.120,139.59.70.120,2ad2ad16d2ad2ad0002ad2ad2ad2ad3bdd6488d43f29954bcd526a60dc2e3b,c030|0303|h2|ff01-0000-0001-000b-0010-0017,c030|0303|h2|ff01-0000-0001-000b-0010-0017,009f|0303|h2|ff01-0000-0001-0010-0017,c030|0303||ff01-0000-0001-000b-0017,c030|0303||ff01-0000-0001-000b-0017,|||,c030|0303|h2|ff01-0000-0001-000b-0010-0017,c030|0303|h2|ff01-0000-0001-000b-0010-0017,c030|0303|h2|ff01-0000-0001-000b-0010-0017,c030|0303|h2|ff01-0000-0001-000b-0010-0017
152.32.180.70,152.32.180.70,00000000000000000000000000000000000000000000000000000000000000,|||,|||,|||,|||,|||,|||,|||,|||,|||,|||
152.32.150.226,152.32.150.226,00000000000000000000000000000000000000000000000000000000000000,|||,|||,|||,|||,|||,|||,|||,|||,|||,|||
143.92.63.172,143.92.63.172,00000000000000000000000000000000000000000000000000000000000000,|||,|||,|||,|||,|||,|||,|||,|||,|||,|||
119.91.251.179,119.91.251.179,00000000000000000000000000000000000000000000000000000000000000,|||,|||,|||,|||,|||,|||,|||,|||,|||,|||
152.32.135.202,152.32.135.202,00000000000000000000000000000000000000000000000000000000000000,|||,|||,|||,|||,|||,|||,|||,|||,|||,|||
120.194.244.69,120.194.244.69,00000000000000000000000000000000000000000000000000000000000000,|||,|||,|||,|||,|||,|||,|||,|||,|||,|||
150.158.163.188,150.158.163.188,00000000000000000000000000000000000000000000000000000000000000,|||,|||,|||,|||,|||,|||,|||,|||,|||,|||
120.196.230.62,120.196.230.62,00000000000000000000000000000000000000000000000000000000000000,|||,|||,|||,|||,|||,|||,|||,|||,|||,|||
143.198.97.205,143.198.97.205,29d3fd00029d29d00042d43d00000023f2ae7180b8a0816654f2296c007d93,c02f|0303|h2|ff01-0000-0001-000b-0010-0017,cca8|0303|h2|ff01-0000-0001-000b-0010-0017,|||,c02f|0303|http/1.0|ff01-0000-0001-000b-0010-0017,c02f|0303|http/1.0|ff01-0000-0001-000b-0010-0017,|||,1302|0303||002b-0033,1303|0303||002b-0033,|||,|||
150.158.22.246,150.158.22.246,00000000000000000000000000000000000000000000000000000000000000,|||,|||,|||,|||,|||,|||,|||,|||,|||,|||
152.32.140.200,152.32.140.200,00000000000000000000000000000000000000000000000000000000000000,|||,|||,|||,|||,|||,|||,|||,|||,|||,|||
150.158.100.45,150.158.100.45,00000000000000000000000000000000000000000000000000000000000000,|||,|||,|||,|||,|||,|||,|||,|||,|||,|||
150.158.3.166,150.158.3.166,00000000000000000000000000000000000000000000000000000000000000,|||,|||,|||,|||,|||,|||,|||,|||,|||,|||
119.91.148.241,119.91.148.241,00000000000000000000000000000000000000000000000000000000000000,|||,|||,|||,|||,|||,|||,|||,|||,|||,|||
120.196.238.25,120.196.238.25,00000000000000000000000000000000000000000000000000000000000000,|||,|||,|||,|||,|||,|||,|||,|||,|||,|||
119.91.138.196,119.91.138.196,00000000000000000000000000000000000000000000000000000000000000,|||,|||,|||,|||,|||,|||,|||,|||,|||,|||
149.28.145.7,149.28.145.7,00000000000000000000000000000000000000000000000000000000000000,|||,|||,|||,|||,|||,|||,|||,|||,|||,|||
152.32.133.183,152.32.133.183,00000000000000000000000000000000000000000000000000000000000000,|||,|||,|||,|||,|||,|||,|||,|||,|||,|||
152.136.176.43,152.136.176.43,00000000000000000000000000000000000000000000000000000000000000,|||,|||,|||,|||,|||,|||,|||,|||,|||,|||
152.32.227.68,152.32.227.68,00000000000000000000000000000000000000000000000000000000000000,|||,|||,|||,|||,|||,|||,|||,|||,|||,|||
120.194.243.141,120.194.243.141,00000000000000000000000000000000000000000000000000000000000000,|||,|||,|||,|||,|||,|||,|||,|||,|||,|||
150.158.144.201,150.158.144.201,00000000000000000000000000000000000000000000000000000000000000,|||,|||,|||,|||,|||,|||,|||,|||,|||,|||
120.192.66.35,120.192.66.35,00000000000000000000000000000000000000000000000000000000000000,|||,|||,|||,|||,|||,|||,|||,|||,|||,|||
120.193.184.98,120.193.184.98,00000000000000000000000000000000000000000000000000000000000000,|||,|||,|||,|||,|||,|||,|||,|||,|||,|||
120.210.16.139,120.210.16.139,00000000000000000000000000000000000000000000000000000000000000,|||,|||,|||,|||,|||,|||,|||,|||,|||,|||
120.194.57.239,120.194.57.239,00000000000000000000000000000000000000000000000000000000000000,|||,|||,|||,|||,|||,|||,|||,|||,|||,|||
139.99.245.245,139.99.245.245,00000000000000000000000000000000000000000000000000000000000000,|||,|||,|||,|||,|||,|||,|||,|||,|||,|||
120.210.16.232,120.210.16.232,00000000000000000000000000000000000000000000000000000000000000,|||,|||,|||,|||,|||,|||,|||,|||,|||,|||
120.209.61.75,120.209.61.75,00000000000000000000000000000000000000000000000000000000000000,|||,|||,|||,|||,|||,|||,|||,|||,|||,|||
120.210.15.202,120.210.15.202,00000000000000000000000000000000000000000000000000000000000000,|||,|||,|||,|||,|||,|||,|||,|||,|||,|||
152.32.157.228,152.32.157.228,00000000000000000000000000000000000000000000000000000000000000,|||,|||,|||,|||,|||,|||,|||,|||,|||,|||
120.198.114.82,120.198.114.82,00000000000000000000000000000000000000000000000000000000000000,|||,|||,|||,|||,|||,|||,|||,|||,|||,|||
120.197.165.67,120.197.165.67,00000000000000000000000000000000000000000000000000000000000000,|||,|||,|||,|||,|||,|||,|||,|||,|||,|||
120.196.115.131,120.196.115.131,00000000000000000000000000000000000000000000000000000000000000,|||,|||,|||,|||,|||,|||,|||,|||,|||,|||
120.210.16.74,120.210.16.74,00000000000000000000000000000000000000000000000000000000000000,|||,|||,|||,|||,|||,|||,|||,|||,|||,|||
120.210.15.163,120.210.15.163,00000000000000000000000000000000000000000000000000000000000000,|||,|||,|||,|||,|||,|||,|||,|||,|||,|||
120.197.165.149,120.197.165.149,00000000000000000000000000000000000000000000000000000000000000,|||,|||,|||,|||,|||,|||,|||,|||,|||,|||
143.198.157.65,143.198.157.65,2ad2ad16d2ad2ad00042d42d000000a0d14c559c674ff8857d4e511e7563d1,c030|0303|http/1.1|ff01-0001-000b-0010-0017,c030|0303|http/1.1|ff01-0001-000b-0010-0017,009f|0303|http/1.1|ff01-0001-0010-0017,c030|0303|http/1.1|ff01-0001-000b-0010-0017,c030|0303|http/1.1|ff01-0001-000b-0010-0017,|||,1302|0303||002b-0033,1302|0303||002b-0033,|||,|||
120.210.16.61,120.210.16.61,00000000000000000000000000000000000000000000000000000000000000,|||,|||,|||,|||,|||,|||,|||,|||,|||,|||
120.209.125.217,120.209.125.217,00000000000000000000000000000000000000000000000000000000000000,|||,|||,|||,|||,|||,|||,|||,|||,|||,|||
143.198.225.241,143.198.225.241,3fd3fd15d3fd3fd00042d42d00000061256d32ed7779c14686ad100544dc8d,cca8|0303|http/1.1|ff01-0001-000b-0023-0010-0017,cca8|0303|http/1.1|ff01-0001-000b-0023-0010-0017,009e|0303|http/1.1|ff01-0001-0023-0010-0017,cca8|0303|http/1.1|ff01-0001-000b-0023-0010-0017,cca8|0303|http/1.1|ff01-0001-000b-0023-0010-0017,|||,1302|0303||002b-0033,1302|0303||002b-0033,|||,|||
120.198.3.76,120.198.3.76,00000000000000000000000000000000000000000000000000000000000000,|||,|||,|||,|||,|||,|||,|||,|||,|||,|||
120.210.16.223,120.210.16.223,00000000000000000000000000000000000000000000000000000000000000,|||,|||,|||,|||,|||,|||,|||,|||,|||,|||
150.158.94.135,150.158.94.135,00000000000000000000000000000000000000000000000000000000000000,|||,|||,|||,|||,|||,|||,|||,|||,|||,|||
120.198.118.15,120.198.118.15,00000000000000000000000000000000000000000000000000000000000000,|||,|||,|||,|||,|||,|||,|||,|||,|||,|||
150.230.85.87,150.230.85.87,00000000000000000000000000000000000000000000000000000000000000,|||,|||,|||,|||,|||,|||,|||,|||,|||,|||
120.196.107.11,120.196.107.11,00000000000000000000000000000000000000000000000000000000000000,|||,|||,|||,|||,|||,|||,|||,|||,|||,|||
120.199.184.244,120.199.184.244,00000000000000000000000000000000000000000000000000000000000000,|||,|||,|||,|||,|||,|||,|||,|||,|||,|||
120.197.181.66,120.197.181.66,00000000000000000000000000000000000000000000000000000000000000,|||,|||,|||,|||,|||,|||,|||,|||,|||,|||
152.32.181.13,152.32.181.13,00000000000000000000000000000000000000000000000000000000000000,|||,|||,|||,|||,|||,|||,|||,|||,|||,|||
120.192.72.78,120.192.72.78,00000000000000000000000000000000000000000000000000000000000000,|||,|||,|||,|||,|||,|||,|||,|||,|||,|||
120.210.33.82,120.210.33.82,00000000000000000000000000000000000000000000000000000000000000,|||,|||,|||,|||,|||,|||,|||,|||,|||,|||
120.197.165.60,120.197.165.60,00000000000000000000000000000000000000000000000000000000000000,|||,|||,|||,|||,|||,|||,|||,|||,|||,|||
150.158.88.79,150.158.88.79,00000000000000000000000000000000000000000000000000000000000000,|||,|||,|||,|||,|||,|||,|||,|||,|||,|||
120.194.109.237,120.194.109.237,00000000000000000000000000000000000000000000000000000000000000,|||,|||,|||,|||,|||,|||,|||,|||,|||,|||
119.82.52.110,119.82.52.110,00000000000000000000000000000000000000000000000000000000000000,|||,|||,|||,|||,|||,|||,|||,|||,|||,|||
120.226.28.57,120.226.28.57,00000000000000000000000000000000000000000000000000000000000000,|||,|||,|||,|||,|||,|||,|||,|||,|||,|||
152.32.227.32,152.32.227.32,00000000000000000000000000000000000000000000000000000000000000,|||,|||,|||,|||,|||,|||,|||,|||,|||,|||
120.193.155.140,120.193.155.140,00000000000000000000000000000000000000000000000000000000000000,|||,|||,|||,|||,|||,|||,|||,|||,|||,|||
120.210.16.85,120.210.16.85,00000000000000000000000000000000000000000000000000000000000000,|||,|||,|||,|||,|||,|||,|||,|||,|||,|||
143.244.183.35,143.244.183.35,15d3fd16d29d29d00042d43d0000009ec686233a4398bea334ba5e62e34a01,009e|0303|http/1.1|ff01-0001-0023-0010-0017,cca8|0303|http/1.1|ff01-0001-000b-0023-0010-0017,009f|0303|http/1.1|ff01-0001-0023-0010-0017,c02f|0303|http/1.1|ff01-0001-000b-0023-0010-0017,c02f|0303|http/1.1|ff01-0001-000b-0023-0010-0017,|||,1302|0303||002b-0033,1303|0303||002b-0033,|||,|||
152.32.181.45,152.32.181.45,00000000000000000000000000000000000000000000000000000000000000,|||,|||,|||,|||,|||,|||,|||,|||,|||,|||
119.5.152.159,119.5.152.159,00000000000000000000000000000000000000000000000000000000000000,|||,|||,|||,|||,|||,|||,|||,|||,|||,|||
147.50.252.71,147.50.252.71,00000000000000000000000000000000000000000000000000000000000000,|||,|||,|||,|||,|||,|||,|||,|||,|||,|||
120.197.32.3,120.197.32.3,00000000000000000000000000000000000000000000000000000000000000,|||,|||,|||,|||,|||,|||,|||,|||,|||,|||
150.158.94.18,150.158.94.18,00000000000000000000000000000000000000000000000000000000000000,|||,|||,|||,|||,|||,|||,|||,|||,|||,|||
120.234.6.186,120.234.6.186,00000000000000000000000000000000000000000000000000000000000000,|||,|||,|||,|||,|||,|||,|||,|||,|||,|||
120.226.28.54,120.226.28.54,00000000000000000000000000000000000000000000000000000000000000,|||,|||,|||,|||,|||,|||,|||,|||,|||,|||
120.221.130.109,120.221.130.109,00000000000000000000000000000000000000000000000000000000000000,|||,|||,|||,|||,|||,|||,|||,|||,|||,|||
152.32.180.213,152.32.180.213,00000000000000000000000000000000000000000000000000000000000000,|||,|||,|||,|||,|||,|||,|||,|||,|||,|||
120.192.58.188,120.192.58.188,00000000000000000000000000000000000000000000000000000000000000,|||,|||,|||,|||,|||,|||,|||,|||,|||,|||
154.54.220.210,154.54.220.210,00000000000000000000000000000000000000000000000000000000000000,|||,|||,|||,|||,|||,|||,|||,|||,|||,|||
150.158.81.229,150.158.81.229,00000000000000000000000000000000000000000000000000000000000000,|||,|||,|||,|||,|||,|||,|||,|||,|||,|||
120.236.141.242,120.236.141.242,00000000000000000000000000000000000000000000000000000000000000,|||,|||,|||,|||,|||,|||,|||,|||,|||,|||
143.244.184.219,143.244.184.219,00000000000000000000000000000000000000000000000000000000000000,|||,|||,|||,|||,|||,|||,|||,|||,|||,|||
157.230.101.84,157.230.101.84,00000000000000000000000000000000000000000000000000000000000000,|||,|||,|||,|||,|||,|||,|||,|||,|||,|||
120.233.10.49,120.233.10.49,00000000000000000000000000000000000000000000000000000000000000,|||,|||,|||,|||,|||,|||,|||,|||,|||,|||
120.224.50.131,120.224.50.131,00000000000000000000000000000000000000000000000000000000000000,|||,|||,|||,|||,|||,|||,|||,|||,|||,|||
120.226.244.162,120.226.244.162,00000000000000000000000000000000000000000000000000000000000000,|||,|||,|||,|||,|||,|||,|||,|||,|||,|||
120.237.12.53,120.237.12.53,00000000000000000000000000000000000000000000000000000000000000,|||,|||,|||,|||,|||,|||,|||,|||,|||,|||
120.236.66.27,120.236.66.27,00000000000000000000000000000000000000000000000000000000000000,|||,|||,|||,|||,|||,|||,|||,|||,|||,|||
150.158.44.200,150.158.44.200,00000000000000000000000000000000000000000000000000000000000000,|||,|||,|||,|||,|||,|||,|||,|||,|||,|||
120.234.149.229,120.234.149.229,00000000000000000000000000000000000000000000000000000000000000,|||,|||,|||,|||,|||,|||,|||,|||,|||,|||
120.237.24.92,120.237.24.92,00000000000000000000000000000000000000000000000000000000000000,|||,|||,|||,|||,|||,|||,|||,|||,|||,|||
157.230.28.113,157.230.28.113,00000000000000000000000000000000000000000000000000000000000000,|||,|||,|||,|||,|||,|||,|||,|||,|||,|||
120.238.95.100,120.238.95.100,00000000000000000000000000000000000000000000000000000000000000,|||,|||,|||,|||,|||,|||,|||,|||,|||,|||
120.238.147.178,120.238.147.178,00000000000000000000000000000000000000000000000000000000000000,|||,|||,|||,|||,|||,|||,|||,|||,|||,|||
143.198.230.140,143.198.230.140,27d27d27d00027d00041d27d27d41dd279b0cf765af27fa62e66d7c8281124,c02b|0303|h2|0023-ff01-0010-000b,c02b|0303|h2|0023-ff01-0010-000b,c02b|0303|h2|0023-ff01-0010-000b,|||,c02b|0303||0023-ff01-000b,|||,1301|0303||002b-0033,c02b|0303|h2|0023-ff01-0010-000b,c02b|0303|h2|0023-ff01-0010-000b,1301|0303||002b-0033
120.238.95.111,120.238.95.111,00000000000000000000000000000000000000000000000000000000000000,|||,|||,|||,|||,|||,|||,|||,|||,|||,|||
142.93.221.9,142.93.221.9,3fd3fd15d3fd3fd21c42d42d0000006f254909a73bf62f6b28507e9fb451b5,cca8|0303|http/1.1|ff01-0001-000b-0023-0010-0017,cca8|0303|http/1.1|ff01-0001-000b-0023-0010-0017,009e|0303|http/1.1|ff01-0001-0023-0010-0017,cca8|0303|http/1.1|ff01-0001-000b-0023-0010-0017,cca8|0303|http/1.1|ff01-0001-000b-0023-0010-0017,c013|0302|http/1.1|ff01-0001-000b-0023-0010-0017,1302|0303||002b-0033,1302|0303||002b-0033,|||,|||
119.96.242.222,119.96.242.222,00000000000000000000000000000000000000000000000000000000000000,|||,|||,|||,|||,|||,|||,|||,|||,|||,|||
156.197.26.248,156.197.26.248,00000000000000000000000000000000000000000000000000000000000000,|||,|||,|||,|||,|||,|||,|||,|||,|||,|||
157.230.31.249,157.230.31.249,00000000000000000000000000000000000000000000000000000000000000,|||,|||,|||,|||,|||,|||,|||,|||,|||,|||
150.158.80.212,150.158.80.212,00000000000000000000000000000000000000000000000000000000000000,|||,|||,|||,|||,|||,|||,|||,|||,|||,|||
150.158.136.187,150.158.136.187,00000000000000000000000000000000000000000000000000000000000000,|||,|||,|||,|||,|||,|||,|||,|||,|||,|||
120.232.214.69,120.232.214.69,00000000000000000000000000000000000000000000000000000000000000,|||,|||,|||,|||,|||,|||,|||,|||,|||,|||
157.245.73.151,157.245.73.151,00000000000000000000000000000000000000000000000000000000000000,|||,|||,|||,|||,|||,|||,|||,|||,|||,|||
120.238.95.65,120.238.95.65,00000000000000000000000000000000000000000000000000000000000000,|||,|||,|||,|||,|||,|||,|||,|||,|||,|||
152.136.122.233,152.136.122.233,00000000000000000000000000000000000000000000000000000000000000,|||,|||,|||,|||,|||,|||,|||,|||,|||,|||
120.234.227.172,120.234.227.172,00000000000000000000000000000000000000000000000000000000000000,|||,|||,|||,|||,|||,|||,|||,|||,|||,|||
120.238.95.126,120.238.95.126,00000000000000000000000000000000000000000000000000000000000000,|||,|||,|||,|||,|||,|||,|||,|||,|||,|||
120.238.95.103,120.238.95.103,00000000000000000000000000000000000000000000000000000000000000,|||,|||,|||,|||,|||,|||,|||,|||,|||,|||
120.132.84.193,120.132.84.193,00000000000000000000000000000000000000000000000000000000000000,|||,|||,|||,|||,|||,|||,|||,|||,|||,|||
120.238.95.70,120.238.95.70,00000000000000000000000000000000000000000000000000000000000000,|||,|||,|||,|||,|||,|||,|||,|||,|||,|||
157.245.38.3,157.245.38.3,00000000000000000000000000000000000000000000000000000000000000,|||,|||,|||,|||,|||,|||,|||,|||,|||,|||
157.245.44.129,157.245.44.129,00000000000000000000000000000000000000000000000000000000000000,|||,|||,|||,|||,|||,|||,|||,|||,|||,|||
157.245.32.238,157.245.32.238,00000000000000000000000000000000000000000000000000000000000000,|||,|||,|||,|||,|||,|||,|||,|||,|||,|||
156.146.33.70,156.146.33.70,21d14d00021d21d21c21d14d21d21dcade67768786e23ca695466fb7f94658,c013|0303||ff01-000b-0023-0017,009d|0303||ff01-0023-0017,|||,c013|0303||ff01-000b-0023-0017,c013|0303||ff01-000b-0023-0017,c013|0302||ff01-000b-0023-0017,c013|0303||ff01-000b-0023-0017,009d|0303||ff01-0023-0017,c013|0303||ff01-000b-0023-0017,c013|0303||ff01-000b-0023-0017
120.224.40.99,120.224.40.99,00000000000000000000000000000000000000000000000000000000000000,|||,|||,|||,|||,|||,|||,|||,|||,|||,|||
120.238.95.106,120.238.95.106,00000000000000000000000000000000000000000000000000000000000000,|||,|||,|||,|||,|||,|||,|||,|||,|||,|||
120.238.95.112,120.238.95.112,00000000000000000000000000000000000000000000000000000000000000,|||,|||,|||,|||,|||,|||,|||,|||,|||,|||
120.199.34.60,120.199.34.60,00000000000000000000000000000000000000000000000000000000000000,|||,|||,|||,|||,|||,|||,|||,|||,|||,|||
156.146.62.57,156.146.62.57,21d14d00021d21d21c21d14d21d21dcade67768786e23ca695466fb7f94658,c013|0303||ff01-000b-0023-0017,009d|0303||ff01-0023-0017,|||,c013|0303||ff01-000b-0023-0017,c013|0303||ff01-000b-0023-0017,c013|0302||ff01-000b-0023-0017,c013|0303||ff01-000b-0023-0017,009d|0303||ff01-0023-0017,c013|0303||ff01-000b-0023-0017,c013|0303||ff01-000b-0023-0017
120.193.248.4,120.193.248.4,00000000000000000000000000000000000000000000000000000000000000,|||,|||,|||,|||,|||,|||,|||,|||,|||,|||
120.232.214.236,120.232.214.236,00000000000000000000000000000000000000000000000000000000000000,|||,|||,|||,|||,|||,|||,|||,|||,|||,|||
120.238.95.67,120.238.95.67,00000000000000000000000000000000000000000000000000000000000000,|||,|||,|||,|||,|||,|||,|||,|||,|||,|||
134.209.98.19,134.209.98.19,29d29d00029d29d21c29d29d29d29d61178e2295aff621c4f2465a23c4364f,c02f|0303|h2|ff01-000b-0023-0010,c02f|0303|h2|ff01-000b-0023-0010,|||,c02f|0303||ff01-000b-0023,c02f|0303||ff01-000b-0023,c013|0302|h2|ff01-000b-0023-0010,c02f|0303|h2|ff01-000b-0023-0010,c02f|0303|h2|ff01-000b-0023-0010,c02f|0303|h2|ff01-000b-0023-0010,c02f|0303|h2|ff01-000b-0023-0010
120.238.95.102,120.238.95.102,00000000000000000000000000000000000000000000000000000000000000,|||,|||,|||,|||,|||,|||,|||,|||,|||,|||
120.240.48.81,120.240.48.81,00000000000000000000000000000000000000000000000000000000000000,|||,|||,|||,|||,|||,|||,|||,|||,|||,|||
152.32.180.93,152.32.180.93,00000000000000000000000000000000000000000000000000000000000000,|||,|||,|||,|||,|||,|||,|||,|||,|||,|||
154.53.52.208,154.53.52.208,00000000000000000000000000000000000000000000000000000000000000,|||,|||,|||,|||,|||,|||,|||,|||,|||,|||
155.4.89.121,155.4.89.121,00000000000000000000000000000000000000000000000000000000000000,|||,|||,|||,|||,|||,|||,|||,|||,|||,|||
120.24.34.0,120.24.34.0,00000000000000000000000000000000000000000000000000000000000000,|||,|||,|||,|||,|||,|||,|||,|||,|||,|||
120.24.244.15,120.24.244.15,00000000000000000000000000000000000000000000000000000000000000,|||,|||,|||,|||,|||,|||,|||,|||,|||,|||
120.24.80.115,120.24.80.115,00000000000000000000000000000000000000000000000000000000000000,|||,|||,|||,|||,|||,|||,|||,|||,|||,|||
120.238.95.90,120.238.95.90,00000000000000000000000000000000000000000000000000000000000000,|||,|||,|||,|||,|||,|||,|||,|||,|||,|||
120.238.95.110,120.238.95.110,00000000000000000000000000000000000000000000000000000000000000,|||,|||,|||,|||,|||,|||,|||,|||,|||,|||
143.110.244.1,143.110.244.1,00000000000000000000000000000000000000000000000000000000000000,|||,|||,|||,|||,|||,|||,|||,|||,|||,|||
120.24.75.75,120.24.75.75,00000000000000000000000000000000000000000000000000000000000000,|||,|||,|||,|||,|||,|||,|||,|||,|||,|||
143.110.246.85,143.110.246.85,00000000000000000000000000000000000000000000000000000000000000,|||,|||,|||,|||,|||,|||,|||,|||,|||,|||
120.25.103.134,120.25.103.134,00000000000000000000000000000000000000000000000000000000000000,|||,|||,|||,|||,|||,|||,|||,|||,|||,|||
158.255.7.157,158.255.7.157,00000000000000000000000000000000000000000000000000000000000000,|||,|||,|||,|||,|||,|||,|||,|||,|||,|||
120.24.80.209,120.24.80.209,00000000000000000000000000000000000000000000000000000000000000,|||,|||,|||,|||,|||,|||,|||,|||,|||,|||
143.110.251.163,143.110.251.163,00000000000000000000000000000000000000000000000000000000000000,|||,|||,|||,|||,|||,|||,|||,|||,|||,|||
152.32.133.88,152.32.133.88,00000000000000000000000000000000000000000000000000000000000000,|||,|||,|||,|||,|||,|||,|||,|||,|||,|||
150.158.167.240,150.158.167.240,00000000000000000000000000000000000000000000000000000000000000,|||,|||,|||,|||,|||,|||,|||,|||,|||,|||
120.24.96.215,120.24.96.215,00000000000000000000000000000000000000000000000000000000000000,|||,|||,|||,|||,|||,|||,|||,|||,|||,|||
120.25.207.50,120.25.207.50,00000000000000000000000000000000000000000000000000000000000000,|||,|||,|||,|||,|||,|||,|||,|||,|||,|||
143.110.250.46,143.110.250.46,3fd3fd15d3fd3fd21c42d42d0000006f254909a73bf62f6b28507e9fb451b5,cca8|0303|http/1.1|ff01-0001-000b-0023-0010-0017,cca8|0303|http/1.1|ff01-0001-000b-0023-0010-0017,009e|0303|http/1.1|ff01-0001-0023-0010-0017,cca8|0303|http/1.1|ff01-0001-000b-0023-0010-0017,cca8|0303|http/1.1|ff01-0001-000b-0023-0010-0017,c013|0302|http/1.1|ff01-0001-000b-0023-0010-0017,1302|0303||002b-0033,1302|0303||002b-0033,|||,|||
120.238.95.80,120.238.95.80,00000000000000000000000000000000000000000000000000000000000000,|||,|||,|||,|||,|||,|||,|||,|||,|||,|||
120.25.148.36,120.25.148.36,00000000000000000000000000000000000000000000000000000000000000,|||,|||,|||,|||,|||,|||,|||,|||,|||,|||
120.25.160.249,120.25.160.249,00000000000000000000000000000000000000000000000000000000000000,|||,|||,|||,|||,|||,|||,|||,|||,|||,|||
120.238.95.77,120.238.95.77,00000000000000000000000000000000000000000000000000000000000000,|||,|||,|||,|||,|||,|||,|||,|||,|||,|||
149.129.132.93,149.129.132.93,00000000000000000000000000000000000000000000000000000000000000,|||,|||,|||,|||,|||,|||,|||,|||,|||,|||
152.136.131.172,152.136.131.172,00000000000000000000000000000000000000000000000000000000000000,|||,|||,|||,|||,|||,|||,|||,|||,|||,|||
120.25.216.183,120.25.216.183,00000000000000000000000000000000000000000000000000000000000000,|||,|||,|||,|||,|||,|||,|||,|||,|||,|||
120.25.241.73,120.25.241.73,00000000000000000000000000000000000000000000000000000000000000,|||,|||,|||,|||,|||,|||,|||,|||,|||,|||
120.25.174.223,120.25.174.223,00000000000000000000000000000000000000000000000000000000000000,|||,|||,|||,|||,|||,|||,|||,|||,|||,|||
120.25.243.124,120.25.243.124,00000000000000000000000000000000000000000000000000000000000000,|||,|||,|||,|||,|||,|||,|||,|||,|||,|||
120.25.202.142,120.25.202.142,00000000000000000000000000000000000000000000000000000000000000,|||,|||,|||,|||,|||,|||,|||,|||,|||,|||
120.24.53.87,120.24.53.87,00000000000000000000000000000000000000000000000000000000000000,|||,|||,|||,|||,|||,|||,|||,|||,|||,|||
120.24.238.15,120.24.238.15,00000000000000000000000000000000000000000000000000000000000000,|||,|||,|||,|||,|||,|||,|||,|||,|||,|||
146.56.118.189,146.56.118.189,00000000000000000000000000000000000000000000000000000000000000,|||,|||,|||,|||,|||,|||,|||,|||,|||,|||
152.32.172.163,152.32.172.163,00000000000000000000000000000000000000000000000000000000000000,|||,|||,|||,|||,|||,|||,|||,|||,|||,|||
120.24.191.4,120.24.191.4,00000000000000000000000000000000000000000000000000000000000000,|||,|||,|||,|||,|||,|||,|||,|||,|||,|||
120.25.72.127,120.25.72.127,00000000000000000000000000000000000000000000000000000000000000,|||,|||,|||,|||,|||,|||,|||,|||,|||,|||
152.136.12.31,152.136.12.31,00000000000000000000000000000000000000000000000000000000000000,|||,|||,|||,|||,|||,|||,|||,|||,|||,|||
157.245.73.218,157.245.73.218,00000000000000000000000000000000000000000000000000000000000000,|||,|||,|||,|||,|||,|||,|||,|||,|||,|||
120.253.67.94,120.253.67.94,00000000000000000000000000000000000000000000000000000000000000,|||,|||,|||,|||,|||,|||,|||,|||,|||,|||
152.32.171.91,152.32.171.91,00000000000000000000000000000000000000000000000000000000000000,|||,|||,|||,|||,|||,|||,|||,|||,|||,|||
120.25.79.41,120.25.79.41,00000000000000000000000000000000000000000000000000000000000000,|||,|||,|||,|||,|||,|||,|||,|||,|||,|||
157.230.119.48,157.230.119.48,2ad2ad0002ad2ad00042d42d000000301510f56407964db9434a9bb0d4ee4a,c030|0303|http/1.1|ff01-0000-0001-000b-0023-0010-0017,c030|0303|http/1.1|ff01-0000-0001-000b-0023-0010-0017,|||,c030|0303||ff01-0000-0001-000b-0023-0017,c030|0303||ff01-0000-0001-000b-0023-0017,|||,1302|0303||002b-0033,1302|0303||002b-0033,|||,|||
120.25.75.162,120.25.75.162,00000000000000000000000000000000000000000000000000000000000000,|||,|||,|||,|||,|||,|||,|||,|||,|||,|||
120.253.116.21,120.253.116.21,00000000000000000000000000000000000000000000000000000000000000,|||,|||,|||,|||,|||,|||,|||,|||,|||,|||
150.158.156.196,150.158.156.196,00000000000000000000000000000000000000000000000000000000000000,|||,|||,|||,|||,|||,|||,|||,|||,|||,|||
157.230.107.66,157.230.107.66,29d29d00029d29d22c29d29d29d29dce7a321e4956e8298ba917e9f2c22849,c02f|0303|http/1.1|ff01-0001-000b-0023-0010-0017,c02f|0303|http/1.1|ff01-0001-000b-0023-0010-0017,|||,c02f|0303||ff01-0001-000b-0023-0017,c02f|0303||ff01-0001-000b-0023-0017,c014|0302|http/1.1|ff01-0001-000b-0023-0010-0017,c02f|0303|http/1.1|ff01-0001-000b-0023-0010-0017,c02f|0303|http/1.1|ff01-0001-000b-0023-0010-0017,c02f|0303|http/1.1|ff01-0001-000b-0023-0010-0017,c02f|0303|http/1.1|ff01-0001-000b-0023-0010-0017
120.25.219.183,120.25.219.183,00000000000000000000000000000000000000000000000000000000000000,|||,|||,|||,|||,|||,|||,|||,|||,|||,|||
157.230.113.174,157.230.113.174,16d16d16d2ad16d00016d16d16d16dcbfa3dc4cbab0b48c0129972c7b68de4,009f|0303|h2|ff01-0001-0023-0010-0017,009f|0303|h2|ff01-0001-0023-0010-0017,009f|0303|h2|ff01-0001-0023-0010-0017,c030|0303||ff01-0001-000b-0023-0017,009f|0303||ff01-0001-0023-0017,|||,009f|0303|h2|ff01-0001-0023-0010-0017,009f|0303|h2|ff01-0001-0023-0010-0017,009f|0303|h2|ff01-0001-0023-0010-0017,009f|0303|h2|ff01-0001-0023-0010-0017
146.56.175.64,146.56.175.64,00000000000000000000000000000000000000000000000000000000000000,|||,|||,|||,|||,|||,|||,|||,|||,|||,|||
120.253.45.173,120.253.45.173,00000000000000000000000000000000000000000000000000000000000000,|||,|||,|||,|||,|||,|||,|||,|||,|||,|||
152.32.185.236,152.32.185.236,00000000000000000000000000000000000000000000000000000000000000,|||,|||,|||,|||,|||,|||,|||,|||,|||,|||
152.32.168.68,152.32.168.68,00000000000000000000000000000000000000000000000000000000000000,|||,|||,|||,|||,|||,|||,|||,|||,|||,|||
120.253.67.78,120.253.67.78,00000000000000000000000000000000000000000000000000000000000000,|||,|||,|||,|||,|||,|||,|||,|||,|||,|||
150.138.92.185,150.138.92.185,00000000000000000000000000000000000000000000000000000000000000,|||,|||,|||,|||,|||,|||,|||,|||,|||,|||
120.26.107.160,120.26.107.160,00000000000000000000000000000000000000000000000000000000000000,|||,|||,|||,|||,|||,|||,|||,|||,|||,|||
152.32.187.182,152.32.187.182,00000000000000000000000000000000000000000000000000000000000000,|||,|||,|||,|||,|||,|||,|||,|||,|||,|||
157.245.77.125,157.245.77.125,00000000000000000000000000000000000000000000000000000000000000,|||,|||,|||,|||,|||,|||,|||,|||,|||,|||
120.238.95.81,120.238.95.81,00000000000000000000000000000000000000000000000000000000000000,|||,|||,|||,|||,|||,|||,|||,|||,|||,|||
159.223.19.0,159.223.19.0,00000000000000000000000000000000000000000000000000000000000000,|||,|||,|||,|||,|||,|||,|||,|||,|||,|||
152.32.144.44,152.32.144.44,00000000000000000000000000000000000000000000000000000000000000,|||,|||,|||,|||,|||,|||,|||,|||,|||,|||
120.26.141.75,120.26.141.75,00000000000000000000000000000000000000000000000000000000000000,|||,|||,|||,|||,|||,|||,|||,|||,|||,|||
120.26.195.203,120.26.195.203,00000000000000000000000000000000000000000000000000000000000000,|||,|||,|||,|||,|||,|||,|||,|||,|||,|||
157.245.136.159,157.245.136.159,00000000000000000000000000000000000000000000000000000000000000,|||,|||,|||,|||,|||,|||,|||,|||,|||,|||
120.26.4.203,120.26.4.203,00000000000000000000000000000000000000000000000000000000000000,|||,|||,|||,|||,|||,|||,|||,|||,|||,|||
120.26.166.122,120.26.166.122,00000000000000000000000000000000000000000000000000000000000000,|||,|||,|||,|||,|||,|||,|||,|||,|||,|||
120.26.41.194,120.26.41.194,00000000000000000000000000000000000000000000000000000000000000,|||,|||,|||,|||,|||,|||,|||,|||,|||,|||
120.26.62.7,120.26.62.7,00000000000000000000000000000000000000000000000000000000000000,|||,|||,|||,|||,|||,|||,|||,|||,|||,|||
120.24.183.230,120.24.183.230,00000000000000000000000000000000000000000000000000000000000000,|||,|||,|||,|||,|||,|||,|||,|||,|||,|||
159.223.19.117,159.223.19.117,00000000000000000000000000000000000000000000000000000000000000,|||,|||,|||,|||,|||,|||,|||,|||,|||,|||
120.26.75.216,120.26.75.216,00000000000000000000000000000000000000000000000000000000000000,|||,|||,|||,|||,|||,|||,|||,|||,|||,|||
120.27.215.148,120.27.215.148,00000000000000000000000000000000000000000000000000000000000000,|||,|||,|||,|||,|||,|||,|||,|||,|||,|||
120.26.2.185,120.26.2.185,00000000000000000000000000000000000000000000000000000000000000,|||,|||,|||,|||,|||,|||,|||,|||,|||,|||
120.25.240.84,120.25.240.84,00000000000000000000000000000000000000000000000000000000000000,|||,|||,|||,|||,|||,|||,|||,|||,|||,|||
157.245.69.102,157.245.69.102,2ad2ad0002ad2ad00042d42d000000301510f56407964db9434a9bb0d4ee4a,c030|0303|http/1.1|ff01-0000-0001-000b-0023-0010-0017,c030|0303|http/1.1|ff01-0000-0001-000b-0023-0010-0017,|||,c030|0303||ff01-0000-0001-000b-0023-0017,c030|0303||ff01-0000-0001-000b-0023-0017,|||,1302|0303||002b-0033,1302|0303||002b-0033,|||,|||
156.110.50.233,156.110.50.233,00000000000000000000000000000000000000000000000000000000000000,|||,|||,|||,|||,|||,|||,|||,|||,|||,|||
150.136.239.194,150.136.239.194,29d29d00029d29d00029d29d29d29d08a0d286bdfcdb762d7d807e4efd7674,c02f|0303|h2|0023-ff01-0010,c02f|0303|h2|0023-ff01-0010,|||,c02f|0303||0023-ff01,c02f|0303||0023-ff01,|||,c02f|0303|h2|0023-ff01-0010,c02f|0303|h2|0023-ff01-0010,c02f|0303|h2|0023-ff01-0010,c02f|0303|h2|0023-ff01-0010
120.238.95.76,120.238.95.76,00000000000000000000000000000000000000000000000000000000000000,|||,|||,|||,|||,|||,|||,|||,|||,|||,|||
120.26.92.23,120.26.92.23,00000000000000000000000000000000000000000000000000000000000000,|||,|||,|||,|||,|||,|||,|||,|||,|||,|||
120.27.228.171,120.27.228.171,00000000000000000000000000000000000000000000000000000000000000,|||,|||,|||,|||,|||,|||,|||,|||,|||,|||
120.4.150.151,120.4.150.151,00000000000000000000000000000000000000000000000000000000000000,|||,|||,|||,|||,|||,|||,|||,|||,|||,|||
120.31.70.142,120.31.70.142,00000000000000000000000000000000000000000000000000000000000000,|||,|||,|||,|||,|||,|||,|||,|||,|||,|||
157.230.224.104,157.230.224.104,00000000000000000000000000000000000000000000000000000000000000,|||,|||,|||,|||,|||,|||,|||,|||,|||,|||
120.26.70.88,120.26.70.88,00000000000000000000000000000000000000000000000000000000000000,|||,|||,|||,|||,|||,|||,|||,|||,|||,|||
152.32.200.113,152.32.200.113,00000000000000000000000000000000000000000000000000000000000000,|||,|||,|||,|||,|||,|||,|||,|||,|||,|||
120.25.220.223,120.25.220.223,00000000000000000000000000000000000000000000000000000000000000,|||,|||,|||,|||,|||,|||,|||,|||,|||,|||
120.238.95.88,120.238.95.88,00000000000000000000000000000000000000000000000000000000000000,|||,|||,|||,|||,|||,|||,|||,|||,|||,|||
120.27.13.73,120.27.13.73,00000000000000000000000000000000000000000000000000000000000000,|||,|||,|||,|||,|||,|||,|||,|||,|||,|||
154.53.57.119,154.53.57.119,00000000000000000000000000000000000000000000000000000000000000,|||,|||,|||,|||,|||,|||,|||,|||,|||,|||
120.26.98.69,120.26.98.69,00000000000000000000000000000000000000000000000000000000000000,|||,|||,|||,|||,|||,|||,|||,|||,|||,|||
120.27.246.22,120.27.246.22,00000000000000000000000000000000000000000000000000000000000000,|||,|||,|||,|||,|||,|||,|||,|||,|||,|||
120.37.121.203,120.37.121.203,00000000000000000000000000000000000000000000000000000000000000,|||,|||,|||,|||,|||,|||,|||,|||,|||,|||
152.32.241.234,152.32.241.234,00000000000000000000000000000000000000000000000000000000000000,|||,|||,|||,|||,|||,|||,|||,|||,|||,|||
120.34.172.40,120.34.172.40,00000000000000000000000000000000000000000000000000000000000000,|||,|||,|||,|||,|||,|||,|||,|||,|||,|||
120.48.16.65,120.48.16.65,00000000000000000000000000000000000000000000000000000000000000,|||,|||,|||,|||,|||,|||,|||,|||,|||,|||
154.198.193.134,154.198.193.134,00000000000000000000000000000000000000000000000000000000000000,|||,|||,|||,|||,|||,|||,|||,|||,|||,|||
120.38.4.69,120.38.4.69,00000000000000000000000000000000000000000000000000000000000000,|||,|||,|||,|||,|||,|||,|||,|||,|||,|||
120.27.248.214,120.27.248.214,00000000000000000000000000000000000000000000000000000000000000,|||,|||,|||,|||,|||,|||,|||,|||,|||,|||
158.69.36.60,158.69.36.60,00000000000000000000000000000000000000000000000000000000000000,|||,|||,|||,|||,|||,|||,|||,|||,|||,|||
120.33.89.94,120.33.89.94,00000000000000000000000000000000000000000000000000000000000000,|||,|||,|||,|||,|||,|||,|||,|||,|||,|||
158.69.125.69,158.69.125.69,00000000000000000000000000000000000000000000000000000000000000,|||,|||,|||,|||,|||,|||,|||,|||,|||,|||
120.48.31.140,120.48.31.140,00000000000000000000000000000000000000000000000000000000000000,|||,|||,|||,|||,|||,|||,|||,|||,|||,|||
120.4.221.60,120.4.221.60,00000000000000000000000000000000000000000000000000000000000000,|||,|||,|||,|||,|||,|||,|||,|||,|||,|||
150.158.10.242,150.158.10.242,00000000000000000000000000000000000000000000000000000000000000,|||,|||,|||,|||,|||,|||,|||,|||,|||,|||
152.32.156.93,152.32.156.93,00000000000000000000000000000000000000000000000000000000000000,|||,|||,|||,|||,|||,|||,|||,|||,|||,|||
157.230.230.103,157.230.230.103,00000000000000000000000000000000000000000000000000000000000000,|||,|||,|||,|||,|||,|||,|||,|||,|||,|||
120.48.5.88,120.48.5.88,00000000000000000000000000000000000000000000000000000000000000,|||,|||,|||,|||,|||,|||,|||,|||,|||,|||
156.216.206.188,156.216.206.188,00000000000000000000000000000000000000000000000000000000000000,|||,|||,|||,|||,|||,|||,|||,|||,|||,|||
152.136.200.24,152.136.200.24,00000000000000000000000000000000000000000000000000000000000000,|||,|||,|||,|||,|||,|||,|||,|||,|||,|||
154.198.193.133,154.198.193.133,00000000000000000000000000000000000000000000000000000000000000,|||,|||,|||,|||,|||,|||,|||,|||,|||,|||
154.198.211.135,154.198.211.135,00000000000000000000000000000000000000000000000000000000000000,|||,|||,|||,|||,|||,|||,|||,|||,|||,|||
154.198.211.130,154.198.211.130,00000000000000000000000000000000000000000000000000000000000000,|||,|||,|||,|||,|||,|||,|||,|||,|||,|||
154.198.211.132,154.198.211.132,00000000000000000000000000000000000000000000000000000000000000,|||,|||,|||,|||,|||,|||,|||,|||,|||,|||
144.22.157.122,144.22.157.122,21d19d00021d21d00042d43d000000ee523fe586628a8d526db2ce24e29fb4,c013|0303||ff01-0000-0001-000b-0023-0017,00c0|0303||ff01-0000-0001-0023-0017,|||,c013|0303||ff01-0000-0001-000b-0023-0017,c013|0303||ff01-0000-0001-000b-0023-0017,|||,1302|0303||002b-0033,1303|0303||002b-0033,|||,|||
120.53.249.88,120.53.249.88,00000000000000000000000000000000000000000000000000000000000000,|||,|||,|||,|||,|||,|||,|||,|||,|||,|||
152.32.245.239,152.32.245.239,00000000000000000000000000000000000000000000000000000000000000,|||,|||,|||,|||,|||,|||,|||,|||,|||,|||
157.245.94.80,157.245.94.80,00000000000000000000000000000000000000000000000000000000000000,|||,|||,|||,|||,|||,|||,|||,|||,|||,|||
152.32.147.130,152.32.147.130,00000000000000000000000000000000000000000000000000000000000000,|||,|||,|||,|||,|||,|||,|||,|||,|||,|||
154.198.193.132,154.198.193.132,00000000000000000000000000000000000000000000000000000000000000,|||,|||,|||,|||,|||,|||,|||,|||,|||,|||
152.32.200.153,152.32.200.153,00000000000000000000000000000000000000000000000000000000000000,|||,|||,|||,|||,|||,|||,|||,|||,|||,|||
120.53.249.241,120.53.249.241,00000000000000000000000000000000000000000000000000000000000000,|||,|||,|||,|||,|||,|||,|||,|||,|||,|||
152.32.200.188,152.32.200.188,00000000000000000000000000000000000000000000000000000000000000,|||,|||,|||,|||,|||,|||,|||,|||,|||,|||
152.32.156.68,152.32.156.68,00000000000000000000000000000000000000000000000000000000000000,|||,|||,|||,|||,|||,|||,|||,|||,|||,|||
152.32.153.207,152.32.153.207,00000000000000000000000000000000000000000000000000000000000000,|||,|||,|||,|||,|||,|||,|||,|||,|||,|||
150.158.37.77,150.158.37.77,00000000000000000000000000000000000000000000000000000000000000,|||,|||,|||,|||,|||,|||,|||,|||,|||,|||
120.55.87.125,120.55.87.125,00000000000000000000000000000000000000000000000000000000000000,|||,|||,|||,|||,|||,|||,|||,|||,|||,|||
152.32.242.123,152.32.242.123,00000000000000000000000000000000000000000000000000000000000000,|||,|||,|||,|||,|||,|||,|||,|||,|||,|||
152.32.156.84,152.32.156.84,00000000000000000000000000000000000000000000000000000000000000,|||,|||,|||,|||,|||,|||,|||,|||,|||,|||
152.32.153.103,152.32.153.103,00000000000000000000000000000000000000000000000000000000000000,|||,|||,|||,|||,|||,|||,|||,|||,|||,|||
120.55.14.107,120.55.14.107,00000000000000000000000000000000000000000000000000000000000000,|||,|||,|||,|||,|||,|||,|||,|||,|||,|||
154.198.211.133,154.198.211.133,00000000000000000000000000000000000000000000000000000000000000,|||,|||,|||,|||,|||,|||,|||,|||,|||,|||
152.32.138.241,152.32.138.241,00000000000000000000000000000000000000000000000000000000000000,|||,|||,|||,|||,|||,|||,|||,|||,|||,|||
159.223.20.255,159.223.20.255,2ad2ad0002ad2ad00042d42d000000301510f56407964db9434a9bb0d4ee4a,c030|0303|http/1.1|ff01-0000-0001-000b-0023-0010-0017,c030|0303|http/1.1|ff01-0000-0001-000b-0023-0010-0017,|||,c030|0303||ff01-0000-0001-000b-0023-0017,c030|0303||ff01-0000-0001-000b-0023-0017,|||,1302|0303||002b-0033,1302|0303||002b-0033,|||,|||
159.223.27.100,159.223.27.100,2ad2ad0002ad2ad0002ad2ad2ad2ade1a3c0d7ca6ad8388057924be83dfc6a,c030|0303|http/1.1|ff01-0000-0001-000b-0023-0010-0017,c030|0303|http/1.1|ff01-0000-0001-000b-0023-0010-0017,|||,c030|0303||ff01-0000-0001-000b-0023-0017,c030|0303||ff01-0000-0001-000b-0023-0017,|||,c030|0303|http/1.1|ff01-0000-0001-000b-0023-0010-0017,c030|0303|http/1.1|ff01-0000-0001-000b-0023-0010-0017,c030|0303|http/1.1|ff01-0000-0001-000b-0023-0010-0017,c030|0303|http/1.1|ff01-0000-0001-000b-0023-0010-0017
120.71.154.24,120.71.154.24,00000000000000000000000000000000000000000000000000000000000000,|||,|||,|||,|||,|||,|||,|||,|||,|||,|||
143.92.63.178,143.92.63.178,00000000000000000000000000000000000000000000000000000000000000,|||,|||,|||,|||,|||,|||,|||,|||,|||,|||
159.203.102.122,159.203.102.122,00000000000000000000000000000000000000000000000000000000000000,|||,|||,|||,|||,|||,|||,|||,|||,|||,|||
154.198.211.138,154.198.211.138,00000000000000000000000000000000000000000000000000000000000000,|||,|||,|||,|||,|||,|||,|||,|||,|||,|||
120.76.129.151,120.76.129.151,00000000000000000000000000000000000000000000000000000000000000,|||,|||,|||,|||,|||,|||,|||,|||,|||,|||
154.88.26.226,154.88.26.226,00000000000000000000000000000000000000000000000000000000000000,|||,|||,|||,|||,|||,|||,|||,|||,|||,|||
120.76.173.8,120.76.173.8,00000000000000000000000000000000000000000000000000000000000000,|||,|||,|||,|||,|||,|||,|||,|||,|||,|||
152.32.145.137,152.32.145.137,00000000000000000000000000000000000000000000000000000000000000,|||,|||,|||,|||,|||,|||,|||,|||,|||,|||
120.76.140.189,120.76.140.189,00000000000000000000000000000000000000000000000000000000000000,|||,|||,|||,|||,|||,|||,|||,|||,|||,|||
154.198.211.139,154.198.211.139,00000000000000000000000000000000000000000000000000000000000000,|||,|||,|||,|||,|||,|||,|||,|||,|||,|||
154.198.211.131,154.198.211.131,00000000000000000000000000000000000000000000000000000000000000,|||,|||,|||,|||,|||,|||,|||,|||,|||,|||
152.32.153.177,152.32.153.177,00000000000000000000000000000000000000000000000000000000000000,|||,|||,|||,|||,|||,|||,|||,|||,|||,|||
154.88.26.229,154.88.26.229,00000000000000000000000000000000000000000000000000000000000000,|||,|||,|||,|||,|||,|||,|||,|||,|||,|||
120.76.203.60,120.76.203.60,00000000000000000000000000000000000000000000000000000000000000,|||,|||,|||,|||,|||,|||,|||,|||,|||,|||
152.32.154.144,152.32.154.144,00000000000000000000000000000000000000000000000000000000000000,|||,|||,|||,|||,|||,|||,|||,|||,|||,|||
120.7.76.196,120.7.76.196,00000000000000000000000000000000000000000000000000000000000000,|||,|||,|||,|||,|||,|||,|||,|||,|||,|||
120.77.144.56,120.77.144.56,00000000000000000000000000000000000000000000000000000000000000,|||,|||,|||,|||,|||,|||,|||,|||,|||,|||
154.88.26.228,154.88.26.228,00000000000000000000000000000000000000000000000000000000000000,|||,|||,|||,|||,|||,|||,|||,|||,|||,|||
154.88.26.227,154.88.26.227,00000000000000000000000000000000000000000000000000000000000000,|||,|||,|||,|||,|||,|||,|||,|||,|||,|||
152.32.200.193,152.32.200.193,00000000000000000000000000000000000000000000000000000000000000,|||,|||,|||,|||,|||,|||,|||,|||,|||,|||
156.19.71.230,156.19.71.230,00000000000000000000000000000000000000000000000000000000000000,|||,|||,|||,|||,|||,|||,|||,|||,|||,|||
154.88.26.230,154.88.26.230,00000000000000000000000000000000000000000000000000000000000000,|||,|||,|||,|||,|||,|||,|||,|||,|||,|||
120.77.210.233,120.77.210.233,00000000000000000000000000000000000000000000000000000000000000,|||,|||,|||,|||,|||,|||,|||,|||,|||,|||
156.239.157.123,156.239.157.123,00000000000000000000000000000000000000000000000000000000000000,|||,|||,|||,|||,|||,|||,|||,|||,|||,|||
152.32.242.11,152.32.242.11,00000000000000000000000000000000000000000000000000000000000000,|||,|||,|||,|||,|||,|||,|||,|||,|||,|||
120.77.206.94,120.77.206.94,00000000000000000000000000000000000000000000000000000000000000,|||,|||,|||,|||,|||,|||,|||,|||,|||,|||
154.88.26.204,154.88.26.204,00000000000000000000000000000000000000000000000000000000000000,|||,|||,|||,|||,|||,|||,|||,|||,|||,|||
152.136.147.224,152.136.147.224,00000000000000000000000000000000000000000000000000000000000000,|||,|||,|||,|||,|||,|||,|||,|||,|||,|||
120.77.55.146,120.77.55.146,00000000000000000000000000000000000000000000000000000000000000,|||,|||,|||,|||,|||,|||,|||,|||,|||,|||
157.245.67.232,157.245.67.232,00000000000000000000000000000000000000000000000000000000000000,|||,|||,|||,|||,|||,|||,|||,|||,|||,|||
120.78.192.207,120.78.192.207,00000000000000000000000000000000000000000000000000000000000000,|||,|||,|||,|||,|||,|||,|||,|||,|||,|||
152.32.153.235,152.32.153.235,00000000000000000000000000000000000000000000000000000000000000,|||,|||,|||,|||,|||,|||,|||,|||,|||,|||
120.43.144.57,120.43.144.57,00000000000000000000000000000000000000000000000000000000000000,|||,|||,|||,|||,|||,|||,|||,|||,|||,|||
159.203.162.199,159.203.162.199,00000000000000000000000000000000000000000000000000000000000000,|||,|||,|||,|||,|||,|||,|||,|||,|||,|||
120.78.198.218,120.78.198.218,00000000000000000000000000000000000000000000000000000000000000,|||,|||,|||,|||,|||,|||,|||,|||,|||,|||
152.32.219.120,152.32.219.120,00000000000000000000000000000000000000000000000000000000000000,|||,|||,|||,|||,|||,|||,|||,|||,|||,|||
120.78.190.240,120.78.190.240,00000000000000000000000000000000000000000000000000000000000000,|||,|||,|||,|||,|||,|||,|||,|||,|||,|||
152.32.200.79,152.32.200.79,00000000000000000000000000000000000000000000000000000000000000,|||,|||,|||,|||,|||,|||,|||,|||,|||,|||
154.88.26.235,154.88.26.235,00000000000000000000000000000000000000000000000000000000000000,|||,|||,|||,|||,|||,|||,|||,|||,|||,|||
154.88.26.224,154.88.26.224,00000000000000000000000000000000000000000000000000000000000000,|||,|||,|||,|||,|||,|||,|||,|||,|||,|||
154.88.26.231,154.88.26.231,00000000000000000000000000000000000000000000000000000000000000,|||,|||,|||,|||,|||,|||,|||,|||,|||,|||
120.79.122.143,120.79.122.143,00000000000000000000000000000000000000000000000000000000000000,|||,|||,|||,|||,|||,|||,|||,|||,|||,|||
156.251.172.117,156.251.172.117,00000000000000000000000000000000000000000000000000000000000000,|||,|||,|||,|||,|||,|||,|||,|||,|||,|||
152.32.201.23,152.32.201.23,00000000000000000000000000000000000000000000000000000000000000,|||,|||,|||,|||,|||,|||,|||,|||,|||,|||
156.251.172.108,156.251.172.108,00000000000000000000000000000000000000000000000000000000000000,|||,|||,|||,|||,|||,|||,|||,|||,|||,|||
120.77.241.163,120.77.241.163,00000000000000000000000000000000000000000000000000000000000000,|||,|||,|||,|||,|||,|||,|||,|||,|||,|||
154.198.211.140,154.198.211.140,00000000000000000000000000000000000000000000000000000000000000,|||,|||,|||,|||,|||,|||,|||,|||,|||,|||
120.79.151.132,120.79.151.132,00000000000000000000000000000000000000000000000000000000000000,|||,|||,|||,|||,|||,|||,|||,|||,|||,|||
159.203.87.28,159.203.87.28,00000000000000000000000000000000000000000000000000000000000000,|||,|||,|||,|||,|||,|||,|||,|||,|||,|||
152.32.165.114,152.32.165.114,00000000000000000000000000000000000000000000000000000000000000,|||,|||,|||,|||,|||,|||,|||,|||,|||,|||
143.198.137.143,143.198.137.143,15d3fd16d29d29d00042d43d0000009ec686233a4398bea334ba5e62e34a01,009e|0303|http/1.1|ff01-0001-0023-0010-0017,cca8|0303|http/1.1|ff01-0001-000b-0023-0010-0017,009f|0303|http/1.1|ff01-0001-0023-0010-0017,c02f|0303|http/1.1|ff01-0001-000b-0023-0010-0017,c02f|0303|http/1.1|ff01-0001-000b-0023-0010-0017,|||,1302|0303||002b-0033,1303|0303||002b-0033,|||,|||
120.77.208.222,120.77.208.222,00000000000000000000000000000000000000000000000000000000000000,|||,|||,|||,|||,|||,|||,|||,|||,|||,|||
156.251.172.154,156.251.172.154,00000000000000000000000000000000000000000000000000000000000000,|||,|||,|||,|||,|||,|||,|||,|||,|||,|||
139.186.202.174,139.186.202.174,00000000000000000000000000000000000000000000000000000000000000,|||,|||,|||,|||,|||,|||,|||,|||,|||,|||
159.223.124.52,159.223.124.52,00000000000000000000000000000000000000000000000000000000000000,|||,|||,|||,|||,|||,|||,|||,|||,|||,|||
120.79.128.247,120.79.128.247,00000000000000000000000000000000000000000000000000000000000000,|||,|||,|||,|||,|||,|||,|||,|||,|||,|||
152.32.163.47,152.32.163.47,00000000000000000000000000000000000000000000000000000000000000,|||,|||,|||,|||,|||,|||,|||,|||,|||,|||
120.79.210.153,120.79.210.153,00000000000000000000000000000000000000000000000000000000000000,|||,|||,|||,|||,|||,|||,|||,|||,|||,|||
152.32.245.144,152.32.245.144,00000000000000000000000000000000000000000000000000000000000000,|||,|||,|||,|||,|||,|||,|||,|||,|||,|||
152.32.163.181,152.32.163.181,00000000000000000000000000000000000000000000000000000000000000,|||,|||,|||,|||,|||,|||,|||,|||,|||,|||
120.77.83.244,120.77.83.244,00000000000000000000000000000000000000000000000000000000000000,|||,|||,|||,|||,|||,|||,|||,|||,|||,|||
120.79.82.12,120.79.82.12,00000000000000000000000000000000000000000000000000000000000000,|||,|||,|||,|||,|||,|||,|||,|||,|||,|||
154.88.30.28,154.88.30.28,00000000000000000000000000000000000000000000000000000000000000,|||,|||,|||,|||,|||,|||,|||,|||,|||,|||
120.79.151.23,120.79.151.23,00000000000000000000000000000000000000000000000000000000000000,|||,|||,|||,|||,|||,|||,|||,|||,|||,|||
154.88.26.234,154.88.26.234,00000000000000000000000000000000000000000000000000000000000000,|||,|||,|||,|||,|||,|||,|||,|||,|||,|||
152.32.162.95,152.32.162.95,00000000000000000000000000000000000000000000000000000000000000,|||,|||,|||,|||,|||,|||,|||,|||,|||,|||
159.203.10.237,159.203.10.237,00000000000000000000000000000000000000000000000000000000000000,|||,|||,|||,|||,|||,|||,|||,|||,|||,|||
152.32.201.129,152.32.201.129,00000000000000000000000000000000000000000000000000000000000000,|||,|||,|||,|||,|||,|||,|||,|||,|||,|||
120.79.190.146,120.79.190.146,00000000000000000000000000000000000000000000000000000000000000,|||,|||,|||,|||,|||,|||,|||,|||,|||,|||
154.88.26.233,154.88.26.233,00000000000000000000000000000000000000000000000000000000000000,|||,|||,|||,|||,|||,|||,|||,|||,|||,|||
152.136.135.82,152.136.135.82,00000000000000000000000000000000000000000000000000000000000000,|||,|||,|||,|||,|||,|||,|||,|||,|||,|||
159.203.74.250,159.203.74.250,00000000000000000000000000000000000000000000000000000000000000,|||,|||,|||,|||,|||,|||,|||,|||,|||,|||
159.203.16.242,159.203.16.242,00000000000000000000000000000000000000000000000000000000000000,|||,|||,|||,|||,|||,|||,|||,|||,|||,|||
159.203.39.71,159.203.39.71,00000000000000000000000000000000000000000000000000000000000000,|||,|||,|||,|||,|||,|||,|||,|||,|||,|||
156.251.172.207,156.251.172.207,00000000000000000000000000000000000000000000000000000000000000,|||,|||,|||,|||,|||,|||,|||,|||,|||,|||
120.29.156.109,120.29.156.109,00000000000000000000000000000000000000000000000000000000000000,|||,|||,|||,|||,|||,|||,|||,|||,|||,|||
154.222.235.57,154.222.235.57,00000000000000000000000000000000000000000000000000000000000000,|||,|||,|||,|||,|||,|||,|||,|||,|||,|||
159.203.23.10,159.203.23.10,00000000000000000000000000000000000000000000000000000000000000,|||,|||,|||,|||,|||,|||,|||,|||,|||,|||
159.223.122.116,159.223.122.116,00000000000000000000000000000000000000000000000000000000000000,|||,|||,|||,|||,|||,|||,|||,|||,|||,|||
152.32.202.139,152.32.202.139,00000000000000000000000000000000000000000000000000000000000000,|||,|||,|||,|||,|||,|||,|||,|||,|||,|||
152.32.221.190,152.32.221.190,00000000000000000000000000000000000000000000000000000000000000,|||,|||,|||,|||,|||,|||,|||,|||,|||,|||
159.223.119.151,159.223.119.151,00000000000000000000000000000000000000000000000000000000000000,|||,|||,|||,|||,|||,|||,|||,|||,|||,|||
159.203.103.97,159.203.103.97,00000000000000000000000000000000000000000000000000000000000000,|||,|||,|||,|||,|||,|||,|||,|||,|||,|||
159.203.15.202,159.203.15.202,00000000000000000000000000000000000000000000000000000000000000,|||,|||,|||,|||,|||,|||,|||,|||,|||,|||
154.88.26.232,154.88.26.232,00000000000000000000000000000000000000000000000000000000000000,|||,|||,|||,|||,|||,|||,|||,|||,|||,|||
152.32.203.59,152.32.203.59,00000000000000000000000000000000000000000000000000000000000000,|||,|||,|||,|||,|||,|||,|||,|||,|||,|||
155.4.66.65,155.4.66.65,2ad2ad20d2ad2ad22c2ad2ad2ad2ad1aa7555e6d7d36df68d8d13f964d0ae6,c030|0303||0000-ff01-000b-0023,c030|0303||0000-ff01-000b-0023,c012|0303||0000-ff01-000b-0023,c030|0303||0000-ff01-000b-0023,c030|0303||0000-ff01-000b-0023,c014|0302||0000-ff01-000b-0023,c030|0303||0000-ff01-000b-0023,c030|0303||0000-ff01-000b-0023,c030|0303||0000-ff01-000b-0023,c030|0303||0000-ff01-000b-0023
159.203.76.126,159.203.76.126,00000000000000000000000000000000000000000000000000000000000000,|||,|||,|||,|||,|||,|||,|||,|||,|||,|||
159.203.63.61,159.203.63.61,00000000000000000000000000000000000000000000000000000000000000,|||,|||,|||,|||,|||,|||,|||,|||,|||,|||
152.32.220.18,152.32.220.18,00000000000000000000000000000000000000000000000000000000000000,|||,|||,|||,|||,|||,|||,|||,|||,|||,|||
92.119.177.24,92.119.177.24,00000000000000000000000000000000000000000000000000000000000000,|||,|||,|||,|||,|||,|||,|||,|||,|||,|||
159.223.122.179,159.223.122.179,00000000000000000000000000000000000000000000000000000000000000,|||,|||,|||,|||,|||,|||,|||,|||,|||,|||
120.26.4.49,120.26.4.49,00000000000000000000000000000000000000000000000000000000000000,|||,|||,|||,|||,|||,|||,|||,|||,|||,|||
152.32.217.103,152.32.217.103,00000000000000000000000000000000000000000000000000000000000000,|||,|||,|||,|||,|||,|||,|||,|||,|||,|||
158.140.168.233,158.140.168.233,00000000000000000000000000000000000000000000000000000000000000,|||,|||,|||,|||,|||,|||,|||,|||,|||,|||
159.65.56.100,159.65.56.100,00000000000000000000000000000000000000000000000000000000000000,|||,|||,|||,|||,|||,|||,|||,|||,|||,|||
120.78.208.61,120.78.208.61,00000000000000000000000000000000000000000000000000000000000000,|||,|||,|||,|||,|||,|||,|||,|||,|||,|||
152.32.219.20,152.32.219.20,00000000000000000000000000000000000000000000000000000000000000,|||,|||,|||,|||,|||,|||,|||,|||,|||,|||
159.223.136.164,159.223.136.164,00000000000000000000000000000000000000000000000000000000000000,|||,|||,|||,|||,|||,|||,|||,|||,|||,|||
120.92.146.101,120.92.146.101,00000000000000000000000000000000000000000000000000000000000000,|||,|||,|||,|||,|||,|||,|||,|||,|||,|||
146.56.169.19,146.56.169.19,00000000000000000000000000000000000000000000000000000000000000,|||,|||,|||,|||,|||,|||,|||,|||,|||,|||
159.223.115.197,159.223.115.197,00000000000000000000000000000000000000000000000000000000000000,|||,|||,|||,|||,|||,|||,|||,|||,|||,|||
152.32.242.73,152.32.242.73,00000000000000000000000000000000000000000000000000000000000000,|||,|||,|||,|||,|||,|||,|||,|||,|||,|||
152.32.221.84,152.32.221.84,00000000000000000000000000000000000000000000000000000000000000,|||,|||,|||,|||,|||,|||,|||,|||,|||,|||
152.32.201.107,152.32.201.107,00000000000000000000000000000000000000000000000000000000000000,|||,|||,|||,|||,|||,|||,|||,|||,|||,|||
120.79.154.113,120.79.154.113,00000000000000000000000000000000000000000000000000000000000000,|||,|||,|||,|||,|||,|||,|||,|||,|||,|||
152.32.201.104,152.32.201.104,00000000000000000000000000000000000000000000000000000000000000,|||,|||,|||,|||,|||,|||,|||,|||,|||,|||
156.251.172.208,156.251.172.208,00000000000000000000000000000000000000000000000000000000000000,|||,|||,|||,|||,|||,|||,|||,|||,|||,|||
159.223.138.135,159.223.138.135,00000000000000000000000000000000000000000000000000000000000000,|||,|||,|||,|||,|||,|||,|||,|||,|||,|||
159.223.105.158,159.223.105.158,00000000000000000000000000000000000000000000000000000000000000,|||,|||,|||,|||,|||,|||,|||,|||,|||,|||
159.65.23.9,159.65.23.9,00000000000000000000000000000000000000000000000000000000000000,|||,|||,|||,|||,|||,|||,|||,|||,|||,|||
159.223.129.92,159.223.129.92,00000000000000000000000000000000000000000000000000000000000000,|||,|||,|||,|||,|||,|||,|||,|||,|||,|||
159.223.142.143,159.223.142.143,00000000000000000000000000000000000000000000000000000000000000,|||,|||,|||,|||,|||,|||,|||,|||,|||,|||
121.125.67.242,121.125.67.242,00000000000000000000000000000000000000000000000000000000000000,|||,|||,|||,|||,|||,|||,|||,|||,|||,|||
156.251.172.38,156.251.172.38,00000000000000000000000000000000000000000000000000000000000000,|||,|||,|||,|||,|||,|||,|||,|||,|||,|||
121.138.240.207,121.138.240.207,00000000000000000000000000000000000000000000000000000000000000,|||,|||,|||,|||,|||,|||,|||,|||,|||,|||
121.135.43.177,121.135.43.177,00000000000000000000000000000000000000000000000000000000000000,|||,|||,|||,|||,|||,|||,|||,|||,|||,|||
121.183.113.233,121.183.113.233,00000000000000000000000000000000000000000000000000000000000000,|||,|||,|||,|||,|||,|||,|||,|||,|||,|||
121.151.119.201,121.151.119.201,00000000000000000000000000000000000000000000000000000000000000,|||,|||,|||,|||,|||,|||,|||,|||,|||,|||
152.32.153.140,152.32.153.140,00000000000000000000000000000000000000000000000000000000000000,|||,|||,|||,|||,|||,|||,|||,|||,|||,|||
159.223.122.230,159.223.122.230,00000000000000000000000000000000000000000000000000000000000000,|||,|||,|||,|||,|||,|||,|||,|||,|||,|||
121.138.155.239,121.138.155.239,00000000000000000000000000000000000000000000000000000000000000,|||,|||,|||,|||,|||,|||,|||,|||,|||,|||
120.79.2.71,120.79.2.71,00000000000000000000000000000000000000000000000000000000000000,|||,|||,|||,|||,|||,|||,|||,|||,|||,|||
119.3.184.233,119.3.184.233,00000000000000000000000000000000000000000000000000000000000000,|||,|||,|||,|||,|||,|||,|||,|||,|||,|||
121.15.137.137,121.15.137.137,00000000000000000000000000000000000000000000000000000000000000,|||,|||,|||,|||,|||,|||,|||,|||,|||,|||
159.223.0.235,159.223.0.235,3fd21b20d3fd3fd21c3fd21b21b3fd09a00b24483586e69e1b2e49cc2ece92,cca8|0303||0023-ff01-000b,c013|0301||0023-ff01-000b,c012|0303||0023-ff01-000b,cca8|0303||0023-ff01-000b,cca8|0303||0023-ff01-000b,c013|0302||0023-ff01-000b,cca8|0303||0023-ff01-000b,c013|0301||0023-ff01-000b,c013|0301||0023-ff01-000b,cca8|0303||0023-ff01-000b
121.160.91.3,121.160.91.3,00000000000000000000000000000000000000000000000000000000000000,|||,|||,|||,|||,|||,|||,|||,|||,|||,|||
121.156.66.114,121.156.66.114,00000000000000000000000000000000000000000000000000000000000000,|||,|||,|||,|||,|||,|||,|||,|||,|||,|||
159.89.110.99,159.89.110.99,00000000000000000000000000000000000000000000000000000000000000,|||,|||,|||,|||,|||,|||,|||,|||,|||,|||
152.32.223.235,152.32.223.235,00000000000000000000000000000000000000000000000000000000000000,|||,|||,|||,|||,|||,|||,|||,|||,|||,|||
121.199.18.14,121.199.18.14,00000000000000000000000000000000000000000000000000000000000000,|||,|||,|||,|||,|||,|||,|||,|||,|||,|||
152.32.221.195,152.32.221.195,00000000000000000000000000000000000000000000000000000000000000,|||,|||,|||,|||,|||,|||,|||,|||,|||,|||
121.165.124.252,121.165.124.252,00000000000000000000000000000000000000000000000000000000000000,|||,|||,|||,|||,|||,|||,|||,|||,|||,|||
134.209.164.184,134.209.164.184,00000000000000000000000000000000000000000000000000000000000000,|||,|||,|||,|||,|||,|||,|||,|||,|||,|||
121.196.211.173,121.196.211.173,00000000000000000000000000000000000000000000000000000000000000,|||,|||,|||,|||,|||,|||,|||,|||,|||,|||
159.65.88.220,159.65.88.220,2ad2ad16d2ad2ad22c42d42d000000b7cc5a312b95f81625a914b21964a66e,c030|0303|h2|ff01-0000-0001-000b-0023-0010-0017,c030|0303|h2|ff01-0000-0001-000b-0023-0010-0017,009f|0303|h2|ff01-0000-0001-0023-0010-0017,c030|0303|http/1.0|ff01-0000-0001-000b-0023-0010-0017,c030|0303|http/1.0|ff01-0000-0001-000b-0023-0010-0017,c014|0302|h2|ff01-0000-0001-000b-0023-0010-0017,1302|0303||002b-0033,1302|0303||002b-0033,|||,|||
152.136.246.132,152.136.246.132,00000000000000000000000000000000000000000000000000000000000000,|||,|||,|||,|||,|||,|||,|||,|||,|||,|||
159.223.122.208,159.223.122.208,00000000000000000000000000000000000000000000000000000000000000,|||,|||,|||,|||,|||,|||,|||,|||,|||,|||
159.65.205.77,159.65.205.77,2ad2ad0002ad2ad0002ad2ad2ad2ade1a3c0d7ca6ad8388057924be83dfc6a,c030|0303|http/1.1|ff01-0000-0001-000b-0023-0010-0017,c030|0303|http/1.1|ff01-0000-0001-000b-0023-0010-0017,|||,c030|0303||ff01-0000-0001-000b-0023-0017,c030|0303||ff01-0000-0001-000b-0023-0017,|||,c030|0303|http/1.1|ff01-0000-0001-000b-0023-0010-0017,c030|0303|http/1.1|ff01-0000-0001-000b-0023-0010-0017,c030|0303|http/1.1|ff01-0000-0001-000b-0023-0010-0017,c030|0303|http/1.1|ff01-0000-0001-000b-0023-0010-0017
155.137.191.118,155.137.191.118,00000000000000000000000000000000000000000000000000000000000000,|||,|||,|||,|||,|||,|||,|||,|||,|||,|||
161.35.155.71,161.35.155.71,00000000000000000000000000000000000000000000000000000000000000,|||,|||,|||,|||,|||,|||,|||,|||,|||,|||
121.199.22.206,121.199.22.206,00000000000000000000000000000000000000000000000000000000000000,|||,|||,|||,|||,|||,|||,|||,|||,|||,|||
157.230.243.127,157.230.243.127,00000000000000000000000000000000000000000000000000000000000000,|||,|||,|||,|||,|||,|||,|||,|||,|||,|||
159.223.125.47,159.223.125.47,00000000000000000000000000000000000000000000000000000000000000,|||,|||,|||,|||,|||,|||,|||,|||,|||,|||
159.203.24.40,159.203.24.40,00000000000000000000000000000000000000000000000000000000000000,|||,|||,|||,|||,|||,|||,|||,|||,|||,|||
159.89.9.44,159.89.9.44,2ad2ad0002ad2ad00042d42d000000301510f56407964db9434a9bb0d4ee4a,c030|0303|http/1.1|ff01-0000-0001-000b-0023-0010-0017,c030|0303|http/1.1|ff01-0000-0001-000b-0023-0010-0017,|||,c030|0303||ff01-0000-0001-000b-0023-0017,c030|0303||ff01-0000-0001-000b-0023-0017,|||,1302|0303||002b-0033,1302|0303||002b-0033,|||,|||
150.129.218.133,150.129.218.133,40d40d40d00000000043d40d40d43dd812443a829002f8e614d83abb6b19de,cca9|0303|http/1.1|ff01-0010-000b,cca9|0303|http/1.1|ff01-0010-000b,cca9|0303|http/1.1|ff01-0010-000b,|||,|||,|||,1303|0303||002b-0033,cca9|0303|http/1.1|ff01-0010-000b,cca9|0303|http/1.1|ff01-0010-000b,1303|0303||002b-0033
117.41.165.40,117.41.165.40,00000000000000000000000000000000000000000000000000000000000000,|||,|||,|||,|||,|||,|||,|||,|||,|||,|||
121.132.197.3,121.132.197.3,00000000000000000000000000000000000000000000000000000000000000,|||,|||,|||,|||,|||,|||,|||,|||,|||,|||
159.65.17.104,159.65.17.104,00000000000000000000000000000000000000000000000000000000000000,|||,|||,|||,|||,|||,|||,|||,|||,|||,|||
150.117.194.45,150.117.194.45,00000000000000000000000000000000000000000000000000000000000000,|||,|||,|||,|||,|||,|||,|||,|||,|||,|||
120.87.51.43,120.87.51.43,00000000000000000000000000000000000000000000000000000000000000,|||,|||,|||,|||,|||,|||,|||,|||,|||,|||
159.192.104.253,159.192.104.253,00000000000000000000000000000000000000000000000000000000000000,|||,|||,|||,|||,|||,|||,|||,|||,|||,|||
121.160.3.130,121.160.3.130,00000000000000000000000000000000000000000000000000000000000000,|||,|||,|||,|||,|||,|||,|||,|||,|||,|||
114.34.38.173,114.34.38.173,00000000000000000000000000000000000000000000000000000000000000,|||,|||,|||,|||,|||,|||,|||,|||,|||,|||
142.93.72.66,142.93.72.66,09d09d09d22d09d09c09d09d09d09dd2b14bb15cf77cbc5186d05380a2502f,0039|0303||0001-ff01-0023-0017,0039|0303||0001-ff01-0023-0017,0039|0303||0001-ff01-0023-0017,c014|0303||0001-000b-ff01-0023-0017,0039|0303||0001-ff01-0023-0017,0039|0302||0001-ff01-0023-0017,0039|0303||0001-ff01-0023-0017,0039|0303||0001-ff01-0023-0017,0039|0303||0001-ff01-0023-0017,0039|0303||0001-ff01-0023-0017
154.8.211.180,154.8.211.180,00000000000000000000000000000000000000000000000000000000000000,|||,|||,|||,|||,|||,|||,|||,|||,|||,|||
120.25.149.36,120.25.149.36,00000000000000000000000000000000000000000000000000000000000000,|||,|||,|||,|||,|||,|||,|||,|||,|||,|||
154.53.40.178,154.53.40.178,07d19d1ad21d21d07c42d43d0000009424803a662b126a748cf4f90707a33c,0033|0303|http/1.1|ff01-0001-0023-0010-0017,00c0|0303|http/1.1|ff01-0001-0023-0010-0017,00c4|0303|http/1.1|ff01-0001-0023-0010-0017,c013|0303|http/1.1|ff01-0001-000b-0023-0010-0017,c013|0303|http/1.1|ff01-0001-000b-0023-0010-0017,0033|0302|http/1.1|ff01-0001-0023-0010-0017,1302|0303||002b-0033,1303|0303||002b-0033,|||,|||
120.25.177.131,120.25.177.131,00000000000000000000000000000000000000000000000000000000000000,|||,|||,|||,|||,|||,|||,|||,|||,|||,|||
139.224.252.234,139.224.252.234,2ad2ad0002ad2ad22c2ad2ad2ad2ad881e59db99b9f67f908be168829ecef9,c030|0303|http/1.1|ff01-000b-0023-0010,c030|0303|http/1.1|ff01-000b-0023-0010,|||,c030|0303||ff01-000b-0023,c030|0303||ff01-000b-0023,c014|0302|http/1.1|ff01-000b-0023-0010,c030|0303|http/1.1|ff01-000b-0023-0010,c030|0303|http/1.1|ff01-000b-0023-0010,c030|0303|http/1.1|ff01-000b-0023-0010,c030|0303|http/1.1|ff01-000b-0023-0010
157.230.9.177,157.230.9.177,2ad2ad0002ad2ad00042d42d000000301510f56407964db9434a9bb0d4ee4a,c030|0303|http/1.1|ff01-0000-0001-000b-0023-0010-0017,c030|0303|http/1.1|ff01-0000-0001-000b-0023-0010-0017,|||,c030|0303||ff01-0000-0001-000b-0023-0017,c030|0303||ff01-0000-0001-000b-0023-0017,|||,1302|0303||002b-0033,1302|0303||002b-0033,|||,|||
143.244.132.31,143.244.132.31,2ad2ad0002ad2ad00042d42d000000301510f56407964db9434a9bb0d4ee4a,c030|0303|http/1.1|ff01-0000-0001-000b-0023-0010-0017,c030|0303|http/1.1|ff01-0000-0001-000b-0023-0010-0017,|||,c030|0303||ff01-0000-0001-000b-0023-0017,c030|0303||ff01-0000-0001-000b-0023-0017,|||,1302|0303||002b-0033,1302|0303||002b-0033,|||,|||
158.69.59.117,158.69.59.117,00000000000000000000000000000000000000000000000000000000000000,|||,|||,|||,|||,|||,|||,|||,|||,|||,|||
159.89.14.111,159.89.14.111,00000000000000000000000000000000000000000000000000000000000000,|||,|||,|||,|||,|||,|||,|||,|||,|||,|||
159.65.251.234,159.65.251.234,00000000000000000000000000000000000000000000000000000000000000,|||,|||,|||,|||,|||,|||,|||,|||,|||,|||
158.69.59.227,158.69.59.227,21d19d00021d21d00042d43d000000ee523fe586628a8d526db2ce24e29fb4,c013|0303||ff01-0000-0001-000b-0023-0017,00c0|0303||ff01-0000-0001-0023-0017,|||,c013|0303||ff01-0000-0001-000b-0023-0017,c013|0303||ff01-0000-0001-000b-0023-0017,|||,1302|0303||002b-0033,1303|0303||002b-0033,|||,|||
152.32.250.69,152.32.250.69,00000000000000000000000000000000000000000000000000000000000000,|||,|||,|||,|||,|||,|||,|||,|||,|||,|||
121.10.216.211,121.10.216.211,00000000000000000000000000000000000000000000000000000000000000,|||,|||,|||,|||,|||,|||,|||,|||,|||,|||
159.255.162.245,159.255.162.245,00000000000000000000000000000000000000000000000000000000000000,|||,|||,|||,|||,|||,|||,|||,|||,|||,|||
159.89.89.102,159.89.89.102,00000000000000000000000000000000000000000000000000000000000000,|||,|||,|||,|||,|||,|||,|||,|||,|||,|||
121.238.25.47,121.238.25.47,00000000000000000000000000000000000000000000000000000000000000,|||,|||,|||,|||,|||,|||,|||,|||,|||,|||
121.229.19.104,121.229.19.104,00000000000000000000000000000000000000000000000000000000000000,|||,|||,|||,|||,|||,|||,|||,|||,|||,|||
159.89.13.82,159.89.13.82,3fd21b20d3fd3fd21c3fd21b21b3fd09a00b24483586e69e1b2e49cc2ece92,cca8|0303||0023-ff01-000b,c013|0301||0023-ff01-000b,c012|0303||0023-ff01-000b,cca8|0303||0023-ff01-000b,cca8|0303||0023-ff01-000b,c013|0302||0023-ff01-000b,cca8|0303||0023-ff01-000b,c013|0301||0023-ff01-000b,c013|0301||0023-ff01-000b,cca8|0303||0023-ff01-000b
121.13.225.194,121.13.225.194,00000000000000000000000000000000000000000000000000000000000000,|||,|||,|||,|||,|||,|||,|||,|||,|||,|||
121.24.82.240,121.24.82.240,00000000000000000000000000000000000000000000000000000000000000,|||,|||,|||,|||,|||,|||,|||,|||,|||,|||
157.245.212.8,157.245.212.8,15d3fd16d29d29d00042d43d000000ed1cf37c9a169b41886e27ba8fad60b0,009e|0303|http/1.1|ff01-0001-0010-0017,cca8|0303|http/1.1|ff01-0001-000b-0010-0017,009f|0303|http/1.1|ff01-0001-0010-0017,c02f|0303|http/1.1|ff01-0001-000b-0010-0017,c02f|0303|http/1.1|ff01-0001-000b-0010-0017,|||,1302|0303||002b-0033,1303|0303||002b-0033,|||,|||
157.245.105.206,157.245.105.206,00000000000000000000000000000000000000000000000000000000000000,|||,|||,|||,|||,|||,|||,|||,|||,|||,|||
121.199.23.18,121.199.23.18,00000000000000000000000000000000000000000000000000000000000000,|||,|||,|||,|||,|||,|||,|||,|||,|||,|||
157.245.109.210,157.245.109.210,00000000000000000000000000000000000000000000000000000000000000,|||,|||,|||,|||,|||,|||,|||,|||,|||,|||
121.206.73.205,121.206.73.205,00000000000000000000000000000000000000000000000000000000000000,|||,|||,|||,|||,|||,|||,|||,|||,|||,|||
159.89.20.95,159.89.20.95,2ad2ad0002ad2ad0002ad2ad2ad2ade1a3c0d7ca6ad8388057924be83dfc6a,c030|0303|http/1.1|ff01-0000-0001-000b-0023-0010-0017,c030|0303|http/1.1|ff01-0000-0001-000b-0023-0010-0017,|||,c030|0303||ff01-0000-0001-000b-0023-0017,c030|0303||ff01-0000-0001-000b-0023-0017,|||,c030|0303|http/1.1|ff01-0000-0001-000b-0023-0010-0017,c030|0303|http/1.1|ff01-0000-0001-000b-0023-0010-0017,c030|0303|http/1.1|ff01-0000-0001-000b-0023-0010-0017,c030|0303|http/1.1|ff01-0000-0001-000b-0023-0010-0017
121.196.246.119,121.196.246.119,00000000000000000000000000000000000000000000000000000000000000,|||,|||,|||,|||,|||,|||,|||,|||,|||,|||
121.35.171.187,121.35.171.187,00000000000000000000000000000000000000000000000000000000000000,|||,|||,|||,|||,|||,|||,|||,|||,|||,|||
123.56.99.118,123.56.99.118,21d19d00021d21d00042d43d0000001cf1edc2aa7242ae5c6e08704bc03530,c013|0303|http/1.1|ff01-0001-000b-0023-0010-0017,00c0|0303|http/1.1|ff01-0001-0023-0010-0017,|||,c013|0303||ff01-0001-000b-0023-0017,c013|0303||ff01-0001-000b-0023-0017,|||,1302|0303||002b-0033,1303|0303||002b-0033,|||,|||
150.158.179.104,150.158.179.104,29d29d20d29d29d22c29d29d29d29dfb5de881cc847e53e47fc6dd40b422b0,c02f|0303|http/1.1|ff01-0000-0001-000b-0023-0010-0017,c02f|0303|http/1.1|ff01-0000-0001-000b-0023-0010-0017,c012|0303|http/1.1|ff01-0000-0001-000b-0023-0010-0017,c02f|0303||ff01-0000-0001-000b-0023-0017,c02f|0303||ff01-0000-0001-000b-0023-0017,c014|0302|http/1.1|ff01-0000-0001-000b-0023-0010-0017,c02f|0303|http/1.1|ff01-0000-0001-000b-0023-0010-0017,c02f|0303|http/1.1|ff01-0000-0001-000b-0023-0010-0017,c02f|0303|http/1.1|ff01-0000-0001-000b-0023-0010-0017,c02f|0303|http/1.1|ff01-0000-0001-000b-0023-0010-0017
121.17.41.92,121.17.41.92,00000000000000000000000000000000000000000000000000000000000000,|||,|||,|||,|||,|||,|||,|||,|||,|||,|||
121.32.150.226,121.32.150.226,00000000000000000000000000000000000000000000000000000000000000,|||,|||,|||,|||,|||,|||,|||,|||,|||,|||
121.229.124.184,121.229.124.184,00000000000000000000000000000000000000000000000000000000000000,|||,|||,|||,|||,|||,|||,|||,|||,|||,|||
159.89.114.198,159.89.114.198,00000000000000000000000000000000000000000000000000000000000000,|||,|||,|||,|||,|||,|||,|||,|||,|||,|||
161.35.86.181,161.35.86.181,00000000000000000000000000000000000000000000000000000000000000,|||,|||,|||,|||,|||,|||,|||,|||,|||,|||
121.205.253.39,121.205.253.39,00000000000000000000000000000000000000000000000000000000000000,|||,|||,|||,|||,|||,|||,|||,|||,|||,|||
121.199.172.21,121.199.172.21,00000000000000000000000000000000000000000000000000000000000000,|||,|||,|||,|||,|||,|||,|||,|||,|||,|||
121.32.254.149,121.32.254.149,00000000000000000000000000000000000000000000000000000000000000,|||,|||,|||,|||,|||,|||,|||,|||,|||,|||
121.175.85.52,121.175.85.52,00000000000000000000000000000000000000000000000000000000000000,|||,|||,|||,|||,|||,|||,|||,|||,|||,|||
121.199.21.126,121.199.21.126,00000000000000000000000000000000000000000000000000000000000000,|||,|||,|||,|||,|||,|||,|||,|||,|||,|||
121.4.220.49,121.4.220.49,3fd3fd0003fd3fd21c42d42d000000307ee0eb468e9fdb5cfcd698a80a67ef,cca8|0303|h2|ff01-0000-0001-000b-0023-0010-0017,cca8|0303|h2|ff01-0000-0001-000b-0023-0010-0017,|||,cca8|0303||ff01-0000-0001-000b-0023-0017,cca8|0303||ff01-0000-0001-000b-0023-0017,c013|0302|h2|ff01-0000-0001-000b-0023-0010-0017,1302|0303||002b-0033,1302|0303||002b-0033,|||,|||
121.199.76.32,121.199.76.32,00000000000000000000000000000000000000000000000000000000000000,|||,|||,|||,|||,|||,|||,|||,|||,|||,|||
121.29.213.173,121.29.213.173,00000000000000000000000000000000000000000000000000000000000000,|||,|||,|||,|||,|||,|||,|||,|||,|||,|||
121.35.97.135,121.35.97.135,00000000000000000000000000000000000000000000000000000000000000,|||,|||,|||,|||,|||,|||,|||,|||,|||,|||
121.33.231.74,121.33.231.74,00000000000000000000000000000000000000000000000000000000000000,|||,|||,|||,|||,|||,|||,|||,|||,|||,|||
157.230.232.113,157.230.232.113,3fd3fd15d3fd3fd00042d42d00000061256d32ed7779c14686ad100544dc8d,cca8|0303|http/1.1|ff01-0001-000b-0023-0010-0017,cca8|0303|http/1.1|ff01-0001-000b-0023-0010-0017,009e|0303|http/1.1|ff01-0001-0023-0010-0017,cca8|0303|http/1.1|ff01-0001-000b-0023-0010-0017,cca8|0303|http/1.1|ff01-0001-000b-0023-0010-0017,|||,1302|0303||002b-0033,1302|0303||002b-0033,|||,|||
121.40.130.97,121.40.130.97,00000000000000000000000000000000000000000000000000000000000000,|||,|||,|||,|||,|||,|||,|||,|||,|||,|||
121.238.127.29,121.238.127.29,00000000000000000000000000000000000000000000000000000000000000,|||,|||,|||,|||,|||,|||,|||,|||,|||,|||
121.40.200.73,121.40.200.73,00000000000000000000000000000000000000000000000000000000000000,|||,|||,|||,|||,|||,|||,|||,|||,|||,|||
121.22.124.94,121.22.124.94,00000000000000000000000000000000000000000000000000000000000000,|||,|||,|||,|||,|||,|||,|||,|||,|||,|||
121.233.245.42,121.233.245.42,00000000000000000000000000000000000000000000000000000000000000,|||,|||,|||,|||,|||,|||,|||,|||,|||,|||
154.72.175.214,154.72.175.214,07d0bd0fd21d21d07c07d0bd07d21dc74a10f0dd8921b3cc912d3ee25ffd0a,0033|0303||ff01-0023,003d|0303||ff01-0023,006b|0303||ff01-0023,c013|0303||ff01-000b-0023,c013|0303||ff01-000b-0023,0033|0302||ff01-0023,0033|0303||ff01-0023,003d|0303||ff01-0023,0033|0303||ff01-0023,c013|0303||ff01-000b-0023
159.203.186.114,159.203.186.114,15d3fd16d21d21d00042d43d000000fe02290512647416dcf0a400ccbc0b6b,009e|0303|http/1.1|ff01-0000-0001-0010-0017,cca8|0303|http/1.1|ff01-0000-0001-000b-0010-0017,009f|0303|http/1.1|ff01-0000-0001-0010-0017,c013|0303||ff01-0000-0001-000b-0017,c013|0303||ff01-0000-0001-000b-0017,|||,1302|0303||002b-0033,1303|0303||002b-0033,|||,|||
121.201.38.211,121.201.38.211,00000000000000000000000000000000000000000000000000000000000000,|||,|||,|||,|||,|||,|||,|||,|||,|||,|||
121.229.11.135,121.229.11.135,00000000000000000000000000000000000000000000000000000000000000,|||,|||,|||,|||,|||,|||,|||,|||,|||,|||
121.40.61.74,121.40.61.74,00000000000000000000000000000000000000000000000000000000000000,|||,|||,|||,|||,|||,|||,|||,|||,|||,|||
159.138.107.93,159.138.107.93,00000000000000000000000000000000000000000000000000000000000000,|||,|||,|||,|||,|||,|||,|||,|||,|||,|||
159.89.97.227,159.89.97.227,3fd21b20d3fd3fd21c3fd21b21b3fd09a00b24483586e69e1b2e49cc2ece92,cca8|0303||0023-ff01-000b,c013|0301||0023-ff01-000b,c012|0303||0023-ff01-000b,cca8|0303||0023-ff01-000b,cca8|0303||0023-ff01-000b,c013|0302||0023-ff01-000b,cca8|0303||0023-ff01-000b,c013|0301||0023-ff01-000b,c013|0301||0023-ff01-000b,cca8|0303||0023-ff01-000b
121.206.182.127,121.206.182.127,00000000000000000000000000000000000000000000000000000000000000,|||,|||,|||,|||,|||,|||,|||,|||,|||,|||
161.35.107.138,161.35.107.138,00000000000000000000000000000000000000000000000000000000000000,|||,|||,|||,|||,|||,|||,|||,|||,|||,|||
159.89.44.211,159.89.44.211,00000000000000000000000000000000000000000000000000000000000000,|||,|||,|||,|||,|||,|||,|||,|||,|||,|||
161.35.108.154,161.35.108.154,00000000000000000000000000000000000000000000000000000000000000,|||,|||,|||,|||,|||,|||,|||,|||,|||,|||
121.238.127.129,121.238.127.129,00000000000000000000000000000000000000000000000000000000000000,|||,|||,|||,|||,|||,|||,|||,|||,|||,|||
121.28.101.2,121.28.101.2,00000000000000000000000000000000000000000000000000000000000000,|||,|||,|||,|||,|||,|||,|||,|||,|||,|||
121.40.194.132,121.40.194.132,00000000000000000000000000000000000000000000000000000000000000,|||,|||,|||,|||,|||,|||,|||,|||,|||,|||
121.227.152.92,121.227.152.92,00000000000000000000000000000000000000000000000000000000000000,|||,|||,|||,|||,|||,|||,|||,|||,|||,|||
159.203.101.222,159.203.101.222,00000000000000000000000000000000000000000000000000000000000000,|||,|||,|||,|||,|||,|||,|||,|||,|||,|||
154.83.17.135,154.83.17.135,00000000000000000000000000000000000000000000000000000000000000,|||,|||,|||,|||,|||,|||,|||,|||,|||,|||
121.206.164.60,121.206.164.60,00000000000000000000000000000000000000000000000000000000000000,|||,|||,|||,|||,|||,|||,|||,|||,|||,|||
121.4.135.185,121.4.135.185,00000000000000000000000000000000000000000000000000000000000000,|||,|||,|||,|||,|||,|||,|||,|||,|||,|||
121.4.217.240,121.4.217.240,00000000000000000000000000000000000000000000000000000000000000,|||,|||,|||,|||,|||,|||,|||,|||,|||,|||
121.37.212.61,121.37.212.61,00000000000000000000000000000000000000000000000000000000000000,|||,|||,|||,|||,|||,|||,|||,|||,|||,|||
121.4.210.8,121.4.210.8,00000000000000000000000000000000000000000000000000000000000000,|||,|||,|||,|||,|||,|||,|||,|||,|||,|||
159.65.195.90,159.65.195.90,2ad2ad0002ad2ad0002ad2ad2ad2ade1a3c0d7ca6ad8388057924be83dfc6a,c030|0303|http/1.1|ff01-0000-0001-000b-0023-0010-0017,c030|0303|http/1.1|ff01-0000-0001-000b-0023-0010-0017,|||,c030|0303||ff01-0000-0001-000b-0023-0017,c030|0303||ff01-0000-0001-000b-0023-0017,|||,c030|0303|http/1.1|ff01-0000-0001-000b-0023-0010-0017,c030|0303|http/1.1|ff01-0000-0001-000b-0023-0010-0017,c030|0303|http/1.1|ff01-0000-0001-000b-0023-0010-0017,c030|0303|http/1.1|ff01-0000-0001-000b-0023-0010-0017
161.97.89.131,161.97.89.131,07d19d1ad21d21d00042d43d00000076e5b3c488a88e5790970b78ffb8afc2,0033|0303|http/1.1|ff01-0001-0023-0010-0017,00c0|0303|http/1.1|ff01-0001-0023-0010-0017,00c4|0303|http/1.1|ff01-0001-0023-0010-0017,c013|0303|http/1.1|ff01-0001-000b-0023-0010-0017,c013|0303|http/1.1|ff01-0001-000b-0023-0010-0017,|||,1302|0303||002b-0033,1303|0303||002b-0033,|||,|||
121.206.18.168,121.206.18.168,00000000000000000000000000000000000000000000000000000000000000,|||,|||,|||,|||,|||,|||,|||,|||,|||,|||
121.4.200.89,121.4.200.89,00000000000000000000000000000000000000000000000000000000000000,|||,|||,|||,|||,|||,|||,|||,|||,|||,|||
121.41.165.142,121.41.165.142,00000000000000000000000000000000000000000000000000000000000000,|||,|||,|||,|||,|||,|||,|||,|||,|||,|||
121.4.94.148,121.4.94.148,00000000000000000000000000000000000000000000000000000000000000,|||,|||,|||,|||,|||,|||,|||,|||,|||,|||
121.206.183.106,121.206.183.106,00000000000000000000000000000000000000000000000000000000000000,|||,|||,|||,|||,|||,|||,|||,|||,|||,|||
121.41.16.120,121.41.16.120,00000000000000000000000000000000000000000000000000000000000000,|||,|||,|||,|||,|||,|||,|||,|||,|||,|||
159.65.51.254,159.65.51.254,3fd3fd15d3fd3fd00042d42d00000061256d32ed7779c14686ad100544dc8d,cca8|0303|http/1.1|ff01-0001-000b-0023-0010-0017,cca8|0303|http/1.1|ff01-0001-000b-0023-0010-0017,009e|0303|http/1.1|ff01-0001-0023-0010-0017,cca8|0303|http/1.1|ff01-0001-000b-0023-0010-0017,cca8|0303|http/1.1|ff01-0001-000b-0023-0010-0017,|||,1302|0303||002b-0033,1302|0303||002b-0033,|||,|||
159.223.154.15,159.223.154.15,00000000000000000000000000000000000000000000000000000000000000,|||,|||,|||,|||,|||,|||,|||,|||,|||,|||
121.40.47.176,121.40.47.176,00000000000000000000000000000000000000000000000000000000000000,|||,|||,|||,|||,|||,|||,|||,|||,|||,|||
121.41.11.235,121.41.11.235,00000000000000000000000000000000000000000000000000000000000000,|||,|||,|||,|||,|||,|||,|||,|||,|||,|||
159.223.136.25,159.223.136.25,21d19d00021d21d00042d43d000000ee523fe586628a8d526db2ce24e29fb4,c013|0303||ff01-0000-0001-000b-0023-0017,00c0|0303||ff01-0000-0001-0023-0017,|||,c013|0303||ff01-0000-0001-000b-0023-0017,c013|0303||ff01-0000-0001-000b-0023-0017,|||,1302|0303||002b-0033,1303|0303||002b-0033,|||,|||
121.40.205.60,121.40.205.60,00000000000000000000000000000000000000000000000000000000000000,|||,|||,|||,|||,|||,|||,|||,|||,|||,|||
159.223.42.71,159.223.42.71,00000000000000000000000000000000000000000000000000000000000000,|||,|||,|||,|||,|||,|||,|||,|||,|||,|||
159.65.182.255,159.65.182.255,00000000000000000000000000000000000000000000000000000000000000,|||,|||,|||,|||,|||,|||,|||,|||,|||,|||
161.97.75.197,161.97.75.197,15d3fd16d29d29d00042d43d0000009ec686233a4398bea334ba5e62e34a01,009e|0303|http/1.1|ff01-0001-0023-0010-0017,cca8|0303|http/1.1|ff01-0001-000b-0023-0010-0017,009f|0303|http/1.1|ff01-0001-0023-0010-0017,c02f|0303|http/1.1|ff01-0001-000b-0023-0010-0017,c02f|0303|http/1.1|ff01-0001-000b-0023-0010-0017,|||,1302|0303||002b-0033,1303|0303||002b-0033,|||,|||
159.203.37.253,159.203.37.253,00000000000000000000000000000000000000000000000000000000000000,|||,|||,|||,|||,|||,|||,|||,|||,|||,|||
140.238.177.83,140.238.177.83,00000000000000000000000000000000000000000000000000000000000000,|||,|||,|||,|||,|||,|||,|||,|||,|||,|||
121.4.19.196,121.4.19.196,00000000000000000000000000000000000000000000000000000000000000,|||,|||,|||,|||,|||,|||,|||,|||,|||,|||
162.142.125.235,162.142.125.235,00000000000000000000000000000000000000000000000000000000000000,|||,|||,|||,|||,|||,|||,|||,|||,|||,|||
159.223.41.199,159.223.41.199,00000000000000000000000000000000000000000000000000000000000000,|||,|||,|||,|||,|||,|||,|||,|||,|||,|||
159.203.3.15,159.203.3.15,2ad2ad0002ad2ad00042d42d000000301510f56407964db9434a9bb0d4ee4a,c030|0303|http/1.1|ff01-0000-0001-000b-0023-0010-0017,c030|0303|http/1.1|ff01-0000-0001-000b-0023-0010-0017,|||,c030|0303||ff01-0000-0001-000b-0023-0017,c030|0303||ff01-0000-0001-000b-0023-0017,|||,1302|0303||002b-0033,1302|0303||002b-0033,|||,|||
162.142.125.136,162.142.125.136,00000000000000000000000000000000000000000000000000000000000000,|||,|||,|||,|||,|||,|||,|||,|||,|||,|||
121.41.180.1,121.41.180.1,00000000000000000000000000000000000000000000000000000000000000,|||,|||,|||,|||,|||,|||,|||,|||,|||,|||
162.142.125.139,162.142.125.139,00000000000000000000000000000000000000000000000000000000000000,|||,|||,|||,|||,|||,|||,|||,|||,|||,|||
162.142.125.231,162.142.125.231,00000000000000000000000000000000000000000000000000000000000000,|||,|||,|||,|||,|||,|||,|||,|||,|||,|||
121.41.168.125,121.41.168.125,00000000000000000000000000000000000000000000000000000000000000,|||,|||,|||,|||,|||,|||,|||,|||,|||,|||
121.206.154.238,121.206.154.238,00000000000000000000000000000000000000000000000000000000000000,|||,|||,|||,|||,|||,|||,|||,|||,|||,|||
158.140.173.222,158.140.173.222,00000000000000000000000000000000000000000000000000000000000000,|||,|||,|||,|||,|||,|||,|||,|||,|||,|||
162.142.125.143,162.142.125.143,00000000000000000000000000000000000000000000000000000000000000,|||,|||,|||,|||,|||,|||,|||,|||,|||,|||
121.41.30.126,121.41.30.126,00000000000000000000000000000000000000000000000000000000000000,|||,|||,|||,|||,|||,|||,|||,|||,|||,|||
162.142.125.141,162.142.125.141,00000000000000000000000000000000000000000000000000000000000000,|||,|||,|||,|||,|||,|||,|||,|||,|||,|||
121.201.78.200,121.201.78.200,00000000000000000000000000000000000000000000000000000000000000,|||,|||,|||,|||,|||,|||,|||,|||,|||,|||
162.142.125.138,162.142.125.138,00000000000000000000000000000000000000000000000000000000000000,|||,|||,|||,|||,|||,|||,|||,|||,|||,|||
121.201.97.83,121.201.97.83,00000000000000000000000000000000000000000000000000000000000000,|||,|||,|||,|||,|||,|||,|||,|||,|||,|||
162.142.125.237,162.142.125.237,00000000000000000000000000000000000000000000000000000000000000,|||,|||,|||,|||,|||,|||,|||,|||,|||,|||
121.201.94.46,121.201.94.46,00000000000000000000000000000000000000000000000000000000000000,|||,|||,|||,|||,|||,|||,|||,|||,|||,|||
162.142.125.140,162.142.125.140,00000000000000000000000000000000000000000000000000000000000000,|||,|||,|||,|||,|||,|||,|||,|||,|||,|||
162.142.125.129,162.142.125.129,00000000000000000000000000000000000000000000000000000000000000,|||,|||,|||,|||,|||,|||,|||,|||,|||,|||
162.142.125.116,162.142.125.116,00000000000000000000000000000000000000000000000000000000000000,|||,|||,|||,|||,|||,|||,|||,|||,|||,|||
162.142.125.227,162.142.125.227,00000000000000000000000000000000000000000000000000000000000000,|||,|||,|||,|||,|||,|||,|||,|||,|||,|||
162.142.125.130,162.142.125.130,00000000000000000000000000000000000000000000000000000000000000,|||,|||,|||,|||,|||,|||,|||,|||,|||,|||
162.142.125.117,162.142.125.117,00000000000000000000000000000000000000000000000000000000000000,|||,|||,|||,|||,|||,|||,|||,|||,|||,|||
162.142.125.135,162.142.125.135,00000000000000000000000000000000000000000000000000000000000000,|||,|||,|||,|||,|||,|||,|||,|||,|||,|||
162.142.125.137,162.142.125.137,00000000000000000000000000000000000000000000000000000000000000,|||,|||,|||,|||,|||,|||,|||,|||,|||,|||
159.65.172.190,159.65.172.190,00000000000000000000000000000000000000000000000000000000000000,|||,|||,|||,|||,|||,|||,|||,|||,|||,|||
121.40.16.40,121.40.16.40,00000000000000000000000000000000000000000000000000000000000000,|||,|||,|||,|||,|||,|||,|||,|||,|||,|||
121.43.121.196,121.43.121.196,00000000000000000000000000000000000000000000000000000000000000,|||,|||,|||,|||,|||,|||,|||,|||,|||,|||
162.142.125.114,162.142.125.114,00000000000000000000000000000000000000000000000000000000000000,|||,|||,|||,|||,|||,|||,|||,|||,|||,|||
121.40.192.14,121.40.192.14,00000000000000000000000000000000000000000000000000000000000000,|||,|||,|||,|||,|||,|||,|||,|||,|||,|||
162.142.125.119,162.142.125.119,00000000000000000000000000000000000000000000000000000000000000,|||,|||,|||,|||,|||,|||,|||,|||,|||,|||
162.142.125.239,162.142.125.239,00000000000000000000000000000000000000000000000000000000000000,|||,|||,|||,|||,|||,|||,|||,|||,|||,|||
162.142.125.230,162.142.125.230,00000000000000000000000000000000000000000000000000000000000000,|||,|||,|||,|||,|||,|||,|||,|||,|||,|||
162.142.125.234,162.142.125.234,00000000000000000000000000000000000000000000000000000000000000,|||,|||,|||,|||,|||,|||,|||,|||,|||,|||
162.142.125.233,162.142.125.233,00000000000000000000000000000000000000000000000000000000000000,|||,|||,|||,|||,|||,|||,|||,|||,|||,|||
162.142.125.128,162.142.125.128,00000000000000000000000000000000000000000000000000000000000000,|||,|||,|||,|||,|||,|||,|||,|||,|||,|||
162.142.125.142,162.142.125.142,00000000000000000000000000000000000000000000000000000000000000,|||,|||,|||,|||,|||,|||,|||,|||,|||,|||
161.35.51.37,161.35.51.37,00000000000000000000000000000000000000000000000000000000000000,|||,|||,|||,|||,|||,|||,|||,|||,|||,|||
162.142.125.133,162.142.125.133,00000000000000000000000000000000000000000000000000000000000000,|||,|||,|||,|||,|||,|||,|||,|||,|||,|||
159.203.101.114,159.203.101.114,2ad2ad0002ad2ad0002ad2ad2ad2ade1a3c0d7ca6ad8388057924be83dfc6a,c030|0303|http/1.1|ff01-0000-0001-000b-0023-0010-0017,c030|0303|http/1.1|ff01-0000-0001-000b-0023-0010-0017,|||,c030|0303||ff01-0000-0001-000b-0023-0017,c030|0303||ff01-0000-0001-000b-0023-0017,|||,c030|0303|http/1.1|ff01-0000-0001-000b-0023-0010-0017,c030|0303|http/1.1|ff01-0000-0001-000b-0023-0010-0017,c030|0303|http/1.1|ff01-0000-0001-000b-0023-0010-0017,c030|0303|http/1.1|ff01-0000-0001-000b-0023-0010-0017
121.199.1.7,121.199.1.7,00000000000000000000000000000000000000000000000000000000000000,|||,|||,|||,|||,|||,|||,|||,|||,|||,|||
162.142.125.228,162.142.125.228,00000000000000000000000000000000000000000000000000000000000000,|||,|||,|||,|||,|||,|||,|||,|||,|||,|||
162.142.125.134,162.142.125.134,00000000000000000000000000000000000000000000000000000000000000,|||,|||,|||,|||,|||,|||,|||,|||,|||,|||
162.142.125.113,162.142.125.113,00000000000000000000000000000000000000000000000000000000000000,|||,|||,|||,|||,|||,|||,|||,|||,|||,|||
163.172.139.143,163.172.139.143,00000000000000000000000000000000000000000000000000000000000000,|||,|||,|||,|||,|||,|||,|||,|||,|||,|||
155.94.146.229,155.94.146.229,1dd40d40d00040d1dc42d43d0000008ef30d0165f90df21a64bafbc24d66f5,c009|0303|h2|ff01-0000-0001-000b-0023-0010-0017,cca9|0303|h2|ff01-0000-0001-000b-0023-0010-0017,cca9|0303|h2|ff01-0000-0001-000b-0023-0010-0017,|||,cca9|0303||ff01-0000-0001-000b-0023-0017,c009|0302|h2|ff01-0000-0001-000b-0023-0010-0017,1302|0303||002b-0033,1303|0303||002b-0033,|||,|||
159.223.47.231,159.223.47.231,00000000000000000000000000000000000000000000000000000000000000,|||,|||,|||,|||,|||,|||,|||,|||,|||,|||
157.245.80.109,157.245.80.109,3fd3fd0003fd3fd21c42d42d000000307ee0eb468e9fdb5cfcd698a80a67ef,cca8|0303|h2|ff01-0000-0001-000b-0023-0010-0017,cca8|0303|h2|ff01-0000-0001-000b-0023-0010-0017,|||,cca8|0303||ff01-0000-0001-000b-0023-0017,cca8|0303||ff01-0000-0001-000b-0023-0017,c013|0302|h2|ff01-0000-0001-000b-0023-0010-0017,1302|0303||002b-0033,1302|0303||002b-0033,|||,|||
162.142.125.118,162.142.125.118,00000000000000000000000000000000000000000000000000000000000000,|||,|||,|||,|||,|||,|||,|||,|||,|||,|||
162.142.125.232,162.142.125.232,00000000000000000000000000000000000000000000000000000000000000,|||,|||,|||,|||,|||,|||,|||,|||,|||,|||
162.142.125.238,162.142.125.238,00000000000000000000000000000000000000000000000000000000000000,|||,|||,|||,|||,|||,|||,|||,|||,|||,|||
159.223.46.168,159.223.46.168,00000000000000000000000000000000000000000000000000000000000000,|||,|||,|||,|||,|||,|||,|||,|||,|||,|||
159.65.45.165,159.65.45.165,00000000000000000000000000000000000000000000000000000000000000,|||,|||,|||,|||,|||,|||,|||,|||,|||,|||
162.142.125.131,162.142.125.131,00000000000000000000000000000000000000000000000000000000000000,|||,|||,|||,|||,|||,|||,|||,|||,|||,|||
162.142.125.229,162.142.125.229,00000000000000000000000000000000000000000000000000000000000000,|||,|||,|||,|||,|||,|||,|||,|||,|||,|||
163.172.95.20,163.172.95.20,00000000000000000000000000000000000000000000000000000000000000,|||,|||,|||,|||,|||,|||,|||,|||,|||,|||
162.142.125.240,162.142.125.240,00000000000000000000000000000000000000000000000000000000000000,|||,|||,|||,|||,|||,|||,|||,|||,|||,|||
121.43.141.114,121.43.141.114,00000000000000000000000000000000000000000000000000000000000000,|||,|||,|||,|||,|||,|||,|||,|||,|||,|||
162.142.125.236,162.142.125.236,00000000000000000000000000000000000000000000000000000000000000,|||,|||,|||,|||,|||,|||,|||,|||,|||,|||
162.142.125.242,162.142.125.242,00000000000000000000000000000000000000000000000000000000000000,|||,|||,|||,|||,|||,|||,|||,|||,|||,|||
162.142.125.132,162.142.125.132,00000000000000000000000000000000000000000000000000000000000000,|||,|||,|||,|||,|||,|||,|||,|||,|||,|||
159.75.110.93,159.75.110.93,00000000000000000000000000000000000000000000000000000000000000,|||,|||,|||,|||,|||,|||,|||,|||,|||,|||
162.142.125.241,162.142.125.241,00000000000000000000000000000000000000000000000000000000000000,|||,|||,|||,|||,|||,|||,|||,|||,|||,|||
159.65.133.232,159.65.133.232,00000000000000000000000000000000000000000000000000000000000000,|||,|||,|||,|||,|||,|||,|||,|||,|||,|||
161.35.184.161,161.35.184.161,00000000000000000000000000000000000000000000000000000000000000,|||,|||,|||,|||,|||,|||,|||,|||,|||,|||
162.142.125.250,162.142.125.250,00000000000000000000000000000000000000000000000000000000000000,|||,|||,|||,|||,|||,|||,|||,|||,|||,|||
150.158.99.245,150.158.99.245,29d29d00029d29d00042d42d000000591965a32830c32b3ad57d4bfd247359,c02f|0303|http/1.1|ff01-0001-000b-0023-0010-0017,c02f|0303|http/1.1|ff01-0001-000b-0023-0010-0017,|||,c02f|0303||ff01-0001-000b-0023-0017,c02f|0303||ff01-0001-000b-0023-0017,|||,1302|0303||002b-0033,1302|0303||002b-0033,|||,|||
159.223.53.90,159.223.53.90,00000000000000000000000000000000000000000000000000000000000000,|||,|||,|||,|||,|||,|||,|||,|||,|||,|||
162.142.125.243,162.142.125.243,00000000000000000000000000000000000000000000000000000000000000,|||,|||,|||,|||,|||,|||,|||,|||,|||,|||
162.142.125.80,162.142.125.80,00000000000000000000000000000000000000000000000000000000000000,|||,|||,|||,|||,|||,|||,|||,|||,|||,|||
162.142.125.252,162.142.125.252,00000000000000000000000000000000000000000000000000000000000000,|||,|||,|||,|||,|||,|||,|||,|||,|||,|||
162.142.125.253,162.142.125.253,00000000000000000000000000000000000000000000000000000000000000,|||,|||,|||,|||,|||,|||,|||,|||,|||,|||
162.142.125.249,162.142.125.249,00000000000000000000000000000000000000000000000000000000000000,|||,|||,|||,|||,|||,|||,|||,|||,|||,|||
162.142.125.254,162.142.125.254,00000000000000000000000000000000000000000000000000000000000000,|||,|||,|||,|||,|||,|||,|||,|||,|||,|||
162.142.125.247,162.142.125.247,00000000000000000000000000000000000000000000000000000000000000,|||,|||,|||,|||,|||,|||,|||,|||,|||,|||
162.142.125.251,162.142.125.251,00000000000000000000000000000000000000000000000000000000000000,|||,|||,|||,|||,|||,|||,|||,|||,|||,|||
162.142.125.81,162.142.125.81,00000000000000000000000000000000000000000000000000000000000000,|||,|||,|||,|||,|||,|||,|||,|||,|||,|||
121.43.128.22,121.43.128.22,00000000000000000000000000000000000000000000000000000000000000,|||,|||,|||,|||,|||,|||,|||,|||,|||,|||
121.43.99.64,121.43.99.64,00000000000000000000000000000000000000000000000000000000000000,|||,|||,|||,|||,|||,|||,|||,|||,|||,|||
121.43.102.63,121.43.102.63,00000000000000000000000000000000000000000000000000000000000000,|||,|||,|||,|||,|||,|||,|||,|||,|||,|||
121.43.22.148,121.43.22.148,00000000000000000000000000000000000000000000000000000000000000,|||,|||,|||,|||,|||,|||,|||,|||,|||,|||
121.57.102.192,121.57.102.192,00000000000000000000000000000000000000000000000000000000000000,|||,|||,|||,|||,|||,|||,|||,|||,|||,|||
159.75.218.239,159.75.218.239,00000000000000000000000000000000000000000000000000000000000000,|||,|||,|||,|||,|||,|||,|||,|||,|||,|||
159.65.139.239,159.65.139.239,00000000000000000000000000000000000000000000000000000000000000,|||,|||,|||,|||,|||,|||,|||,|||,|||,|||
121.52.220.193,121.52.220.193,00000000000000000000000000000000000000000000000000000000000000,|||,|||,|||,|||,|||,|||,|||,|||,|||,|||
159.75.46.179,159.75.46.179,00000000000000000000000000000000000000000000000000000000000000,|||,|||,|||,|||,|||,|||,|||,|||,|||,|||
121.52.153.6,121.52.153.6,00000000000000000000000000000000000000000000000000000000000000,|||,|||,|||,|||,|||,|||,|||,|||,|||,|||
156.146.54.59,156.146.54.59,21d14d00021d21d21c21d14d21d21dcade67768786e23ca695466fb7f94658,c013|0303||ff01-000b-0023-0017,009d|0303||ff01-0023-0017,|||,c013|0303||ff01-000b-0023-0017,c013|0303||ff01-000b-0023-0017,c013|0302||ff01-000b-0023-0017,c013|0303||ff01-000b-0023-0017,009d|0303||ff01-0023-0017,c013|0303||ff01-000b-0023-0017,c013|0303||ff01-000b-0023-0017
121.67.177.97,121.67.177.97,00000000000000000000000000000000000000000000000000000000000000,|||,|||,|||,|||,|||,|||,|||,|||,|||,|||
121.55.217.157,121.55.217.157,00000000000000000000000000000000000000000000000000000000000000,|||,|||,|||,|||,|||,|||,|||,|||,|||,|||
164.90.199.9,164.90.199.9,00000000000000000000000000000000000000000000000000000000000000,|||,|||,|||,|||,|||,|||,|||,|||,|||,|||
162.142.125.248,162.142.125.248,00000000000000000000000000000000000000000000000000000000000000,|||,|||,|||,|||,|||,|||,|||,|||,|||,|||
159.75.205.191,159.75.205.191,00000000000000000000000000000000000000000000000000000000000000,|||,|||,|||,|||,|||,|||,|||,|||,|||,|||
164.92.230.97,164.92.230.97,00000000000000000000000000000000000000000000000000000000000000,|||,|||,|||,|||,|||,|||,|||,|||,|||,|||
162.142.125.89,162.142.125.89,00000000000000000000000000000000000000000000000000000000000000,|||,|||,|||,|||,|||,|||,|||,|||,|||,|||
162.142.125.90,162.142.125.90,00000000000000000000000000000000000000000000000000000000000000,|||,|||,|||,|||,|||,|||,|||,|||,|||,|||
164.92.217.12,164.92.217.12,00000000000000000000000000000000000000000000000000000000000000,|||,|||,|||,|||,|||,|||,|||,|||,|||,|||
157.230.137.113,157.230.137.113,29d29d15d29d29d21c29d29d29d29dc7639a2c8ee8049d85e08031e30b69d9,c02f|0303|http/1.1|ff01-000b-0023-0010,c02f|0303|http/1.1|ff01-000b-0023-0010,009e|0303|http/1.1|ff01-0023-0010,c02f|0303|http/1.1|ff01-000b-0023-0010,c02f|0303|http/1.1|ff01-000b-0023-0010,c013|0302|http/1.1|ff01-000b-0023-0010,c02f|0303|http/1.1|ff01-000b-0023-0010,c02f|0303|http/1.1|ff01-000b-0023-0010,c02f|0303|http/1.1|ff01-000b-0023-0010,c02f|0303|http/1.1|ff01-000b-0023-0010
144.22.211.126,144.22.211.126,00000000000000000000000000000000000000000000000000000000000000,|||,|||,|||,|||,|||,|||,|||,|||,|||,|||
164.92.239.18,164.92.239.18,00000000000000000000000000000000000000000000000000000000000000,|||,|||,|||,|||,|||,|||,|||,|||,|||,|||
162.142.125.87,162.142.125.87,00000000000000000000000000000000000000000000000000000000000000,|||,|||,|||,|||,|||,|||,|||,|||,|||,|||
162.142.125.83,162.142.125.83,00000000000000000000000000000000000000000000000000000000000000,|||,|||,|||,|||,|||,|||,|||,|||,|||,|||
159.75.7.106,159.75.7.106,00000000000000000000000000000000000000000000000000000000000000,|||,|||,|||,|||,|||,|||,|||,|||,|||,|||
164.92.240.60,164.92.240.60,00000000000000000000000000000000000000000000000000000000000000,|||,|||,|||,|||,|||,|||,|||,|||,|||,|||
164.92.225.223,164.92.225.223,00000000000000000000000000000000000000000000000000000000000000,|||,|||,|||,|||,|||,|||,|||,|||,|||,|||
162.142.125.91,162.142.125.91,00000000000000000000000000000000000000000000000000000000000000,|||,|||,|||,|||,|||,|||,|||,|||,|||,|||
164.92.250.20,164.92.250.20,00000000000000000000000000000000000000000000000000000000000000,|||,|||,|||,|||,|||,|||,|||,|||,|||,|||
164.92.209.61,164.92.209.61,00000000000000000000000000000000000000000000000000000000000000,|||,|||,|||,|||,|||,|||,|||,|||,|||,|||
162.142.125.94,162.142.125.94,00000000000000000000000000000000000000000000000000000000000000,|||,|||,|||,|||,|||,|||,|||,|||,|||,|||
165.22.21.198,165.22.21.198,00000000000000000000000000000000000000000000000000000000000000,|||,|||,|||,|||,|||,|||,|||,|||,|||,|||
162.142.125.93,162.142.125.93,00000000000000000000000000000000000000000000000000000000000000,|||,|||,|||,|||,|||,|||,|||,|||,|||,|||
165.22.120.19,165.22.120.19,00000000000000000000000000000000000000000000000000000000000000,|||,|||,|||,|||,|||,|||,|||,|||,|||,|||
162.142.125.92,162.142.125.92,00000000000000000000000000000000000000000000000000000000000000,|||,|||,|||,|||,|||,|||,|||,|||,|||,|||
154.21.212.49,154.21.212.49,00000000000000000000000000000000000000000000000000000000000000,|||,|||,|||,|||,|||,|||,|||,|||,|||,|||
124.156.180.178,124.156.180.178,00000000000000000000000000000000000000000000000000000000000000,|||,|||,|||,|||,|||,|||,|||,|||,|||,|||
162.142.125.86,162.142.125.86,00000000000000000000000000000000000000000000000000000000000000,|||,|||,|||,|||,|||,|||,|||,|||,|||,|||
162.142.125.246,162.142.125.246,00000000000000000000000000000000000000000000000000000000000000,|||,|||,|||,|||,|||,|||,|||,|||,|||,|||
162.142.125.244,162.142.125.244,00000000000000000000000000000000000000000000000000000000000000,|||,|||,|||,|||,|||,|||,|||,|||,|||,|||
164.90.215.169,164.90.215.169,00000000000000000000000000000000000000000000000000000000000000,|||,|||,|||,|||,|||,|||,|||,|||,|||,|||
162.142.125.95,162.142.125.95,00000000000000000000000000000000000000000000000000000000000000,|||,|||,|||,|||,|||,|||,|||,|||,|||,|||
146.56.112.18,146.56.112.18,00000000000000000000000000000000000000000000000000000000000000,|||,|||,|||,|||,|||,|||,|||,|||,|||,|||
159.89.171.217,159.89.171.217,00000000000000000000000000000000000000000000000000000000000000,|||,|||,|||,|||,|||,|||,|||,|||,|||,|||
121.78.147.32,121.78.147.32,00000000000000000000000000000000000000000000000000000000000000,|||,|||,|||,|||,|||,|||,|||,|||,|||,|||
121.41.92.227,121.41.92.227,00000000000000000000000000000000000000000000000000000000000000,|||,|||,|||,|||,|||,|||,|||,|||,|||,|||
121.62.181.140,121.62.181.140,00000000000000000000000000000000000000000000000000000000000000,|||,|||,|||,|||,|||,|||,|||,|||,|||,|||
121.41.59.206,121.41.59.206,00000000000000000000000000000000000000000000000000000000000000,|||,|||,|||,|||,|||,|||,|||,|||,|||,|||
121.62.61.209,121.62.61.209,00000000000000000000000000000000000000000000000000000000000000,|||,|||,|||,|||,|||,|||,|||,|||,|||,|||
122.141.182.166,122.141.182.166,00000000000000000000000000000000000000000000000000000000000000,|||,|||,|||,|||,|||,|||,|||,|||,|||,|||
121.62.219.11,121.62.219.11,00000000000000000000000000000000000000000000000000000000000000,|||,|||,|||,|||,|||,|||,|||,|||,|||,|||
122.142.89.241,122.142.89.241,00000000000000000000000000000000000000000000000000000000000000,|||,|||,|||,|||,|||,|||,|||,|||,|||,|||
121.55.241.134,121.55.241.134,00000000000000000000000000000000000000000000000000000000000000,|||,|||,|||,|||,|||,|||,|||,|||,|||,|||
121.69.135.6,121.69.135.6,00000000000000000000000000000000000000000000000000000000000000,|||,|||,|||,|||,|||,|||,|||,|||,|||,|||
121.41.6.15,121.41.6.15,00000000000000000000000000000000000000000000000000000000000000,|||,|||,|||,|||,|||,|||,|||,|||,|||,|||
121.40.223.97,121.40.223.97,00000000000000000000000000000000000000000000000000000000000000,|||,|||,|||,|||,|||,|||,|||,|||,|||,|||
121.89.200.204,121.89.200.204,00000000000000000000000000000000000000000000000000000000000000,|||,|||,|||,|||,|||,|||,|||,|||,|||,|||
164.92.234.248,164.92.234.248,00000000000000000000000000000000000000000000000000000000000000,|||,|||,|||,|||,|||,|||,|||,|||,|||,|||
121.46.20.120,121.46.20.120,00000000000000000000000000000000000000000000000000000000000000,|||,|||,|||,|||,|||,|||,|||,|||,|||,|||
122.140.247.158,122.140.247.158,00000000000000000000000000000000000000000000000000000000000000,|||,|||,|||,|||,|||,|||,|||,|||,|||,|||
161.35.230.3,161.35.230.3,00000000000000000000000000000000000000000000000000000000000000,|||,|||,|||,|||,|||,|||,|||,|||,|||,|||
164.90.197.165,164.90.197.165,00000000000000000000000000000000000000000000000000000000000000,|||,|||,|||,|||,|||,|||,|||,|||,|||,|||
122.116.4.218,122.116.4.218,00000000000000000000000000000000000000000000000000000000000000,|||,|||,|||,|||,|||,|||,|||,|||,|||,|||
159.75.207.237,159.75.207.237,00000000000000000000000000000000000000000000000000000000000000,|||,|||,|||,|||,|||,|||,|||,|||,|||,|||
121.43.149.1,121.43.149.1,00000000000000000000000000000000000000000000000000000000000000,|||,|||,|||,|||,|||,|||,|||,|||,|||,|||
122.15.199.197,122.15.199.197,00000000000000000000000000000000000000000000000000000000000000,|||,|||,|||,|||,|||,|||,|||,|||,|||,|||
163.172.111.147,163.172.111.147,2ad2ad0002ad2ad22c2ad2ad2ad2add67503cb8836da6e35829b1e18acf30e,c030|0303|http/1.1|ff01-000b-0023-0010,c030|0303|http/1.1|ff01-000b-0023-0010,|||,c030|0303|http/1.1|ff01-000b-0023-0010,c030|0303|http/1.1|ff01-000b-0023-0010,c014|0302|http/1.1|ff01-000b-0023-0010,c030|0303|http/1.1|ff01-000b-0023-0010,c030|0303|http/1.1|ff01-000b-0023-0010,c030|0303|http/1.1|ff01-000b-0023-0010,c030|0303|http/1.1|ff01-000b-0023-0010
163.172.11.89,163.172.11.89,2ad2ad16d2ad2ad00042d42d0000005a20e7c153f1c1aa366f0402acd95cf4,c030|0303|h2|ff01-0001-000b-0023-0010-0017,c030|0303|h2|ff01-0001-000b-0023-0010-0017,009f|0303|h2|ff01-0001-0023-0010-0017,c030|0303||ff01-0001-000b-0023-0017,c030|0303||ff01-0001-000b-0023-0017,|||,1302|0303||002b-0033,1302|0303||002b-0033,|||,|||
121.69.196.110,121.69.196.110,00000000000000000000000000000000000000000000000000000000000000,|||,|||,|||,|||,|||,|||,|||,|||,|||,|||
159.89.191.31,159.89.191.31,28d28d28d00028d1ec28d28d28d28d72c04583b922d2bc9c8c89c182379404,c02c|0303|http/1.1|ff01-0001-000b-0023-0010-0017,c02c|0303|http/1.1|ff01-0001-000b-0023-0010-0017,c02c|0303|http/1.1|ff01-0001-000b-0023-0010-0017,|||,c02c|0303||ff01-0001-000b-0023-0017,c00a|0302|http/1.1|ff01-0001-000b-0023-0010-0017,c02c|0303|http/1.1|ff01-0001-000b-0023-0010-0017,c02c|0303|http/1.1|ff01-0001-000b-0023-0010-0017,c02c|0303|http/1.1|ff01-0001-000b-0023-0010-0017,c02c|0303|http/1.1|ff01-0001-000b-0023-0010-0017
122.116.115.151,122.116.115.151,00000000000000000000000000000000000000000000000000000000000000,|||,|||,|||,|||,|||,|||,|||,|||,|||,|||
121.31.68.234,121.31.68.234,00000000000000000000000000000000000000000000000000000000000000,|||,|||,|||,|||,|||,|||,|||,|||,|||,|||
162.253.128.10,162.253.128.10,00000000000000000000000000000000000000000000000000000000000000,|||,|||,|||,|||,|||,|||,|||,|||,|||,|||
161.35.238.241,161.35.238.241,00000000000000000000000000000000000000000000000000000000000000,|||,|||,|||,|||,|||,|||,|||,|||,|||,|||
122.121.137.217,122.121.137.217,00000000000000000000000000000000000000000000000000000000000000,|||,|||,|||,|||,|||,|||,|||,|||,|||,|||
159.89.207.199,159.89.207.199,00000000000000000000000000000000000000000000000000000000000000,|||,|||,|||,|||,|||,|||,|||,|||,|||,|||
159.223.46.120,159.223.46.120,00000000000000000000000000000000000000000000000000000000000000,|||,|||,|||,|||,|||,|||,|||,|||,|||,|||
101.36.173.125,101.36.173.125,00000000000000000000000000000000000000000000000000000000000000,|||,|||,|||,|||,|||,|||,|||,|||,|||,|||
161.35.236.24,161.35.236.24,00000000000000000000000000000000000000000000000000000000000000,|||,|||,|||,|||,|||,|||,|||,|||,|||,|||
163.172.80.40,163.172.80.40,3fd3fd15d3fd3fd21c3fd3fd3fd3fdc110bab2c0a19e5d4e587c17ce497b15,cca8|0303|http/1.1|ff01-0001-000b-0023-0010-0017,cca8|0303|http/1.1|ff01-0001-000b-0023-0010-0017,009e|0303|http/1.1|ff01-0001-0023-0010-0017,cca8|0303||ff01-0001-000b-0023-0017,cca8|0303||ff01-0001-000b-0023-0017,c013|0302|http/1.1|ff01-0001-000b-0023-0010-0017,cca8|0303|http/1.1|ff01-0001-000b-0023-0010-0017,cca8|0303|http/1.1|ff01-0001-000b-0023-0010-0017,cca8|0303|http/1.1|ff01-0001-000b-0023-0010-0017,cca8|0303|http/1.1|ff01-0001-000b-0023-0010-0017
159.89.157.75,159.89.157.75,00000000000000000000000000000000000000000000000000000000000000,|||,|||,|||,|||,|||,|||,|||,|||,|||,|||
122.117.133.76,122.117.133.76,00000000000000000000000000000000000000000000000000000000000000,|||,|||,|||,|||,|||,|||,|||,|||,|||,|||
122.15.236.68,122.15.236.68,00000000000000000000000000000000000000000000000000000000000000,|||,|||,|||,|||,|||,|||,|||,|||,|||,|||
122.163.178.105,122.163.178.105,00000000000000000000000000000000000000000000000000000000000000,|||,|||,|||,|||,|||,|||,|||,|||,|||,|||
165.227.146.159,165.227.146.159,00000000000000000000000000000000000000000000000000000000000000,|||,|||,|||,|||,|||,|||,|||,|||,|||,|||
162.142.125.85,162.142.125.85,00000000000000000000000000000000000000000000000000000000000000,|||,|||,|||,|||,|||,|||,|||,|||,|||,|||
159.89.206.210,159.89.206.210,00000000000000000000000000000000000000000000000000000000000000,|||,|||,|||,|||,|||,|||,|||,|||,|||,|||
159.75.67.113,159.75.67.113,00000000000000000000000000000000000000000000000000000000000000,|||,|||,|||,|||,|||,|||,|||,|||,|||,|||
122.160.97.207,122.160.97.207,00000000000000000000000000000000000000000000000000000000000000,|||,|||,|||,|||,|||,|||,|||,|||,|||,|||
159.89.162.153,159.89.162.153,00000000000000000000000000000000000000000000000000000000000000,|||,|||,|||,|||,|||,|||,|||,|||,|||,|||
122.141.65.115,122.141.65.115,00000000000000000000000000000000000000000000000000000000000000,|||,|||,|||,|||,|||,|||,|||,|||,|||,|||
122.142.37.90,122.142.37.90,00000000000000000000000000000000000000000000000000000000000000,|||,|||,|||,|||,|||,|||,|||,|||,|||,|||
121.89.195.91,121.89.195.91,00000000000000000000000000000000000000000000000000000000000000,|||,|||,|||,|||,|||,|||,|||,|||,|||,|||
121.89.243.65,121.89.243.65,00000000000000000000000000000000000000000000000000000000000000,|||,|||,|||,|||,|||,|||,|||,|||,|||,|||
121.43.184.83,121.43.184.83,00000000000000000000000000000000000000000000000000000000000000,|||,|||,|||,|||,|||,|||,|||,|||,|||,|||
162.223.52.198,162.223.52.198,00000000000000000000000000000000000000000000000000000000000000,|||,|||,|||,|||,|||,|||,|||,|||,|||,|||
162.221.192.27,162.221.192.27,00000000000000000000000000000000000000000000000000000000000000,|||,|||,|||,|||,|||,|||,|||,|||,|||,|||
162.221.192.30,162.221.192.30,00000000000000000000000000000000000000000000000000000000000000,|||,|||,|||,|||,|||,|||,|||,|||,|||,|||
164.92.250.235,164.92.250.235,3fd21b20d3fd3fd21c3fd21b21b3fd09a00b24483586e69e1b2e49cc2ece92,cca8|0303||0023-ff01-000b,c013|0301||0023-ff01-000b,c012|0303||0023-ff01-000b,cca8|0303||0023-ff01-000b,cca8|0303||0023-ff01-000b,c013|0302||0023-ff01-000b,cca8|0303||0023-ff01-000b,c013|0301||0023-ff01-000b,c013|0301||0023-ff01-000b,cca8|0303||0023-ff01-000b
162.221.192.90,162.221.192.90,00000000000000000000000000000000000000000000000000000000000000,|||,|||,|||,|||,|||,|||,|||,|||,|||,|||
162.221.192.28,162.221.192.28,00000000000000000000000000000000000000000000000000000000000000,|||,|||,|||,|||,|||,|||,|||,|||,|||,|||
162.221.192.94,162.221.192.94,00000000000000000000000000000000000000000000000000000000000000,|||,|||,|||,|||,|||,|||,|||,|||,|||,|||
165.227.152.50,165.227.152.50,00000000000000000000000000000000000000000000000000000000000000,|||,|||,|||,|||,|||,|||,|||,|||,|||,|||
122.174.14.130,122.174.14.130,00000000000000000000000000000000000000000000000000000000000000,|||,|||,|||,|||,|||,|||,|||,|||,|||,|||
122.112.202.13,122.112.202.13,00000000000000000000000000000000000000000000000000000000000000,|||,|||,|||,|||,|||,|||,|||,|||,|||,|||
121.43.147.42,121.43.147.42,00000000000000000000000000000000000000000000000000000000000000,|||,|||,|||,|||,|||,|||,|||,|||,|||,|||
122.14.192.88,122.14.192.88,00000000000000000000000000000000000000000000000000000000000000,|||,|||,|||,|||,|||,|||,|||,|||,|||,|||
162.142.125.84,162.142.125.84,00000000000000000000000000000000000000000000000000000000000000,|||,|||,|||,|||,|||,|||,|||,|||,|||,|||
122.174.88.52,122.174.88.52,00000000000000000000000000000000000000000000000000000000000000,|||,|||,|||,|||,|||,|||,|||,|||,|||,|||
122.225.244.130,122.225.244.130,00000000000000000000000000000000000000000000000000000000000000,|||,|||,|||,|||,|||,|||,|||,|||,|||,|||
122.201.22.194,122.201.22.194,00000000000000000000000000000000000000000000000000000000000000,|||,|||,|||,|||,|||,|||,|||,|||,|||,|||
122.234.174.205,122.234.174.205,00000000000000000000000000000000000000000000000000000000000000,|||,|||,|||,|||,|||,|||,|||,|||,|||,|||
122.179.138.52,122.179.138.52,00000000000000000000000000000000000000000000000000000000000000,|||,|||,|||,|||,|||,|||,|||,|||,|||,|||
162.221.192.29,162.221.192.29,00000000000000000000000000000000000000000000000000000000000000,|||,|||,|||,|||,|||,|||,|||,|||,|||,|||
165.227.148.3,165.227.148.3,00000000000000000000000000000000000000000000000000000000000000,|||,|||,|||,|||,|||,|||,|||,|||,|||,|||
139.59.234.27,139.59.234.27,2ad2ad0002ad2ad22c42d42d000000f7be33a964d0daa97a97a8068db17dd3,c030|0303|http/1.1|ff01-0001-000b-0023-0010-0017,c030|0303|http/1.1|ff01-0001-000b-0023-0010-0017,|||,c030|0303|http/1.1|ff01-0001-000b-0023-0010-0017,c030|0303|http/1.1|ff01-0001-000b-0023-0010-0017,c014|0302|http/1.1|ff01-0001-000b-0023-0010-0017,1302|0303||002b-0033,1302|0303||002b-0033,|||,|||
162.221.192.92,162.221.192.92,00000000000000000000000000000000000000000000000000000000000000,|||,|||,|||,|||,|||,|||,|||,|||,|||,|||
162.221.192.26,162.221.192.26,00000000000000000000000000000000000000000000000000000000000000,|||,|||,|||,|||,|||,|||,|||,|||,|||,|||
159.65.8.109,159.65.8.109,00000000000000000000000000000000000000000000000000000000000000,|||,|||,|||,|||,|||,|||,|||,|||,|||,|||
162.221.192.91,162.221.192.91,00000000000000000000000000000000000000000000000000000000000000,|||,|||,|||,|||,|||,|||,|||,|||,|||,|||
162.221.192.93,162.221.192.93,00000000000000000000000000000000000000000000000000000000000000,|||,|||,|||,|||,|||,|||,|||,|||,|||,|||
162.142.125.245,162.142.125.245,00000000000000000000000000000000000000000000000000000000000000,|||,|||,|||,|||,|||,|||,|||,|||,|||,|||
162.229.156.228,162.229.156.228,00000000000000000000000000000000000000000000000000000000000000,|||,|||,|||,|||,|||,|||,|||,|||,|||,|||
121.4.53.134,121.4.53.134,00000000000000000000000000000000000000000000000000000000000000,|||,|||,|||,|||,|||,|||,|||,|||,|||,|||
165.227.135.72,165.227.135.72,00000000000000000000000000000000000000000000000000000000000000,|||,|||,|||,|||,|||,|||,|||,|||,|||,|||
122.49.208.37,122.49.208.37,00000000000000000000000000000000000000000000000000000000000000,|||,|||,|||,|||,|||,|||,|||,|||,|||,|||
122.245.234.30,122.245.234.30,00000000000000000000000000000000000000000000000000000000000000,|||,|||,|||,|||,|||,|||,|||,|||,|||,|||
122.245.245.222,122.245.245.222,00000000000000000000000000000000000000000000000000000000000000,|||,|||,|||,|||,|||,|||,|||,|||,|||,|||
140.143.32.99,140.143.32.99,00000000000000000000000000000000000000000000000000000000000000,|||,|||,|||,|||,|||,|||,|||,|||,|||,|||
122.227.98.90,122.227.98.90,00000000000000000000000000000000000000000000000000000000000000,|||,|||,|||,|||,|||,|||,|||,|||,|||,|||
122.226.174.130,122.226.174.130,00000000000000000000000000000000000000000000000000000000000000,|||,|||,|||,|||,|||,|||,|||,|||,|||,|||
122.224.125.74,122.224.125.74,00000000000000000000000000000000000000000000000000000000000000,|||,|||,|||,|||,|||,|||,|||,|||,|||,|||
122.190.162.189,122.190.162.189,00000000000000000000000000000000000000000000000000000000000000,|||,|||,|||,|||,|||,|||,|||,|||,|||,|||
122.189.20.94,122.189.20.94,00000000000000000000000000000000000000000000000000000000000000,|||,|||,|||,|||,|||,|||,|||,|||,|||,|||
122.225.85.60,122.225.85.60,00000000000000000000000000000000000000000000000000000000000000,|||,|||,|||,|||,|||,|||,|||,|||,|||,|||
122.217.226.55,122.217.226.55,00000000000000000000000000000000000000000000000000000000000000,|||,|||,|||,|||,|||,|||,|||,|||,|||,|||
122.225.206.106,122.225.206.106,00000000000000000000000000000000000000000000000000000000000000,|||,|||,|||,|||,|||,|||,|||,|||,|||,|||
164.92.215.50,164.92.215.50,2ad2ad0002ad2ad00042d42d000000301510f56407964db9434a9bb0d4ee4a,c030|0303|http/1.1|ff01-0000-0001-000b-0023-0010-0017,c030|0303|http/1.1|ff01-0000-0001-000b-0023-0010-0017,|||,c030|0303||ff01-0000-0001-000b-0023-0017,c030|0303||ff01-0000-0001-000b-0023-0017,|||,1302|0303||002b-0033,1302|0303||002b-0033,|||,|||
164.92.211.72,164.92.211.72,20d14d20d21d20d00042d14d20d41ddcc832adca9a779dc66965afdb62ec7a,c012|0303|h2|0023-ff01-0010-000b,009d|0303|h2|0023-ff01-0010-000b,c012|0303|h2|0023-ff01-0010-000b,c013|0303||0023-ff01-000b,c012|0303||0023-ff01-000b,|||,1302|0303||002b-0033,009d|0303|h2|0023-ff01-0010-000b,c012|0303|h2|0023-ff01-0010-000b,1301|0303||002b-0033
159.65.10.209,159.65.10.209,00000000000000000000000000000000000000000000000000000000000000,|||,|||,|||,|||,|||,|||,|||,|||,|||,|||
125.228.185.182,125.228.185.182,00000000000000000000000000000000000000000000000000000000000000,|||,|||,|||,|||,|||,|||,|||,|||,|||,|||
159.65.1.7,159.65.1.7,00000000000000000000000000000000000000000000000000000000000000,|||,|||,|||,|||,|||,|||,|||,|||,|||,|||
159.65.150.139,159.65.150.139,00000000000000000000000000000000000000000000000000000000000000,|||,|||,|||,|||,|||,|||,|||,|||,|||,|||
162.213.248.108,162.213.248.108,00000000000000000000000000000000000000000000000000000000000000,|||,|||,|||,|||,|||,|||,|||,|||,|||,|||
164.92.240.50,164.92.240.50,3fd21b20d3fd3fd21c3fd21b21b3fd09a00b24483586e69e1b2e49cc2ece92,cca8|0303||0023-ff01-000b,c013|0301||0023-ff01-000b,c012|0303||0023-ff01-000b,cca8|0303||0023-ff01-000b,cca8|0303||0023-ff01-000b,c013|0302||0023-ff01-000b,cca8|0303||0023-ff01-000b,c013|0301||0023-ff01-000b,c013|0301||0023-ff01-000b,cca8|0303||0023-ff01-000b
159.89.44.135,159.89.44.135,00000000000000000000000000000000000000000000000000000000000000,|||,|||,|||,|||,|||,|||,|||,|||,|||,|||
159.223.140.239,159.223.140.239,28d28d28d00028d1ec28d28d28d28ddf259191341bd0531f26c4a0a2159574,c02c|0303|h2|ff01-0001-000b-0010-0017,c02c|0303|h2|ff01-0001-000b-0010-0017,c02c|0303|h2|ff01-0001-000b-0010-0017,|||,c02c|0303||ff01-0001-000b-0017,c00a|0302|h2|ff01-0001-000b-0010-0017,c02c|0303|h2|ff01-0001-000b-0010-0017,c02c|0303|h2|ff01-0001-000b-0010-0017,c02c|0303|h2|ff01-0001-000b-0010-0017,c02c|0303|h2|ff01-0001-000b-0010-0017
165.232.79.44,165.232.79.44,00000000000000000000000000000000000000000000000000000000000000,|||,|||,|||,|||,|||,|||,|||,|||,|||,|||
165.22.118.152,165.22.118.152,00000000000000000000000000000000000000000000000000000000000000,|||,|||,|||,|||,|||,|||,|||,|||,|||,|||
122.247.101.74,122.247.101.74,00000000000000000000000000000000000000000000000000000000000000,|||,|||,|||,|||,|||,|||,|||,|||,|||,|||
122.224.126.58,122.224.126.58,00000000000000000000000000000000000000000000000000000000000000,|||,|||,|||,|||,|||,|||,|||,|||,|||,|||
122.247.210.84,122.247.210.84,00000000000000000000000000000000000000000000000000000000000000,|||,|||,|||,|||,|||,|||,|||,|||,|||,|||
122.246.215.10,122.246.215.10,00000000000000000000000000000000000000000000000000000000000000,|||,|||,|||,|||,|||,|||,|||,|||,|||,|||
122.234.139.228,122.234.139.228,00000000000000000000000000000000000000000000000000000000000000,|||,|||,|||,|||,|||,|||,|||,|||,|||,|||
165.22.196.216,165.22.196.216,3fd21b20d3fd3fd21c3fd21b21b3fd09a00b24483586e69e1b2e49cc2ece92,cca8|0303||0023-ff01-000b,c013|0301||0023-ff01-000b,c012|0303||0023-ff01-000b,cca8|0303||0023-ff01-000b,cca8|0303||0023-ff01-000b,c013|0302||0023-ff01-000b,cca8|0303||0023-ff01-000b,c013|0301||0023-ff01-000b,c013|0301||0023-ff01-000b,cca8|0303||0023-ff01-000b
122.51.126.131,122.51.126.131,00000000000000000000000000000000000000000000000000000000000000,|||,|||,|||,|||,|||,|||,|||,|||,|||,|||
122.226.223.138,122.226.223.138,00000000000000000000000000000000000000000000000000000000000000,|||,|||,|||,|||,|||,|||,|||,|||,|||,|||
122.227.20.86,122.227.20.86,00000000000000000000000000000000000000000000000000000000000000,|||,|||,|||,|||,|||,|||,|||,|||,|||,|||
159.75.40.236,159.75.40.236,00000000000000000000000000000000000000000000000000000000000000,|||,|||,|||,|||,|||,|||,|||,|||,|||,|||
122.226.223.140,122.226.223.140,00000000000000000000000000000000000000000000000000000000000000,|||,|||,|||,|||,|||,|||,|||,|||,|||,|||
122.227.174.246,122.227.174.246,00000000000000000000000000000000000000000000000000000000000000,|||,|||,|||,|||,|||,|||,|||,|||,|||,|||
123.136.30.98,123.136.30.98,00000000000000000000000000000000000000000000000000000000000000,|||,|||,|||,|||,|||,|||,|||,|||,|||,|||
164.90.139.238,164.90.139.238,00000000000000000000000000000000000000000000000000000000000000,|||,|||,|||,|||,|||,|||,|||,|||,|||,|||
122.227.220.90,122.227.220.90,00000000000000000000000000000000000000000000000000000000000000,|||,|||,|||,|||,|||,|||,|||,|||,|||,|||
123.160.221.4,123.160.221.4,00000000000000000000000000000000000000000000000000000000000000,|||,|||,|||,|||,|||,|||,|||,|||,|||,|||
165.227.237.18,165.227.237.18,00000000000000000000000000000000000000000000000000000000000000,|||,|||,|||,|||,|||,|||,|||,|||,|||,|||
150.129.49.170,150.129.49.170,00000000000000000000000000000000000000000000000000000000000000,|||,|||,|||,|||,|||,|||,|||,|||,|||,|||
162.209.175.188,162.209.175.188,00000000000000000000000000000000000000000000000000000000000000,|||,|||,|||,|||,|||,|||,|||,|||,|||,|||
123.160.221.10,123.160.221.10,00000000000000000000000000000000000000000000000000000000000000,|||,|||,|||,|||,|||,|||,|||,|||,|||,|||
164.92.252.147,164.92.252.147,00000000000000000000000000000000000000000000000000000000000000,|||,|||,|||,|||,|||,|||,|||,|||,|||,|||
165.232.80.170,165.232.80.170,00000000000000000000000000000000000000000000000000000000000000,|||,|||,|||,|||,|||,|||,|||,|||,|||,|||
165.232.84.230,165.232.84.230,00000000000000000000000000000000000000000000000000000000000000,|||,|||,|||,|||,|||,|||,|||,|||,|||,|||
123.114.81.111,123.114.81.111,00000000000000000000000000000000000000000000000000000000000000,|||,|||,|||,|||,|||,|||,|||,|||,|||,|||
159.65.37.41,159.65.37.41,20d14d20d21d20d00042d14d20d41ddcc832adca9a779dc66965afdb62ec7a,c012|0303|h2|0023-ff01-0010-000b,009d|0303|h2|0023-ff01-0010-000b,c012|0303|h2|0023-ff01-0010-000b,c013|0303||0023-ff01-000b,c012|0303||0023-ff01-000b,|||,1302|0303||002b-0033,009d|0303|h2|0023-ff01-0010-000b,c012|0303|h2|0023-ff01-0010-000b,1301|0303||002b-0033
42.82.32.143,42.82.32.143,00000000000000000000000000000000000000000000000000000000000000,|||,|||,|||,|||,|||,|||,|||,|||,|||,|||
165.232.92.50,165.232.92.50,00000000000000000000000000000000000000000000000000000000000000,|||,|||,|||,|||,|||,|||,|||,|||,|||,|||
164.92.221.206,164.92.221.206,05d02d20d21d20d05c05d02d05d20d74fcf6501ae7a92319e575bfafd2a827,0016|0303||ff01-0023,0005|0303||ff01-0023,c012|0303||ff01-000b-0023,c013|0303||ff01-000b-0023,c012|0303||ff01-000b-0023,0016|0302||ff01-0023,0016|0303||ff01-0023,0005|0303||ff01-0023,0016|0303||ff01-0023,c012|0303||ff01-000b-0023
122.144.131.75,122.144.131.75,00000000000000000000000000000000000000000000000000000000000000,|||,|||,|||,|||,|||,|||,|||,|||,|||,|||
159.65.251.172,159.65.251.172,05d10d20d21d20d05c05d10d05d20d74fcf6501ae7a92319e575bfafd2a827,0016|0303||ff01-0023,0084|0303||ff01-0023,c012|0303||ff01-000b-0023,c013|0303||ff01-000b-0023,c012|0303||ff01-000b-0023,0016|0302||ff01-0023,0016|0303||ff01-0023,0084|0303||ff01-0023,0016|0303||ff01-0023,c012|0303||ff01-000b-0023
123.126.158.40,123.126.158.40,00000000000000000000000000000000000000000000000000000000000000,|||,|||,|||,|||,|||,|||,|||,|||,|||,|||
81.70.8.208,81.70.8.208,00000000000000000000000000000000000000000000000000000000000000,|||,|||,|||,|||,|||,|||,|||,|||,|||,|||
162.245.237.226,162.245.237.226,00000000000000000000000000000000000000000000000000000000000000,|||,|||,|||,|||,|||,|||,|||,|||,|||,|||
123.121.15.190,123.121.15.190,00000000000000000000000000000000000000000000000000000000000000,|||,|||,|||,|||,|||,|||,|||,|||,|||,|||
123.121.5.142,123.121.5.142,00000000000000000000000000000000000000000000000000000000000000,|||,|||,|||,|||,|||,|||,|||,|||,|||,|||
121.4.125.67,121.4.125.67,00000000000000000000000000000000000000000000000000000000000000,|||,|||,|||,|||,|||,|||,|||,|||,|||,|||
123.156.229.214,123.156.229.214,00000000000000000000000000000000000000000000000000000000000000,|||,|||,|||,|||,|||,|||,|||,|||,|||,|||
123.133.78.236,123.133.78.236,00000000000000000000000000000000000000000000000000000000000000,|||,|||,|||,|||,|||,|||,|||,|||,|||,|||
123.160.221.14,123.160.221.14,00000000000000000000000000000000000000000000000000000000000000,|||,|||,|||,|||,|||,|||,|||,|||,|||,|||
123.130.118.62,123.130.118.62,00000000000000000000000000000000000000000000000000000000000000,|||,|||,|||,|||,|||,|||,|||,|||,|||,|||
123.124.152.245,123.124.152.245,00000000000000000000000000000000000000000000000000000000000000,|||,|||,|||,|||,|||,|||,|||,|||,|||,|||
123.113.97.75,123.113.97.75,00000000000000000000000000000000000000000000000000000000000000,|||,|||,|||,|||,|||,|||,|||,|||,|||,|||
155.137.148.98,155.137.148.98,2ad2ad16d2ad2ad22c2ad2ad2ad2ad579b2ec9bfaf00aff9d6fe780b7932ae,c030|0303||0000-ff01-000b-0023,c030|0303||0000-ff01-000b-0023,009f|0303||0000-ff01-0023,c030|0303||0000-ff01-000b-0023,c030|0303||0000-ff01-000b-0023,c014|0302||0000-ff01-000b-0023,c030|0303||0000-ff01-000b-0023,c030|0303||0000-ff01-000b-0023,c030|0303||0000-ff01-000b-0023,c030|0303||0000-ff01-000b-0023
165.227.156.135,165.227.156.135,29d29d00029d29d22c29d29d29d29dce7a321e4956e8298ba917e9f2c22849,c02f|0303|http/1.1|ff01-0001-000b-0023-0010-0017,c02f|0303|http/1.1|ff01-0001-000b-0023-0010-0017,|||,c02f|0303||ff01-0001-000b-0023-0017,c02f|0303||ff01-0001-000b-0023-0017,c014|0302|http/1.1|ff01-0001-000b-0023-0010-0017,c02f|0303|http/1.1|ff01-0001-000b-0023-0010-0017,c02f|0303|http/1.1|ff01-0001-000b-0023-0010-0017,c02f|0303|http/1.1|ff01-0001-000b-0023-0010-0017,c02f|0303|http/1.1|ff01-0001-000b-0023-0010-0017
123.135.146.238,123.135.146.238,00000000000000000000000000000000000000000000000000000000000000,|||,|||,|||,|||,|||,|||,|||,|||,|||,|||
123.126.158.20,123.126.158.20,00000000000000000000000000000000000000000000000000000000000000,|||,|||,|||,|||,|||,|||,|||,|||,|||,|||
123.128.128.141,123.128.128.141,00000000000000000000000000000000000000000000000000000000000000,|||,|||,|||,|||,|||,|||,|||,|||,|||,|||
123.135.160.43,123.135.160.43,00000000000000000000000000000000000000000000000000000000000000,|||,|||,|||,|||,|||,|||,|||,|||,|||,|||
123.150.46.102,123.150.46.102,00000000000000000000000000000000000000000000000000000000000000,|||,|||,|||,|||,|||,|||,|||,|||,|||,|||
123.129.153.202,123.129.153.202,00000000000000000000000000000000000000000000000000000000000000,|||,|||,|||,|||,|||,|||,|||,|||,|||,|||
123.160.221.17,123.160.221.17,00000000000000000000000000000000000000000000000000000000000000,|||,|||,|||,|||,|||,|||,|||,|||,|||,|||
165.227.238.154,165.227.238.154,00000000000000000000000000000000000000000000000000000000000000,|||,|||,|||,|||,|||,|||,|||,|||,|||,|||
123.135.156.244,123.135.156.244,00000000000000000000000000000000000000000000000000000000000000,|||,|||,|||,|||,|||,|||,|||,|||,|||,|||
123.160.221.11,123.160.221.11,00000000000000000000000000000000000000000000000000000000000000,|||,|||,|||,|||,|||,|||,|||,|||,|||,|||
165.22.87.27,165.22.87.27,20d14d20d21d20d00042d14d20d41ddcc832adca9a779dc66965afdb62ec7a,c012|0303|h2|0023-ff01-0010-000b,009d|0303|h2|0023-ff01-0010-000b,c012|0303|h2|0023-ff01-0010-000b,c013|0303||0023-ff01-000b,c012|0303||0023-ff01-000b,|||,1302|0303||002b-0033,009d|0303|h2|0023-ff01-0010-000b,c012|0303|h2|0023-ff01-0010-000b,1301|0303||002b-0033
123.160.221.15,123.160.221.15,00000000000000000000000000000000000000000000000000000000000000,|||,|||,|||,|||,|||,|||,|||,|||,|||,|||
117.158.202.190,117.158.202.190,00000000000000000000000000000000000000000000000000000000000000,|||,|||,|||,|||,|||,|||,|||,|||,|||,|||
161.35.109.68,161.35.109.68,2ad2ad0002ad2ad00042d42d000000301510f56407964db9434a9bb0d4ee4a,c030|0303|http/1.1|ff01-0000-0001-000b-0023-0010-0017,c030|0303|http/1.1|ff01-0000-0001-000b-0023-0010-0017,|||,c030|0303||ff01-0000-0001-000b-0023-0017,c030|0303||ff01-0000-0001-000b-0023-0017,|||,1302|0303||002b-0033,1302|0303||002b-0033,|||,|||
123.202.0.11,123.202.0.11,00000000000000000000000000000000000000000000000000000000000000,|||,|||,|||,|||,|||,|||,|||,|||,|||,|||
165.166.186.234,165.166.186.234,00000000000000000000000000000000000000000000000000000000000000,|||,|||,|||,|||,|||,|||,|||,|||,|||,|||
123.179.250.12,123.179.250.12,00000000000000000000000000000000000000000000000000000000000000,|||,|||,|||,|||,|||,|||,|||,|||,|||,|||
123.160.221.5,123.160.221.5,00000000000000000000000000000000000000000000000000000000000000,|||,|||,|||,|||,|||,|||,|||,|||,|||,|||
159.89.48.189,159.89.48.189,29d29d00029d29d22c29d29d29d29dce7a321e4956e8298ba917e9f2c22849,c02f|0303|http/1.1|ff01-0001-000b-0023-0010-0017,c02f|0303|http/1.1|ff01-0001-000b-0023-0010-0017,|||,c02f|0303||ff01-0001-000b-0023-0017,c02f|0303||ff01-0001-000b-0023-0017,c014|0302|http/1.1|ff01-0001-000b-0023-0010-0017,c02f|0303|http/1.1|ff01-0001-000b-0023-0010-0017,c02f|0303|http/1.1|ff01-0001-000b-0023-0010-0017,c02f|0303|http/1.1|ff01-0001-000b-0023-0010-0017,c02f|0303|http/1.1|ff01-0001-000b-0023-0010-0017
122.227.167.34,122.227.167.34,00000000000000000000000000000000000000000000000000000000000000,|||,|||,|||,|||,|||,|||,|||,|||,|||,|||
123.157.217.138,123.157.217.138,00000000000000000000000000000000000000000000000000000000000000,|||,|||,|||,|||,|||,|||,|||,|||,|||,|||
94.191.105.156,94.191.105.156,00000000000000000000000000000000000000000000000000000000000000,|||,|||,|||,|||,|||,|||,|||,|||,|||,|||
123.131.224.120,123.131.224.120,00000000000000000000000000000000000000000000000000000000000000,|||,|||,|||,|||,|||,|||,|||,|||,|||,|||
123.121.1.254,123.121.1.254,00000000000000000000000000000000000000000000000000000000000000,|||,|||,|||,|||,|||,|||,|||,|||,|||,|||
123.160.221.16,123.160.221.16,00000000000000000000000000000000000000000000000000000000000000,|||,|||,|||,|||,|||,|||,|||,|||,|||,|||
123.145.95.196,123.145.95.196,00000000000000000000000000000000000000000000000000000000000000,|||,|||,|||,|||,|||,|||,|||,|||,|||,|||
123.160.221.3,123.160.221.3,00000000000000000000000000000000000000000000000000000000000000,|||,|||,|||,|||,|||,|||,|||,|||,|||,|||
123.160.221.13,123.160.221.13,00000000000000000000000000000000000000000000000000000000000000,|||,|||,|||,|||,|||,|||,|||,|||,|||,|||
139.59.236.11,139.59.236.11,0003fd00029d29d00042d43d0000001f361a1bf80ed39a1e352adeb016a07b,|||,cca8|0303|http/1.1|ff01-0001-000b-0023-0010-0017,|||,c02f|0303|http/1.1|ff01-0001-000b-0023-0010-0017,c02f|0303|http/1.1|ff01-0001-000b-0023-0010-0017,|||,1302|0303||002b-0033,1303|0303||002b-0033,|||,|||
122.9.163.71,122.9.163.71,00000000000000000000000000000000000000000000000000000000000000,|||,|||,|||,|||,|||,|||,|||,|||,|||,|||
164.163.67.21,164.163.67.21,00000000000000000000000000000000000000000000000000000000000000,|||,|||,|||,|||,|||,|||,|||,|||,|||,|||
123.160.221.6,123.160.221.6,00000000000000000000000000000000000000000000000000000000000000,|||,|||,|||,|||,|||,|||,|||,|||,|||,|||
165.227.162.151,165.227.162.151,3fd3fd15d3fd3fd21c3fd3fd3fd3fd196218f8378b672bdd87235d4e419239,cca8|0303|http/1.1|ff01-0001-000b-0023-0010-0017,cca8|0303|http/1.1|ff01-0001-000b-0023-0010-0017,009e|0303|http/1.1|ff01-0001-0023-0010-0017,cca8|0303|http/1.1|ff01-0001-000b-0023-0010-0017,cca8|0303|http/1.1|ff01-0001-000b-0023-0010-0017,c013|0302|http/1.1|ff01-0001-000b-0023-0010-0017,cca8|0303|http/1.1|ff01-0001-000b-0023-0010-0017,cca8|0303|http/1.1|ff01-0001-000b-0023-0010-0017,cca8|0303|http/1.1|ff01-0001-000b-0023-0010-0017,cca8|0303|http/1.1|ff01-0001-000b-0023-0010-0017
162.14.115.233,162.14.115.233,00000000000000000000000000000000000000000000000000000000000000,|||,|||,|||,|||,|||,|||,|||,|||,|||,|||
144.48.240.214,144.48.240.214,00000000000000000000000000000000000000000000000000000000000000,|||,|||,|||,|||,|||,|||,|||,|||,|||,|||
167.172.189.72,167.172.189.72,00000000000000000000000000000000000000000000000000000000000000,|||,|||,|||,|||,|||,|||,|||,|||,|||,|||
164.90.147.15,164.90.147.15,00000000000000000000000000000000000000000000000000000000000000,|||,|||,|||,|||,|||,|||,|||,|||,|||,|||
123.160.221.7,123.160.221.7,00000000000000000000000000000000000000000000000000000000000000,|||,|||,|||,|||,|||,|||,|||,|||,|||,|||
165.22.229.61,165.22.229.61,00000000000000000000000000000000000000000000000000000000000000,|||,|||,|||,|||,|||,|||,|||,|||,|||,|||
123.202.228.249,123.202.228.249,00000000000000000000000000000000000000000000000000000000000000,|||,|||,|||,|||,|||,|||,|||,|||,|||,|||
162.14.115.15,162.14.115.15,00000000000000000000000000000000000000000000000000000000000000,|||,|||,|||,|||,|||,|||,|||,|||,|||,|||
122.54.132.18,122.54.132.18,00000000000000000000000000000000000000000000000000000000000000,|||,|||,|||,|||,|||,|||,|||,|||,|||,|||
165.22.235.125,165.22.235.125,00000000000000000000000000000000000000000000000000000000000000,|||,|||,|||,|||,|||,|||,|||,|||,|||,|||
123.160.221.9,123.160.221.9,00000000000000000000000000000000000000000000000000000000000000,|||,|||,|||,|||,|||,|||,|||,|||,|||,|||
123.160.221.12,123.160.221.12,00000000000000000000000000000000000000000000000000000000000000,|||,|||,|||,|||,|||,|||,|||,|||,|||,|||
123.193.56.67,123.193.56.67,00000000000000000000000000000000000000000000000000000000000000,|||,|||,|||,|||,|||,|||,|||,|||,|||,|||
165.232.77.118,165.232.77.118,07d19d1ad21d21d07c42d43d0000009424803a662b126a748cf4f90707a33c,0033|0303|http/1.1|ff01-0001-0023-0010-0017,00c0|0303|http/1.1|ff01-0001-0023-0010-0017,00c4|0303|http/1.1|ff01-0001-0023-0010-0017,c013|0303|http/1.1|ff01-0001-000b-0023-0010-0017,c013|0303|http/1.1|ff01-0001-000b-0023-0010-0017,0033|0302|http/1.1|ff01-0001-0023-0010-0017,1302|0303||002b-0033,1303|0303||002b-0033,|||,|||
123.161.71.86,123.161.71.86,00000000000000000000000000000000000000000000000000000000000000,|||,|||,|||,|||,|||,|||,|||,|||,|||,|||
123.192.112.91,123.192.112.91,00000000000000000000000000000000000000000000000000000000000000,|||,|||,|||,|||,|||,|||,|||,|||,|||,|||
123.113.108.210,123.113.108.210,00000000000000000000000000000000000000000000000000000000000000,|||,|||,|||,|||,|||,|||,|||,|||,|||,|||
167.172.44.234,167.172.44.234,00000000000000000000000000000000000000000000000000000000000000,|||,|||,|||,|||,|||,|||,|||,|||,|||,|||
123.185.223.186,123.185.223.186,00000000000000000000000000000000000000000000000000000000000000,|||,|||,|||,|||,|||,|||,|||,|||,|||,|||
123.25.238.10,123.25.238.10,00000000000000000000000000000000000000000000000000000000000000,|||,|||,|||,|||,|||,|||,|||,|||,|||,|||
165.22.33.193,165.22.33.193,00000000000000000000000000000000000000000000000000000000000000,|||,|||,|||,|||,|||,|||,|||,|||,|||,|||
167.172.38.106,167.172.38.106,00000000000000000000000000000000000000000000000000000000000000,|||,|||,|||,|||,|||,|||,|||,|||,|||,|||
165.22.37.107,165.22.37.107,00000000000000000000000000000000000000000000000000000000000000,|||,|||,|||,|||,|||,|||,|||,|||,|||,|||
165.22.235.79,165.22.235.79,00000000000000000000000000000000000000000000000000000000000000,|||,|||,|||,|||,|||,|||,|||,|||,|||,|||
123.232.34.90,123.232.34.90,00000000000000000000000000000000000000000000000000000000000000,|||,|||,|||,|||,|||,|||,|||,|||,|||,|||
122.226.47.24,122.226.47.24,00000000000000000000000000000000000000000000000000000000000000,|||,|||,|||,|||,|||,|||,|||,|||,|||,|||
123.50.49.174,123.50.49.174,00000000000000000000000000000000000000000000000000000000000000,|||,|||,|||,|||,|||,|||,|||,|||,|||,|||
123.4.65.193,123.4.65.193,00000000000000000000000000000000000000000000000000000000000000,|||,|||,|||,|||,|||,|||,|||,|||,|||,|||
159.65.190.179,159.65.190.179,29d29d00029d29d21c42d43d00041de868cc44f5e7317f2c08c2d4c069cbd8,c02f|0303|h2|0017-ff01-000b-0023-0010,c02f|0303|h2|0017-ff01-000b-0023-0010,|||,c02f|0303|spdy/3|0017-ff01-000b-0023-0010,c02f|0303|spdy/3|0017-ff01-000b-0023-0010,c013|0302|h2|0017-ff01-000b-0023-0010,1302|0303||0033-002b,1303|0303||0033-002b,|||,1301|0303||0033-002b
165.22.239.148,165.22.239.148,00000000000000000000000000000000000000000000000000000000000000,|||,|||,|||,|||,|||,|||,|||,|||,|||,|||
123.52.43.213,123.52.43.213,00000000000000000000000000000000000000000000000000000000000000,|||,|||,|||,|||,|||,|||,|||,|||,|||,|||
159.65.98.214,159.65.98.214,29d29d00029d29d21c42d42d000000307ee0eb468e9fdb5cfcd698a80a67ef,c02f|0303|h2|ff01-0000-0001-000b-0023-0010-0017,c02f|0303|h2|ff01-0000-0001-000b-0023-0010-0017,|||,c02f|0303||ff01-0000-0001-000b-0023-0017,c02f|0303||ff01-0000-0001-000b-0023-0017,c013|0302|h2|ff01-0000-0001-000b-0023-0010-0017,1302|0303||002b-0033,1302|0303||002b-0033,|||,|||
123.53.79.10,123.53.79.10,00000000000000000000000000000000000000000000000000000000000000,|||,|||,|||,|||,|||,|||,|||,|||,|||,|||
165.22.234.147,165.22.234.147,00000000000000000000000000000000000000000000000000000000000000,|||,|||,|||,|||,|||,|||,|||,|||,|||,|||
123.54.1.117,123.54.1.117,00000000000000000000000000000000000000000000000000000000000000,|||,|||,|||,|||,|||,|||,|||,|||,|||,|||
123.235.113.99,123.235.113.99,00000000000000000000000000000000000000000000000000000000000000,|||,|||,|||,|||,|||,|||,|||,|||,|||,|||
123.52.86.178,123.52.86.178,00000000000000000000000000000000000000000000000000000000000000,|||,|||,|||,|||,|||,|||,|||,|||,|||,|||
123.205.76.25,123.205.76.25,00000000000000000000000000000000000000000000000000000000000000,|||,|||,|||,|||,|||,|||,|||,|||,|||,|||
123.30.188.213,123.30.188.213,00000000000000000000000000000000000000000000000000000000000000,|||,|||,|||,|||,|||,|||,|||,|||,|||,|||
123.30.246.169,123.30.246.169,00000000000000000000000000000000000000000000000000000000000000,|||,|||,|||,|||,|||,|||,|||,|||,|||,|||
123.56.231.127,123.56.231.127,00000000000000000000000000000000000000000000000000000000000000,|||,|||,|||,|||,|||,|||,|||,|||,|||,|||
123.189.82.110,123.189.82.110,00000000000000000000000000000000000000000000000000000000000000,|||,|||,|||,|||,|||,|||,|||,|||,|||,|||
155.248.229.225,155.248.229.225,15d3fd16d29d29d00042d43d000000fbc10435df141b3459e26f69e76d5947,009e|0303|h2|ff01-0000-0001-0010-0017,cca8|0303|h2|ff01-0000-0001-000b-0010-0017,009f|0303|h2|ff01-0000-0001-0010-0017,c02f|0303||ff01-0000-0001-000b-0017,c02f|0303||ff01-0000-0001-000b-0017,|||,1302|0303||002b-0033,1303|0303||002b-0033,|||,|||
165.227.106.52,165.227.106.52,00000000000000000000000000000000000000000000000000000000000000,|||,|||,|||,|||,|||,|||,|||,|||,|||,|||
123.56.142.167,123.56.142.167,00000000000000000000000000000000000000000000000000000000000000,|||,|||,|||,|||,|||,|||,|||,|||,|||,|||
165.22.239.219,165.22.239.219,00000000000000000000000000000000000000000000000000000000000000,|||,|||,|||,|||,|||,|||,|||,|||,|||,|||
121.5.118.181,121.5.118.181,00000000000000000000000000000000000000000000000000000000000000,|||,|||,|||,|||,|||,|||,|||,|||,|||,|||
165.227.196.158,165.227.196.158,00000000000000000000000000000000000000000000000000000000000000,|||,|||,|||,|||,|||,|||,|||,|||,|||,|||
165.227.117.229,165.227.117.229,00000000000000000000000000000000000000000000000000000000000000,|||,|||,|||,|||,|||,|||,|||,|||,|||,|||
157.245.104.190,157.245.104.190,15d3fd16d29d29d00042d43d000000ea552d307cdd65a9a94fec1293390a04,009e|0303|h2|ff01-0000-0001-0010-0017,cca8|0303|h2|ff01-0000-0001-000b-0010-0017,009f|0303|h2|ff01-0000-0001-0010-0017,c02f|0303|http/1.0|ff01-0000-0001-000b-0010-0017,c02f|0303|http/1.0|ff01-0000-0001-000b-0010-0017,|||,1302|0303||002b-0033,1303|0303||002b-0033,|||,|||
165.227.124.249,165.227.124.249,00000000000000000000000000000000000000000000000000000000000000,|||,|||,|||,|||,|||,|||,|||,|||,|||,|||
123.56.160.198,123.56.160.198,00000000000000000000000000000000000000000000000000000000000000,|||,|||,|||,|||,|||,|||,|||,|||,|||,|||
123.160.221.8,123.160.221.8,00000000000000000000000000000000000000000000000000000000000000,|||,|||,|||,|||,|||,|||,|||,|||,|||,|||
122.52.203.208,122.52.203.208,00000000000000000000000000000000000000000000000000000000000000,|||,|||,|||,|||,|||,|||,|||,|||,|||,|||
123.56.75.176,123.56.75.176,00000000000000000000000000000000000000000000000000000000000000,|||,|||,|||,|||,|||,|||,|||,|||,|||,|||
123.207.90.227,123.207.90.227,00000000000000000000000000000000000000000000000000000000000000,|||,|||,|||,|||,|||,|||,|||,|||,|||,|||
165.22.231.57,165.22.231.57,00000000000000000000000000000000000000000000000000000000000000,|||,|||,|||,|||,|||,|||,|||,|||,|||,|||
123.56.42.227,123.56.42.227,00000000000000000000000000000000000000000000000000000000000000,|||,|||,|||,|||,|||,|||,|||,|||,|||,|||
165.227.231.109,165.227.231.109,2ad2ad16d2ad2ad00042d42d0000009435214b849738c4ebab4534b5d158dd,c030|0303|h2|ff01-0001-000b-0023-0010-0017,c030|0303|h2|ff01-0001-000b-0023-0010-0017,009f|0303|h2|ff01-0001-0023-0010-0017,c030|0303|http/1.1|ff01-0001-000b-0023-0010-0017,c030|0303|http/1.1|ff01-0001-000b-0023-0010-0017,|||,1302|0303||002b-0033,1302|0303||002b-0033,|||,|||
123.206.206.76,123.206.206.76,00000000000000000000000000000000000000000000000000000000000000,|||,|||,|||,|||,|||,|||,|||,|||,|||,|||
124.115.171.123,124.115.171.123,00000000000000000000000000000000000000000000000000000000000000,|||,|||,|||,|||,|||,|||,|||,|||,|||,|||
123.57.27.10,123.57.27.10,00000000000000000000000000000000000000000000000000000000000000,|||,|||,|||,|||,|||,|||,|||,|||,|||,|||
123.57.104.217,123.57.104.217,00000000000000000000000000000000000000000000000000000000000000,|||,|||,|||,|||,|||,|||,|||,|||,|||,|||
163.47.33.50,163.47.33.50,00000000000000000000000000000000000000000000000000000000000000,|||,|||,|||,|||,|||,|||,|||,|||,|||,|||
123.57.254.10,123.57.254.10,00000000000000000000000000000000000000000000000000000000000000,|||,|||,|||,|||,|||,|||,|||,|||,|||,|||
165.227.41.107,165.227.41.107,00000000000000000000000000000000000000000000000000000000000000,|||,|||,|||,|||,|||,|||,|||,|||,|||,|||
123.57.135.214,123.57.135.214,00000000000000000000000000000000000000000000000000000000000000,|||,|||,|||,|||,|||,|||,|||,|||,|||,|||
165.227.98.205,165.227.98.205,00000000000000000000000000000000000000000000000000000000000000,|||,|||,|||,|||,|||,|||,|||,|||,|||,|||
123.57.60.1,123.57.60.1,00000000000000000000000000000000000000000000000000000000000000,|||,|||,|||,|||,|||,|||,|||,|||,|||,|||
123.57.160.53,123.57.160.53,00000000000000000000000000000000000000000000000000000000000000,|||,|||,|||,|||,|||,|||,|||,|||,|||,|||
157.245.102.104,157.245.102.104,2ad2ad16d2ad2ad00042d42d0000005fd00fabd213a5ac89229012f70afd5c,c030|0303|h2|ff01-0000-0001-000b-0023-0010-0017,c030|0303|h2|ff01-0000-0001-000b-0023-0010-0017,009f|0303|h2|ff01-0000-0001-0023-0010-0017,c030|0303||ff01-0000-0001-000b-0023-0017,c030|0303||ff01-0000-0001-000b-0023-0017,|||,1302|0303||002b-0033,1302|0303||002b-0033,|||,|||
167.114.24.178,167.114.24.178,00000000000000000000000000000000000000000000000000000000000000,|||,|||,|||,|||,|||,|||,|||,|||,|||,|||
120.224.99.147,120.224.99.147,00000000000000000000000000000000000000000000000000000000000000,|||,|||,|||,|||,|||,|||,|||,|||,|||,|||
165.227.76.114,165.227.76.114,00000000000000000000000000000000000000000000000000000000000000,|||,|||,|||,|||,|||,|||,|||,|||,|||,|||
123.56.43.117,123.56.43.117,00000000000000000000000000000000000000000000000000000000000000,|||,|||,|||,|||,|||,|||,|||,|||,|||,|||
124.131.136.32,124.131.136.32,00000000000000000000000000000000000000000000000000000000000000,|||,|||,|||,|||,|||,|||,|||,|||,|||,|||
164.163.200.12,164.163.200.12,00000000000000000000000000000000000000000000000000000000000000,|||,|||,|||,|||,|||,|||,|||,|||,|||,|||
165.227.80.181,165.227.80.181,00000000000000000000000000000000000000000000000000000000000000,|||,|||,|||,|||,|||,|||,|||,|||,|||,|||
161.35.142.242,161.35.142.242,00000000000000000000000000000000000000000000000000000000000000,|||,|||,|||,|||,|||,|||,|||,|||,|||,|||
123.57.32.232,123.57.32.232,00000000000000000000000000000000000000000000000000000000000000,|||,|||,|||,|||,|||,|||,|||,|||,|||,|||
165.227.71.223,165.227.71.223,00000000000000000000000000000000000000000000000000000000000000,|||,|||,|||,|||,|||,|||,|||,|||,|||,|||
123.8.2.118,123.8.2.118,00000000000000000000000000000000000000000000000000000000000000,|||,|||,|||,|||,|||,|||,|||,|||,|||,|||
150.158.40.88,150.158.40.88,00000000000000000000000000000000000000000000000000000000000000,|||,|||,|||,|||,|||,|||,|||,|||,|||,|||
123.7.83.48,123.7.83.48,00000000000000000000000000000000000000000000000000000000000000,|||,|||,|||,|||,|||,|||,|||,|||,|||,|||
164.52.24.169,164.52.24.169,00000000000000000000000000000000000000000000000000000000000000,|||,|||,|||,|||,|||,|||,|||,|||,|||,|||
167.114.24.191,167.114.24.191,00000000000000000000000000000000000000000000000000000000000000,|||,|||,|||,|||,|||,|||,|||,|||,|||,|||
123.57.139.28,123.57.139.28,00000000000000000000000000000000000000000000000000000000000000,|||,|||,|||,|||,|||,|||,|||,|||,|||,|||
123.57.7.110,123.57.7.110,00000000000000000000000000000000000000000000000000000000000000,|||,|||,|||,|||,|||,|||,|||,|||,|||,|||
123.57.45.161,123.57.45.161,00000000000000000000000000000000000000000000000000000000000000,|||,|||,|||,|||,|||,|||,|||,|||,|||,|||
165.22.224.125,165.22.224.125,00000000000000000000000000000000000000000000000000000000000000,|||,|||,|||,|||,|||,|||,|||,|||,|||,|||
123.57.95.130,123.57.95.130,00000000000000000000000000000000000000000000000000000000000000,|||,|||,|||,|||,|||,|||,|||,|||,|||,|||
165.227.215.127,165.227.215.127,00000000000000000000000000000000000000000000000000000000000000,|||,|||,|||,|||,|||,|||,|||,|||,|||,|||
149.129.136.251,149.129.136.251,3fd3fd0003fd3fd00042d42d0000000a5f02847ec7d262f8dcbfaa6508ecf9,cca8|0303|h2|ff01-0001-000b-0023-0010-0017,cca8|0303|h2|ff01-0001-000b-0023-0010-0017,|||,cca8|0303|http/1.1|ff01-0001-000b-0023-0010-0017,cca8|0303|http/1.1|ff01-0001-000b-0023-0010-0017,|||,1302|0303||002b-0033,1302|0303||002b-0033,|||,|||
123.97.101.220,123.97.101.220,00000000000000000000000000000000000000000000000000000000000000,|||,|||,|||,|||,|||,|||,|||,|||,|||,|||
123.97.126.128,123.97.126.128,00000000000000000000000000000000000000000000000000000000000000,|||,|||,|||,|||,|||,|||,|||,|||,|||,|||
157.245.145.210,157.245.145.210,29d29d15d29d29d21c29d29d29d29dc7639a2c8ee8049d85e08031e30b69d9,c02f|0303|http/1.1|ff01-000b-0023-0010,c02f|0303|http/1.1|ff01-000b-0023-0010,009e|0303|http/1.1|ff01-0023-0010,c02f|0303|http/1.1|ff01-000b-0023-0010,c02f|0303|http/1.1|ff01-000b-0023-0010,c013|0302|http/1.1|ff01-000b-0023-0010,c02f|0303|http/1.1|ff01-000b-0023-0010,c02f|0303|http/1.1|ff01-000b-0023-0010,c02f|0303|http/1.1|ff01-000b-0023-0010,c02f|0303|http/1.1|ff01-000b-0023-0010
123.9.216.123,123.9.216.123,00000000000000000000000000000000000000000000000000000000000000,|||,|||,|||,|||,|||,|||,|||,|||,|||,|||
167.114.24.186,167.114.24.186,00000000000000000000000000000000000000000000000000000000000000,|||,|||,|||,|||,|||,|||,|||,|||,|||,|||
167.71.131.199,167.71.131.199,00000000000000000000000000000000000000000000000000000000000000,|||,|||,|||,|||,|||,|||,|||,|||,|||,|||
123.57.75.98,123.57.75.98,00000000000000000000000000000000000000000000000000000000000000,|||,|||,|||,|||,|||,|||,|||,|||,|||,|||
157.245.111.221,157.245.111.221,3fd3fd15d3fd3fd21c42d42d0000006f254909a73bf62f6b28507e9fb451b5,cca8|0303|http/1.1|ff01-0001-000b-0023-0010-0017,cca8|0303|http/1.1|ff01-0001-000b-0023-0010-0017,009e|0303|http/1.1|ff01-0001-0023-0010-0017,cca8|0303|http/1.1|ff01-0001-000b-0023-0010-0017,cca8|0303|http/1.1|ff01-0001-000b-0023-0010-0017,c013|0302|http/1.1|ff01-0001-000b-0023-0010-0017,1302|0303||002b-0033,1302|0303||002b-0033,|||,|||
124.116.223.186,124.116.223.186,00000000000000000000000000000000000000000000000000000000000000,|||,|||,|||,|||,|||,|||,|||,|||,|||,|||
164.52.24.163,164.52.24.163,00000000000000000000000000000000000000000000000000000000000000,|||,|||,|||,|||,|||,|||,|||,|||,|||,|||
167.114.24.181,167.114.24.181,00000000000000000000000000000000000000000000000000000000000000,|||,|||,|||,|||,|||,|||,|||,|||,|||,|||
167.71.34.138,167.71.34.138,00000000000000000000000000000000000000000000000000000000000000,|||,|||,|||,|||,|||,|||,|||,|||,|||,|||
124.131.120.14,124.131.120.14,00000000000000000000000000000000000000000000000000000000000000,|||,|||,|||,|||,|||,|||,|||,|||,|||,|||
123.56.44.158,123.56.44.158,00000000000000000000000000000000000000000000000000000000000000,|||,|||,|||,|||,|||,|||,|||,|||,|||,|||
167.71.1.6,167.71.1.6,00000000000000000000000000000000000000000000000000000000000000,|||,|||,|||,|||,|||,|||,|||,|||,|||,|||
124.131.203.126,124.131.203.126,00000000000000000000000000000000000000000000000000000000000000,|||,|||,|||,|||,|||,|||,|||,|||,|||,|||
167.114.24.184,167.114.24.184,00000000000000000000000000000000000000000000000000000000000000,|||,|||,|||,|||,|||,|||,|||,|||,|||,|||
123.57.2.42,123.57.2.42,00000000000000000000000000000000000000000000000000000000000000,|||,|||,|||,|||,|||,|||,|||,|||,|||,|||
167.114.24.183,167.114.24.183,00000000000000000000000000000000000000000000000000000000000000,|||,|||,|||,|||,|||,|||,|||,|||,|||,|||
124.115.214.185,124.115.214.185,00000000000000000000000000000000000000000000000000000000000000,|||,|||,|||,|||,|||,|||,|||,|||,|||,|||
124.155.106.246,124.155.106.246,00000000000000000000000000000000000000000000000000000000000000,|||,|||,|||,|||,|||,|||,|||,|||,|||,|||
164.52.24.177,164.52.24.177,00000000000000000000000000000000000000000000000000000000000000,|||,|||,|||,|||,|||,|||,|||,|||,|||,|||
167.114.24.180,167.114.24.180,00000000000000000000000000000000000000000000000000000000000000,|||,|||,|||,|||,|||,|||,|||,|||,|||,|||
164.52.24.175,164.52.24.175,00000000000000000000000000000000000000000000000000000000000000,|||,|||,|||,|||,|||,|||,|||,|||,|||,|||
124.131.130.78,124.131.130.78,00000000000000000000000000000000000000000000000000000000000000,|||,|||,|||,|||,|||,|||,|||,|||,|||,|||
167.71.129.172,167.71.129.172,00000000000000000000000000000000000000000000000000000000000000,|||,|||,|||,|||,|||,|||,|||,|||,|||,|||
123.59.195.109,123.59.195.109,00000000000000000000000000000000000000000000000000000000000000,|||,|||,|||,|||,|||,|||,|||,|||,|||,|||
123.60.14.130,123.60.14.130,00000000000000000000000000000000000000000000000000000000000000,|||,|||,|||,|||,|||,|||,|||,|||,|||,|||
164.52.24.164,164.52.24.164,00000000000000000000000000000000000000000000000000000000000000,|||,|||,|||,|||,|||,|||,|||,|||,|||,|||
124.115.214.182,124.115.214.182,00000000000000000000000000000000000000000000000000000000000000,|||,|||,|||,|||,|||,|||,|||,|||,|||,|||
165.227.35.151,165.227.35.151,00000000000000000000000000000000000000000000000000000000000000,|||,|||,|||,|||,|||,|||,|||,|||,|||,|||
124.164.127.144,124.164.127.144,00000000000000000000000000000000000000000000000000000000000000,|||,|||,|||,|||,|||,|||,|||,|||,|||,|||
167.114.24.188,167.114.24.188,00000000000000000000000000000000000000000000000000000000000000,|||,|||,|||,|||,|||,|||,|||,|||,|||,|||
124.162.151.13,124.162.151.13,00000000000000000000000000000000000000000000000000000000000000,|||,|||,|||,|||,|||,|||,|||,|||,|||,|||
124.113.224.207,124.113.224.207,00000000000000000000000000000000000000000000000000000000000000,|||,|||,|||,|||,|||,|||,|||,|||,|||,|||
124.115.176.26,124.115.176.26,00000000000000000000000000000000000000000000000000000000000000,|||,|||,|||,|||,|||,|||,|||,|||,|||,|||
124.120.59.184,124.120.59.184,00000000000000000000000000000000000000000000000000000000000000,|||,|||,|||,|||,|||,|||,|||,|||,|||,|||
164.52.24.174,164.52.24.174,00000000000000000000000000000000000000000000000000000000000000,|||,|||,|||,|||,|||,|||,|||,|||,|||,|||
124.165.195.46,124.165.195.46,00000000000000000000000000000000000000000000000000000000000000,|||,|||,|||,|||,|||,|||,|||,|||,|||,|||
124.152.78.113,124.152.78.113,00000000000000000000000000000000000000000000000000000000000000,|||,|||,|||,|||,|||,|||,|||,|||,|||,|||
124.14.224.45,124.14.224.45,00000000000000000000000000000000000000000000000000000000000000,|||,|||,|||,|||,|||,|||,|||,|||,|||,|||
164.52.24.181,164.52.24.181,00000000000000000000000000000000000000000000000000000000000000,|||,|||,|||,|||,|||,|||,|||,|||,|||,|||
124.152.7.95,124.152.7.95,00000000000000000000000000000000000000000000000000000000000000,|||,|||,|||,|||,|||,|||,|||,|||,|||,|||
124.118.250.224,124.118.250.224,00000000000000000000000000000000000000000000000000000000000000,|||,|||,|||,|||,|||,|||,|||,|||,|||,|||
124.156.219.17,124.156.219.17,00000000000000000000000000000000000000000000000000000000000000,|||,|||,|||,|||,|||,|||,|||,|||,|||,|||
167.114.24.177,167.114.24.177,00000000000000000000000000000000000000000000000000000000000000,|||,|||,|||,|||,|||,|||,|||,|||,|||,|||
124.160.154.30,124.160.154.30,00000000000000000000000000000000000000000000000000000000000000,|||,|||,|||,|||,|||,|||,|||,|||,|||,|||
167.114.24.189,167.114.24.189,00000000000000000000000000000000000000000000000000000000000000,|||,|||,|||,|||,|||,|||,|||,|||,|||,|||
124.119.27.226,124.119.27.226,00000000000000000000000000000000000000000000000000000000000000,|||,|||,|||,|||,|||,|||,|||,|||,|||,|||
167.172.149.73,167.172.149.73,00000000000000000000000000000000000000000000000000000000000000,|||,|||,|||,|||,|||,|||,|||,|||,|||,|||
167.172.149.63,167.172.149.63,00000000000000000000000000000000000000000000000000000000000000,|||,|||,|||,|||,|||,|||,|||,|||,|||,|||
167.172.143.179,167.172.143.179,00000000000000000000000000000000000000000000000000000000000000,|||,|||,|||,|||,|||,|||,|||,|||,|||,|||
124.163.191.246,124.163.191.246,00000000000000000000000000000000000000000000000000000000000000,|||,|||,|||,|||,|||,|||,|||,|||,|||,|||
124.152.185.167,124.152.185.167,00000000000000000000000000000000000000000000000000000000000000,|||,|||,|||,|||,|||,|||,|||,|||,|||,|||
164.52.24.182,164.52.24.182,00000000000000000000000000000000000000000000000000000000000000,|||,|||,|||,|||,|||,|||,|||,|||,|||,|||
123.59.195.175,123.59.195.175,00000000000000000000000000000000000000000000000000000000000000,|||,|||,|||,|||,|||,|||,|||,|||,|||,|||
124.162.33.30,124.162.33.30,00000000000000000000000000000000000000000000000000000000000000,|||,|||,|||,|||,|||,|||,|||,|||,|||,|||
167.172.148.241,167.172.148.241,00000000000000000000000000000000000000000000000000000000000000,|||,|||,|||,|||,|||,|||,|||,|||,|||,|||
164.52.24.180,164.52.24.180,00000000000000000000000000000000000000000000000000000000000000,|||,|||,|||,|||,|||,|||,|||,|||,|||,|||
124.158.107.76,124.158.107.76,00000000000000000000000000000000000000000000000000000000000000,|||,|||,|||,|||,|||,|||,|||,|||,|||,|||
124.160.36.52,124.160.36.52,00000000000000000000000000000000000000000000000000000000000000,|||,|||,|||,|||,|||,|||,|||,|||,|||,|||
167.172.159.130,167.172.159.130,00000000000000000000000000000000000000000000000000000000000000,|||,|||,|||,|||,|||,|||,|||,|||,|||,|||
124.196.60.12,124.196.60.12,00000000000000000000000000000000000000000000000000000000000000,|||,|||,|||,|||,|||,|||,|||,|||,|||,|||
124.193.146.186,124.193.146.186,00000000000000000000000000000000000000000000000000000000000000,|||,|||,|||,|||,|||,|||,|||,|||,|||,|||
167.172.253.88,167.172.253.88,00000000000000000000000000000000000000000000000000000000000000,|||,|||,|||,|||,|||,|||,|||,|||,|||,|||
124.160.154.51,124.160.154.51,00000000000000000000000000000000000000000000000000000000000000,|||,|||,|||,|||,|||,|||,|||,|||,|||,|||
124.222.111.156,124.222.111.156,00000000000000000000000000000000000000000000000000000000000000,|||,|||,|||,|||,|||,|||,|||,|||,|||,|||
164.52.24.172,164.52.24.172,00000000000000000000000000000000000000000000000000000000000000,|||,|||,|||,|||,|||,|||,|||,|||,|||,|||
167.172.159.204,167.172.159.204,00000000000000000000000000000000000000000000000000000000000000,|||,|||,|||,|||,|||,|||,|||,|||,|||,|||
164.52.24.189,164.52.24.189,00000000000000000000000000000000000000000000000000000000000000,|||,|||,|||,|||,|||,|||,|||,|||,|||,|||
167.172.240.54,167.172.240.54,00000000000000000000000000000000000000000000000000000000000000,|||,|||,|||,|||,|||,|||,|||,|||,|||,|||
118.25.1.17,118.25.1.17,00000000000000000000000000000000000000000000000000000000000000,|||,|||,|||,|||,|||,|||,|||,|||,|||,|||
157.7.168.115,157.7.168.115,05b02b09b04b04b05b05b02b05b04bd7fc4c7c6ef19b77a4ca0787979cdc13,0016|0301||ff01,0005|0301||ff01,0039|0301||ff01,000a|0301||ff01,000a|0301||ff01,0016|0301||ff01,0016|0301||ff01,0005|0301||ff01,0016|0301||ff01,000a|0301||ff01
167.172.245.187,167.172.245.187,00000000000000000000000000000000000000000000000000000000000000,|||,|||,|||,|||,|||,|||,|||,|||,|||,|||
117.50.46.13,117.50.46.13,00000000000000000000000000000000000000000000000000000000000000,|||,|||,|||,|||,|||,|||,|||,|||,|||,|||
164.90.138.233,164.90.138.233,3fd3fd15d3fd3fd21c42d42d0000006f254909a73bf62f6b28507e9fb451b5,cca8|0303|http/1.1|ff01-0001-000b-0023-0010-0017,cca8|0303|http/1.1|ff01-0001-000b-0023-0010-0017,009e|0303|http/1.1|ff01-0001-0023-0010-0017,cca8|0303|http/1.1|ff01-0001-000b-0023-0010-0017,cca8|0303|http/1.1|ff01-0001-000b-0023-0010-0017,c013|0302|http/1.1|ff01-0001-000b-0023-0010-0017,1302|0303||002b-0033,1302|0303||002b-0033,|||,|||
165.227.2.127,165.227.2.127,00000000000000000000000000000000000000000000000000000000000000,|||,|||,|||,|||,|||,|||,|||,|||,|||,|||
147.182.229.37,147.182.229.37,07d19d1ad21d21d00042d43d00000076e5b3c488a88e5790970b78ffb8afc2,0033|0303|http/1.1|ff01-0001-0023-0010-0017,00c0|0303|http/1.1|ff01-0001-0023-0010-0017,00c4|0303|http/1.1|ff01-0001-0023-0010-0017,c013|0303|http/1.1|ff01-0001-000b-0023-0010-0017,c013|0303|http/1.1|ff01-0001-000b-0023-0010-0017,|||,1302|0303||002b-0033,1303|0303||002b-0033,|||,|||
162.241.139.160,162.241.139.160,25d3fd00025d25d00042d43d0000007d9a2df75fc17326c15d1e44e597e360,c027|0303|http/1.1|ff01-0001-000b-0023-0010-0017,cca8|0303|http/1.1|ff01-0001-000b-0023-0010-0017,|||,c027|0303|http/1.1|ff01-0001-000b-0023-0010-0017,c027|0303|http/1.1|ff01-0001-000b-0023-0010-0017,|||,1302|0303||002b-0033,1303|0303||002b-0033,|||,|||
124.162.217.228,124.162.217.228,00000000000000000000000000000000000000000000000000000000000000,|||,|||,|||,|||,|||,|||,|||,|||,|||,|||
124.205.226.1,124.205.226.1,00000000000000000000000000000000000000000000000000000000000000,|||,|||,|||,|||,|||,|||,|||,|||,|||,|||
124.222.106.248,124.222.106.248,00000000000000000000000000000000000000000000000000000000000000,|||,|||,|||,|||,|||,|||,|||,|||,|||,|||
164.52.24.178,164.52.24.178,00000000000000000000000000000000000000000000000000000000000000,|||,|||,|||,|||,|||,|||,|||,|||,|||,|||
165.227.25.154,165.227.25.154,00000000000000000000000000000000000000000000000000000000000000,|||,|||,|||,|||,|||,|||,|||,|||,|||,|||
124.222.114.18,124.222.114.18,00000000000000000000000000000000000000000000000000000000000000,|||,|||,|||,|||,|||,|||,|||,|||,|||,|||
124.193.236.138,124.193.236.138,00000000000000000000000000000000000000000000000000000000000000,|||,|||,|||,|||,|||,|||,|||,|||,|||,|||
124.219.231.124,124.219.231.124,00000000000000000000000000000000000000000000000000000000000000,|||,|||,|||,|||,|||,|||,|||,|||,|||,|||
124.163.241.179,124.163.241.179,00000000000000000000000000000000000000000000000000000000000000,|||,|||,|||,|||,|||,|||,|||,|||,|||,|||
167.172.111.231,167.172.111.231,16d16d16d2ad16d00016d16d16d16dcbfa3dc4cbab0b48c0129972c7b68de4,009f|0303|h2|ff01-0001-0023-0010-0017,009f|0303|h2|ff01-0001-0023-0010-0017,009f|0303|h2|ff01-0001-0023-0010-0017,c030|0303||ff01-0001-000b-0023-0017,009f|0303||ff01-0001-0023-0017,|||,009f|0303|h2|ff01-0001-0023-0010-0017,009f|0303|h2|ff01-0001-0023-0010-0017,009f|0303|h2|ff01-0001-0023-0010-0017,009f|0303|h2|ff01-0001-0023-0010-0017
167.248.133.134,167.248.133.134,00000000000000000000000000000000000000000000000000000000000000,|||,|||,|||,|||,|||,|||,|||,|||,|||,|||
167.248.133.129,167.248.133.129,00000000000000000000000000000000000000000000000000000000000000,|||,|||,|||,|||,|||,|||,|||,|||,|||,|||
167.71.40.83,167.71.40.83,29d29d15d29d29d21c42d41d29d41d4261af0102c45458a1c8a1ace8632c34,c02f|0303|h2|0000-ff01-000b-0023-0010,c02f|0303|h2|0000-ff01-000b-0023-0010,009e|0303|h2|0000-ff01-0023-0010,c02f|0303||0000-ff01-000b-0023,c02f|0303||0000-ff01-000b-0023,c013|0302|h2|0000-ff01-000b-0023-0010,1302|0303||002b-0033,1301|0303||002b-0033,c02f|0303|h2|0000-ff01-000b-0023-0010,1301|0303||002b-0033
165.232.128.81,165.232.128.81,00000000000000000000000000000000000000000000000000000000000000,|||,|||,|||,|||,|||,|||,|||,|||,|||,|||
165.227.62.247,165.227.62.247,00000000000000000000000000000000000000000000000000000000000000,|||,|||,|||,|||,|||,|||,|||,|||,|||,|||
164.52.24.190,164.52.24.190,00000000000000000000000000000000000000000000000000000000000000,|||,|||,|||,|||,|||,|||,|||,|||,|||,|||
165.232.150.116,165.232.150.116,00000000000000000000000000000000000000000000000000000000000000,|||,|||,|||,|||,|||,|||,|||,|||,|||,|||
144.48.240.243,144.48.240.243,00000000000000000000000000000000000000000000000000000000000000,|||,|||,|||,|||,|||,|||,|||,|||,|||,|||
167.248.133.142,167.248.133.142,00000000000000000000000000000000000000000000000000000000000000,|||,|||,|||,|||,|||,|||,|||,|||,|||,|||
165.227.55.4,165.227.55.4,00000000000000000000000000000000000000000000000000000000000000,|||,|||,|||,|||,|||,|||,|||,|||,|||,|||
124.14.224.4,124.14.224.4,00000000000000000000000000000000000000000000000000000000000000,|||,|||,|||,|||,|||,|||,|||,|||,|||,|||
167.172.155.79,167.172.155.79,00000000000000000000000000000000000000000000000000000000000000,|||,|||,|||,|||,|||,|||,|||,|||,|||,|||
124.205.183.45,124.205.183.45,00000000000000000000000000000000000000000000000000000000000000,|||,|||,|||,|||,|||,|||,|||,|||,|||,|||
124.222.22.198,124.222.22.198,00000000000000000000000000000000000000000000000000000000000000,|||,|||,|||,|||,|||,|||,|||,|||,|||,|||
124.222.56.23,124.222.56.23,00000000000000000000000000000000000000000000000000000000000000,|||,|||,|||,|||,|||,|||,|||,|||,|||,|||
167.248.133.147,167.248.133.147,00000000000000000000000000000000000000000000000000000000000000,|||,|||,|||,|||,|||,|||,|||,|||,|||,|||
124.222.21.183,124.222.21.183,00000000000000000000000000000000000000000000000000000000000000,|||,|||,|||,|||,|||,|||,|||,|||,|||,|||
124.222.51.38,124.222.51.38,00000000000000000000000000000000000000000000000000000000000000,|||,|||,|||,|||,|||,|||,|||,|||,|||,|||
167.248.133.128,167.248.133.128,00000000000000000000000000000000000000000000000000000000000000,|||,|||,|||,|||,|||,|||,|||,|||,|||,|||
167.248.133.137,167.248.133.137,00000000000000000000000000000000000000000000000000000000000000,|||,|||,|||,|||,|||,|||,|||,|||,|||,|||
167.248.133.140,167.248.133.140,00000000000000000000000000000000000000000000000000000000000000,|||,|||,|||,|||,|||,|||,|||,|||,|||,|||
167.248.133.136,167.248.133.136,00000000000000000000000000000000000000000000000000000000000000,|||,|||,|||,|||,|||,|||,|||,|||,|||,|||
167.248.133.145,167.248.133.145,00000000000000000000000000000000000000000000000000000000000000,|||,|||,|||,|||,|||,|||,|||,|||,|||,|||
124.222.16.133,124.222.16.133,00000000000000000000000000000000000000000000000000000000000000,|||,|||,|||,|||,|||,|||,|||,|||,|||,|||
167.248.133.143,167.248.133.143,00000000000000000000000000000000000000000000000000000000000000,|||,|||,|||,|||,|||,|||,|||,|||,|||,|||
167.248.133.138,167.248.133.138,00000000000000000000000000000000000000000000000000000000000000,|||,|||,|||,|||,|||,|||,|||,|||,|||,|||
167.248.133.139,167.248.133.139,00000000000000000000000000000000000000000000000000000000000000,|||,|||,|||,|||,|||,|||,|||,|||,|||,|||
124.222.16.107,124.222.16.107,00000000000000000000000000000000000000000000000000000000000000,|||,|||,|||,|||,|||,|||,|||,|||,|||,|||
124.222.75.163,124.222.75.163,00000000000000000000000000000000000000000000000000000000000000,|||,|||,|||,|||,|||,|||,|||,|||,|||,|||
167.248.133.144,167.248.133.144,00000000000000000000000000000000000000000000000000000000000000,|||,|||,|||,|||,|||,|||,|||,|||,|||,|||
124.222.28.181,124.222.28.181,00000000000000000000000000000000000000000000000000000000000000,|||,|||,|||,|||,|||,|||,|||,|||,|||,|||
165.22.211.85,165.22.211.85,00000000000000000000000000000000000000000000000000000000000000,|||,|||,|||,|||,|||,|||,|||,|||,|||,|||
124.222.69.152,124.222.69.152,00000000000000000000000000000000000000000000000000000000000000,|||,|||,|||,|||,|||,|||,|||,|||,|||,|||
167.94.145.25,167.94.145.25,00000000000000000000000000000000000000000000000000000000000000,|||,|||,|||,|||,|||,|||,|||,|||,|||,|||
124.71.67.199,124.71.67.199,00000000000000000000000000000000000000000000000000000000000000,|||,|||,|||,|||,|||,|||,|||,|||,|||,|||
167.248.133.135,167.248.133.135,00000000000000000000000000000000000000000000000000000000000000,|||,|||,|||,|||,|||,|||,|||,|||,|||,|||
167.94.145.31,167.94.145.31,00000000000000000000000000000000000000000000000000000000000000,|||,|||,|||,|||,|||,|||,|||,|||,|||,|||
165.22.222.218,165.22.222.218,00000000000000000000000000000000000000000000000000000000000000,|||,|||,|||,|||,|||,|||,|||,|||,|||,|||
167.94.145.26,167.94.145.26,00000000000000000000000000000000000000000000000000000000000000,|||,|||,|||,|||,|||,|||,|||,|||,|||,|||
167.94.145.87,167.94.145.87,00000000000000000000000000000000000000000000000000000000000000,|||,|||,|||,|||,|||,|||,|||,|||,|||,|||
159.223.46.135,159.223.46.135,20d14d20d21d20d00042d14d20d41ddcc832adca9a779dc66965afdb62ec7a,c012|0303|h2|0023-ff01-0010-000b,009d|0303|h2|0023-ff01-0010-000b,c012|0303|h2|0023-ff01-0010-000b,c013|0303||0023-ff01-000b,c012|0303||0023-ff01-000b,|||,1302|0303||002b-0033,009d|0303|h2|0023-ff01-0010-000b,c012|0303|h2|0023-ff01-0010-000b,1301|0303||002b-0033
167.94.145.19,167.94.145.19,00000000000000000000000000000000000000000000000000000000000000,|||,|||,|||,|||,|||,|||,|||,|||,|||,|||
159.223.67.236,159.223.67.236,2ad2ad0002ad2ad22c2ad2ad2ad2ad4e2288047286426ce53420cd83dff40f,c030|0303|h2|ff01-0001-000b-0023-0010-0017,c030|0303|h2|ff01-0001-000b-0023-0010-0017,|||,c030|0303||ff01-0001-000b-0023-0017,c030|0303||ff01-0001-000b-0023-0017,c014|0302|h2|ff01-0001-000b-0023-0010-0017,c030|0303|h2|ff01-0001-000b-0023-0010-0017,c030|0303|h2|ff01-0001-000b-0023-0010-0017,c030|0303|h2|ff01-0001-000b-0023-0010-0017,c030|0303|h2|ff01-0001-000b-0023-0010-0017
167.71.5.167,167.71.5.167,15d3fd16d21d21d00042d43d000000fe02290512647416dcf0a400ccbc0b6b,009e|0303|http/1.1|ff01-0000-0001-0010-0017,cca8|0303|http/1.1|ff01-0000-0001-000b-0010-0017,009f|0303|http/1.1|ff01-0000-0001-0010-0017,c013|0303||ff01-0000-0001-000b-0017,c013|0303||ff01-0000-0001-000b-0017,|||,1302|0303||002b-0033,1303|0303||002b-0033,|||,|||
167.94.145.17,167.94.145.17,00000000000000000000000000000000000000000000000000000000000000,|||,|||,|||,|||,|||,|||,|||,|||,|||,|||
159.223.37.162,159.223.37.162,29d29d00029d29d00029d29d29d29d33c8b328f3568a7c72e1a441e5a1d146,c02f|0303|h2|ff01-0000-0001-000b-0023-0010-0017,c02f|0303|h2|ff01-0000-0001-000b-0023-0010-0017,|||,c02f|0303|http/1.0|ff01-0000-0001-000b-0023-0010-0017,c02f|0303|http/1.0|ff01-0000-0001-000b-0023-0010-0017,|||,c02f|0303|h2|ff01-0000-0001-000b-0023-0010-0017,c02f|0303|h2|ff01-0000-0001-000b-0023-0010-0017,c02f|0303|h2|ff01-0000-0001-000b-0023-0010-0017,c02f|0303|h2|ff01-0000-0001-000b-0023-0010-0017
162.214.199.112,162.214.199.112,15d3fd16d29d29d00042d43d0000009ec686233a4398bea334ba5e62e34a01,009e|0303|http/1.1|ff01-0001-0023-0010-0017,cca8|0303|http/1.1|ff01-0001-000b-0023-0010-0017,009f|0303|http/1.1|ff01-0001-0023-0010-0017,c02f|0303|http/1.1|ff01-0001-000b-0023-0010-0017,c02f|0303|http/1.1|ff01-0001-000b-0023-0010-0017,|||,1302|0303||002b-0033,1303|0303||002b-0033,|||,|||
167.94.145.28,167.94.145.28,00000000000000000000000000000000000000000000000000000000000000,|||,|||,|||,|||,|||,|||,|||,|||,|||,|||
167.94.145.29,167.94.145.29,00000000000000000000000000000000000000000000000000000000000000,|||,|||,|||,|||,|||,|||,|||,|||,|||,|||
162.214.166.84,162.214.166.84,15d3fd16d29d29d00042d43d000000eed8083ffe0365e3dd86aa60eff5d3bb,009e|0303|h2|ff01-0001-0023-0010-0017,cca8|0303|h2|ff01-0001-000b-0023-0010-0017,009f|0303|h2|ff01-0001-0023-0010-0017,c02f|0303|http/1.1|ff01-0001-000b-0023-0010-0017,c02f|0303|http/1.1|ff01-0001-000b-0023-0010-0017,|||,1302|0303||002b-0033,1303|0303||002b-0033,|||,|||
167.94.146.17,167.94.146.17,00000000000000000000000000000000000000000000000000000000000000,|||,|||,|||,|||,|||,|||,|||,|||,|||,|||
124.239.168.5,124.239.168.5,00000000000000000000000000000000000000000000000000000000000000,|||,|||,|||,|||,|||,|||,|||,|||,|||,|||
167.71.64.178,167.71.64.178,3fd21b20d3fd3fd21c3fd21b21b3fd09a00b24483586e69e1b2e49cc2ece92,cca8|0303||0023-ff01-000b,c013|0301||0023-ff01-000b,c012|0303||0023-ff01-000b,cca8|0303||0023-ff01-000b,cca8|0303||0023-ff01-000b,c013|0302||0023-ff01-000b,cca8|0303||0023-ff01-000b,c013|0301||0023-ff01-000b,c013|0301||0023-ff01-000b,cca8|0303||0023-ff01-000b
167.94.145.89,167.94.145.89,00000000000000000000000000000000000000000000000000000000000000,|||,|||,|||,|||,|||,|||,|||,|||,|||,|||
162.241.120.155,162.241.120.155,15d3fd16d29d29d00042d43d0000009ec686233a4398bea334ba5e62e34a01,009e|0303|http/1.1|ff01-0001-0023-0010-0017,cca8|0303|http/1.1|ff01-0001-000b-0023-0010-0017,009f|0303|http/1.1|ff01-0001-0023-0010-0017,c02f|0303|http/1.1|ff01-0001-000b-0023-0010-0017,c02f|0303|http/1.1|ff01-0001-000b-0023-0010-0017,|||,1302|0303||002b-0033,1303|0303||002b-0033,|||,|||
167.248.133.141,167.248.133.141,00000000000000000000000000000000000000000000000000000000000000,|||,|||,|||,|||,|||,|||,|||,|||,|||,|||
167.248.133.148,167.248.133.148,00000000000000000000000000000000000000000000000000000000000000,|||,|||,|||,|||,|||,|||,|||,|||,|||,|||
167.94.145.21,167.94.145.21,00000000000000000000000000000000000000000000000000000000000000,|||,|||,|||,|||,|||,|||,|||,|||,|||,|||
167.94.145.22,167.94.145.22,00000000000000000000000000000000000000000000000000000000000000,|||,|||,|||,|||,|||,|||,|||,|||,|||,|||
167.94.145.24,167.94.145.24,00000000000000000000000000000000000000000000000000000000000000,|||,|||,|||,|||,|||,|||,|||,|||,|||,|||
124.222.11.121,124.222.11.121,00000000000000000000000000000000000000000000000000000000000000,|||,|||,|||,|||,|||,|||,|||,|||,|||,|||
124.223.44.116,124.223.44.116,00000000000000000000000000000000000000000000000000000000000000,|||,|||,|||,|||,|||,|||,|||,|||,|||,|||
167.248.133.133,167.248.133.133,00000000000000000000000000000000000000000000000000000000000000,|||,|||,|||,|||,|||,|||,|||,|||,|||,|||
167.248.133.146,167.248.133.146,00000000000000000000000000000000000000000000000000000000000000,|||,|||,|||,|||,|||,|||,|||,|||,|||,|||
167.94.145.85,167.94.145.85,00000000000000000000000000000000000000000000000000000000000000,|||,|||,|||,|||,|||,|||,|||,|||,|||,|||
167.94.146.18,167.94.146.18,00000000000000000000000000000000000000000000000000000000000000,|||,|||,|||,|||,|||,|||,|||,|||,|||,|||
167.94.145.88,167.94.145.88,00000000000000000000000000000000000000000000000000000000000000,|||,|||,|||,|||,|||,|||,|||,|||,|||,|||
167.94.145.23,167.94.145.23,00000000000000000000000000000000000000000000000000000000000000,|||,|||,|||,|||,|||,|||,|||,|||,|||,|||
167.172.145.227,167.172.145.227,00000000000000000000000000000000000000000000000000000000000000,|||,|||,|||,|||,|||,|||,|||,|||,|||,|||
165.22.242.49,165.22.242.49,00000000000000000000000000000000000000000000000000000000000000,|||,|||,|||,|||,|||,|||,|||,|||,|||,|||
110.249.146.194,110.249.146.194,00000000000000000000000000000000000000000000000000000000000000,|||,|||,|||,|||,|||,|||,|||,|||,|||,|||
167.71.110.14,167.71.110.14,00000000000000000000000000000000000000000000000000000000000000,|||,|||,|||,|||,|||,|||,|||,|||,|||,|||
159.223.51.135,159.223.51.135,29d29d00029d29d00042d42d000000591965a32830c32b3ad57d4bfd247359,c02f|0303|http/1.1|ff01-0001-000b-0023-0010-0017,c02f|0303|http/1.1|ff01-0001-000b-0023-0010-0017,|||,c02f|0303||ff01-0001-000b-0023-0017,c02f|0303||ff01-0001-000b-0023-0017,|||,1302|0303||002b-0033,1302|0303||002b-0033,|||,|||
124.223.39.24,124.223.39.24,00000000000000000000000000000000000000000000000000000000000000,|||,|||,|||,|||,|||,|||,|||,|||,|||,|||
125.125.92.226,125.125.92.226,00000000000000000000000000000000000000000000000000000000000000,|||,|||,|||,|||,|||,|||,|||,|||,|||,|||
124.70.85.122,124.70.85.122,00000000000000000000000000000000000000000000000000000000000000,|||,|||,|||,|||,|||,|||,|||,|||,|||,|||
167.71.102.95,167.71.102.95,00000000000000000000000000000000000000000000000000000000000000,|||,|||,|||,|||,|||,|||,|||,|||,|||,|||
124.225.202.52,124.225.202.52,00000000000000000000000000000000000000000000000000000000000000,|||,|||,|||,|||,|||,|||,|||,|||,|||,|||
124.223.37.48,124.223.37.48,00000000000000000000000000000000000000000000000000000000000000,|||,|||,|||,|||,|||,|||,|||,|||,|||,|||
124.223.7.137,124.223.7.137,00000000000000000000000000000000000000000000000000000000000000,|||,|||,|||,|||,|||,|||,|||,|||,|||,|||
124.82.107.90,124.82.107.90,00000000000000000000000000000000000000000000000000000000000000,|||,|||,|||,|||,|||,|||,|||,|||,|||,|||
124.71.65.174,124.71.65.174,00000000000000000000000000000000000000000000000000000000000000,|||,|||,|||,|||,|||,|||,|||,|||,|||,|||
167.71.191.196,167.71.191.196,00000000000000000000000000000000000000000000000000000000000000,|||,|||,|||,|||,|||,|||,|||,|||,|||,|||
125.118.43.224,125.118.43.224,00000000000000000000000000000000000000000000000000000000000000,|||,|||,|||,|||,|||,|||,|||,|||,|||,|||
167.248.133.167,167.248.133.167,00000000000000000000000000000000000000000000000000000000000000,|||,|||,|||,|||,|||,|||,|||,|||,|||,|||
167.94.145.86,167.94.145.86,00000000000000000000000000000000000000000000000000000000000000,|||,|||,|||,|||,|||,|||,|||,|||,|||,|||
167.94.145.91,167.94.145.91,00000000000000000000000000000000000000000000000000000000000000,|||,|||,|||,|||,|||,|||,|||,|||,|||,|||
167.94.145.90,167.94.145.90,00000000000000000000000000000000000000000000000000000000000000,|||,|||,|||,|||,|||,|||,|||,|||,|||,|||
167.94.145.93,167.94.145.93,00000000000000000000000000000000000000000000000000000000000000,|||,|||,|||,|||,|||,|||,|||,|||,|||,|||
124.67.108.130,124.67.108.130,00000000000000000000000000000000000000000000000000000000000000,|||,|||,|||,|||,|||,|||,|||,|||,|||,|||
167.94.145.92,167.94.145.92,00000000000000000000000000000000000000000000000000000000000000,|||,|||,|||,|||,|||,|||,|||,|||,|||,|||
124.223.93.28,124.223.93.28,00000000000000000000000000000000000000000000000000000000000000,|||,|||,|||,|||,|||,|||,|||,|||,|||,|||
125.110.35.35,125.110.35.35,00000000000000000000000000000000000000000000000000000000000000,|||,|||,|||,|||,|||,|||,|||,|||,|||,|||
162.240.35.42,162.240.35.42,15d3fd16d29d29d00015d3fd15d29d92faac93703c2dc5037f0c8e9572fc5b,009e|0303|h2|ff01-0001-0023-0010-0017,cca8|0303|h2|ff01-0001-000b-0023-0010-0017,009f|0303|h2|ff01-0001-0023-0010-0017,c02f|0303|http/1.1|ff01-0001-000b-0023-0010-0017,c02f|0303|http/1.1|ff01-0001-000b-0023-0010-0017,|||,009e|0303|h2|ff01-0001-0023-0010-0017,cca8|0303|h2|ff01-0001-000b-0023-0010-0017,009e|0303|h2|ff01-0001-0023-0010-0017,c02f|0303|h2|ff01-0001-000b-0023-0010-0017
162.240.46.147,162.240.46.147,15d3fd16d29d29d00015d3fd15d29d92faac93703c2dc5037f0c8e9572fc5b,009e|0303|h2|ff01-0001-0023-0010-0017,cca8|0303|h2|ff01-0001-000b-0023-0010-0017,009f|0303|h2|ff01-0001-0023-0010-0017,c02f|0303|http/1.1|ff01-0001-000b-0023-0010-0017,c02f|0303|http/1.1|ff01-0001-000b-0023-0010-0017,|||,009e|0303|h2|ff01-0001-0023-0010-0017,cca8|0303|h2|ff01-0001-000b-0023-0010-0017,009e|0303|h2|ff01-0001-0023-0010-0017,c02f|0303|h2|ff01-0001-000b-0023-0010-0017
167.248.133.166,167.248.133.166,00000000000000000000000000000000000000000000000000000000000000,|||,|||,|||,|||,|||,|||,|||,|||,|||,|||
167.172.219.157,167.172.219.157,00000000000000000000000000000000000000000000000000000000000000,|||,|||,|||,|||,|||,|||,|||,|||,|||,|||
167.248.133.154,167.248.133.154,00000000000000000000000000000000000000000000000000000000000000,|||,|||,|||,|||,|||,|||,|||,|||,|||,|||
165.227.189.15,165.227.189.15,15d3fd16d29d29d00042d43d000000ed1cf37c9a169b41886e27ba8fad60b0,009e|0303|http/1.1|ff01-0001-0010-0017,cca8|0303|http/1.1|ff01-0001-000b-0010-0017,009f|0303|http/1.1|ff01-0001-0010-0017,c02f|0303|http/1.1|ff01-0001-000b-0010-0017,c02f|0303|http/1.1|ff01-0001-000b-0010-0017,|||,1302|0303||002b-0033,1303|0303||002b-0033,|||,|||
124.227.119.143,124.227.119.143,00000000000000000000000000000000000000000000000000000000000000,|||,|||,|||,|||,|||,|||,|||,|||,|||,|||
167.248.133.156,167.248.133.156,00000000000000000000000000000000000000000000000000000000000000,|||,|||,|||,|||,|||,|||,|||,|||,|||,|||
125.110.38.74,125.110.38.74,00000000000000000000000000000000000000000000000000000000000000,|||,|||,|||,|||,|||,|||,|||,|||,|||,|||
165.22.230.145,165.22.230.145,2ad2ad0002ad2ad00041d2ad2ad41d47390d982d099a542ccbc90628951062,c030|0303||0023-ff01-000b,c030|0303||0023-ff01-000b,|||,c030|0303||0023-ff01-000b,c030|0303||0023-ff01-000b,|||,1301|0303||002b-0033,c030|0303||0023-ff01-000b,c030|0303||0023-ff01-000b,1301|0303||002b-0033
165.22.47.119,165.22.47.119,20d14d20d21d20d00042d14d20d41ddcc832adca9a779dc66965afdb62ec7a,c012|0303|h2|0023-ff01-0010-000b,009d|0303|h2|0023-ff01-0010-000b,c012|0303|h2|0023-ff01-0010-000b,c013|0303||0023-ff01-000b,c012|0303||0023-ff01-000b,|||,1302|0303||002b-0033,009d|0303|h2|0023-ff01-0010-000b,c012|0303|h2|0023-ff01-0010-000b,1301|0303||002b-0033
167.248.133.153,167.248.133.153,00000000000000000000000000000000000000000000000000000000000000,|||,|||,|||,|||,|||,|||,|||,|||,|||,|||
125.116.42.78,125.116.42.78,00000000000000000000000000000000000000000000000000000000000000,|||,|||,|||,|||,|||,|||,|||,|||,|||,|||
125.119.79.3,125.119.79.3,00000000000000000000000000000000000000000000000000000000000000,|||,|||,|||,|||,|||,|||,|||,|||,|||,|||
125.116.59.120,125.116.59.120,00000000000000000000000000000000000000000000000000000000000000,|||,|||,|||,|||,|||,|||,|||,|||,|||,|||
167.94.145.94,167.94.145.94,00000000000000000000000000000000000000000000000000000000000000,|||,|||,|||,|||,|||,|||,|||,|||,|||,|||
159.223.48.90,159.223.48.90,20d14d20d21d20d00042d14d20d41ddcc832adca9a779dc66965afdb62ec7a,c012|0303|h2|0023-ff01-0010-000b,009d|0303|h2|0023-ff01-0010-000b,c012|0303|h2|0023-ff01-0010-000b,c013|0303||0023-ff01-000b,c012|0303||0023-ff01-000b,|||,1302|0303||002b-0033,009d|0303|h2|0023-ff01-0010-000b,c012|0303|h2|0023-ff01-0010-000b,1301|0303||002b-0033
125.134.2.66,125.134.2.66,00000000000000000000000000000000000000000000000000000000000000,|||,|||,|||,|||,|||,|||,|||,|||,|||,|||
125.116.56.127,125.116.56.127,00000000000000000000000000000000000000000000000000000000000000,|||,|||,|||,|||,|||,|||,|||,|||,|||,|||
165.22.244.225,165.22.244.225,00000000000000000000000000000000000000000000000000000000000000,|||,|||,|||,|||,|||,|||,|||,|||,|||,|||
167.248.133.161,167.248.133.161,00000000000000000000000000000000000000000000000000000000000000,|||,|||,|||,|||,|||,|||,|||,|||,|||,|||
159.223.91.85,159.223.91.85,3fd3fd0003fd3fd21c42d42d000000307ee0eb468e9fdb5cfcd698a80a67ef,cca8|0303|h2|ff01-0000-0001-000b-0023-0010-0017,cca8|0303|h2|ff01-0000-0001-000b-0023-0010-0017,|||,cca8|0303||ff01-0000-0001-000b-0023-0017,cca8|0303||ff01-0000-0001-000b-0023-0017,c013|0302|h2|ff01-0000-0001-000b-0023-0010-0017,1302|0303||002b-0033,1302|0303||002b-0033,|||,|||
167.94.146.19,167.94.146.19,00000000000000000000000000000000000000000000000000000000000000,|||,|||,|||,|||,|||,|||,|||,|||,|||,|||
167.248.133.168,167.248.133.168,00000000000000000000000000000000000000000000000000000000000000,|||,|||,|||,|||,|||,|||,|||,|||,|||,|||
167.248.133.164,167.248.133.164,00000000000000000000000000000000000000000000000000000000000000,|||,|||,|||,|||,|||,|||,|||,|||,|||,|||
167.248.133.162,167.248.133.162,00000000000000000000000000000000000000000000000000000000000000,|||,|||,|||,|||,|||,|||,|||,|||,|||,|||
167.248.133.158,167.248.133.158,00000000000000000000000000000000000000000000000000000000000000,|||,|||,|||,|||,|||,|||,|||,|||,|||,|||
124.223.40.46,124.223.40.46,00000000000000000000000000000000000000000000000000000000000000,|||,|||,|||,|||,|||,|||,|||,|||,|||,|||
167.248.133.174,167.248.133.174,00000000000000000000000000000000000000000000000000000000000000,|||,|||,|||,|||,|||,|||,|||,|||,|||,|||
165.22.233.187,165.22.233.187,15d3fd16d21d21d00042d43d000000fe02290512647416dcf0a400ccbc0b6b,009e|0303|http/1.1|ff01-0000-0001-0010-0017,cca8|0303|http/1.1|ff01-0000-0001-000b-0010-0017,009f|0303|http/1.1|ff01-0000-0001-0010-0017,c013|0303||ff01-0000-0001-000b-0017,c013|0303||ff01-0000-0001-000b-0017,|||,1302|0303||002b-0033,1303|0303||002b-0033,|||,|||
167.248.133.173,167.248.133.173,00000000000000000000000000000000000000000000000000000000000000,|||,|||,|||,|||,|||,|||,|||,|||,|||,|||
167.248.133.160,167.248.133.160,00000000000000000000000000000000000000000000000000000000000000,|||,|||,|||,|||,|||,|||,|||,|||,|||,|||
167.94.146.22,167.94.146.22,00000000000000000000000000000000000000000000000000000000000000,|||,|||,|||,|||,|||,|||,|||,|||,|||,|||
167.248.133.163,167.248.133.163,00000000000000000000000000000000000000000000000000000000000000,|||,|||,|||,|||,|||,|||,|||,|||,|||,|||
162.221.194.128,162.221.194.128,00000000000000000000000000000000000000000000000000000000000000,|||,|||,|||,|||,|||,|||,|||,|||,|||,|||
167.248.133.159,167.248.133.159,00000000000000000000000000000000000000000000000000000000000000,|||,|||,|||,|||,|||,|||,|||,|||,|||,|||
167.248.133.155,167.248.133.155,00000000000000000000000000000000000000000000000000000000000000,|||,|||,|||,|||,|||,|||,|||,|||,|||,|||
167.248.133.170,167.248.133.170,00000000000000000000000000000000000000000000000000000000000000,|||,|||,|||,|||,|||,|||,|||,|||,|||,|||
167.248.133.169,167.248.133.169,00000000000000000000000000000000000000000000000000000000000000,|||,|||,|||,|||,|||,|||,|||,|||,|||,|||
125.124.160.27,125.124.160.27,00000000000000000000000000000000000000000000000000000000000000,|||,|||,|||,|||,|||,|||,|||,|||,|||,|||
167.71.67.103,167.71.67.103,3fd3fd15d3fd3fd00042d42d00000061256d32ed7779c14686ad100544dc8d,cca8|0303|http/1.1|ff01-0001-000b-0023-0010-0017,cca8|0303|http/1.1|ff01-0001-000b-0023-0010-0017,009e|0303|http/1.1|ff01-0001-0023-0010-0017,cca8|0303|http/1.1|ff01-0001-000b-0023-0010-0017,cca8|0303|http/1.1|ff01-0001-000b-0023-0010-0017,|||,1302|0303||002b-0033,1302|0303||002b-0033,|||,|||
125.116.46.93,125.116.46.93,00000000000000000000000000000000000000000000000000000000000000,|||,|||,|||,|||,|||,|||,|||,|||,|||,|||
125.122.85.106,125.122.85.106,00000000000000000000000000000000000000000000000000000000000000,|||,|||,|||,|||,|||,|||,|||,|||,|||,|||
165.22.54.219,165.22.54.219,00000000000000000000000000000000000000000000000000000000000000,|||,|||,|||,|||,|||,|||,|||,|||,|||,|||
167.248.133.172,167.248.133.172,00000000000000000000000000000000000000000000000000000000000000,|||,|||,|||,|||,|||,|||,|||,|||,|||,|||
125.124.103.60,125.124.103.60,00000000000000000000000000000000000000000000000000000000000000,|||,|||,|||,|||,|||,|||,|||,|||,|||,|||
167.248.133.175,167.248.133.175,00000000000000000000000000000000000000000000000000000000000000,|||,|||,|||,|||,|||,|||,|||,|||,|||,|||
159.65.1.194,159.65.1.194,15d3fd16d29d29d00042d43d000000fe02290512647416dcf0a400ccbc0b6b,009e|0303|http/1.1|ff01-0000-0001-0010-0017,cca8|0303|http/1.1|ff01-0000-0001-000b-0010-0017,009f|0303|http/1.1|ff01-0000-0001-0010-0017,c02f|0303||ff01-0000-0001-000b-0017,c02f|0303||ff01-0000-0001-000b-0017,|||,1302|0303||002b-0033,1303|0303||002b-0033,|||,|||
167.94.145.20,167.94.145.20,00000000000000000000000000000000000000000000000000000000000000,|||,|||,|||,|||,|||,|||,|||,|||,|||,|||
167.248.133.165,167.248.133.165,00000000000000000000000000000000000000000000000000000000000000,|||,|||,|||,|||,|||,|||,|||,|||,|||,|||
140.143.196.38,140.143.196.38,29d21b20d29d29d21c41d21b21b41d863128bc160b816910681100a6250acf,c02f|0303|h2|0023-ff01-0010,c013|0301|h2|0023-ff01-0010,c012|0303|h2|0023-ff01-0010,c02f|0303||0023-ff01,c02f|0303||0023-ff01,c013|0302|h2|0023-ff01-0010,1301|0303||002b-0033,c013|0301|h2|0023-ff01-0010,c013|0301|h2|0023-ff01-0010,1301|0303||002b-0033
125.161.42.85,125.161.42.85,00000000000000000000000000000000000000000000000000000000000000,|||,|||,|||,|||,|||,|||,|||,|||,|||,|||
125.35.249.13,125.35.249.13,00000000000000000000000000000000000000000000000000000000000000,|||,|||,|||,|||,|||,|||,|||,|||,|||,|||
125.131.121.15,125.131.121.15,00000000000000000000000000000000000000000000000000000000000000,|||,|||,|||,|||,|||,|||,|||,|||,|||,|||
165.227.189.92,165.227.189.92,29d29d00029d29d00042d42d000000591965a32830c32b3ad57d4bfd247359,c02f|0303|http/1.1|ff01-0001-000b-0023-0010-0017,c02f|0303|http/1.1|ff01-0001-000b-0023-0010-0017,|||,c02f|0303||ff01-0001-000b-0023-0017,c02f|0303||ff01-0001-000b-0023-0017,|||,1302|0303||002b-0033,1302|0303||002b-0033,|||,|||
167.248.133.131,167.248.133.131,00000000000000000000000000000000000000000000000000000000000000,|||,|||,|||,|||,|||,|||,|||,|||,|||,|||
152.136.213.190,152.136.213.190,00000000000000000000000000000000000000000000000000000000000000,|||,|||,|||,|||,|||,|||,|||,|||,|||,|||
167.94.138.106,167.94.138.106,00000000000000000000000000000000000000000000000000000000000000,|||,|||,|||,|||,|||,|||,|||,|||,|||,|||
125.162.69.143,125.162.69.143,00000000000000000000000000000000000000000000000000000000000000,|||,|||,|||,|||,|||,|||,|||,|||,|||,|||
159.65.148.176,159.65.148.176,07d2ad16d21d21d07c07d2ad07d21d9b2f5869a6985368a9dec764186a9175,0033|0303||ff01-0017,c030|0303||ff01-0017,009f|0303||ff01-0017,c013|0303||ff01-0017,c013|0303||ff01-0017,0033|0302||ff01-0017,0033|0303||ff01-0017,c030|0303||ff01-0017,0033|0303||ff01-0017,c013|0303||ff01-0017
167.94.146.21,167.94.146.21,00000000000000000000000000000000000000000000000000000000000000,|||,|||,|||,|||,|||,|||,|||,|||,|||,|||
167.248.133.130,167.248.133.130,00000000000000000000000000000000000000000000000000000000000000,|||,|||,|||,|||,|||,|||,|||,|||,|||,|||
167.248.133.132,167.248.133.132,00000000000000000000000000000000000000000000000000000000000000,|||,|||,|||,|||,|||,|||,|||,|||,|||,|||
167.248.133.171,167.248.133.171,00000000000000000000000000000000000000000000000000000000000000,|||,|||,|||,|||,|||,|||,|||,|||,|||,|||
124.67.255.18,124.67.255.18,00000000000000000000000000000000000000000000000000000000000000,|||,|||,|||,|||,|||,|||,|||,|||,|||,|||
159.65.147.108,159.65.147.108,2ad2ad0002ad2ad00042d42d000000301510f56407964db9434a9bb0d4ee4a,c030|0303|http/1.1|ff01-0000-0001-000b-0023-0010-0017,c030|0303|http/1.1|ff01-0000-0001-000b-0023-0010-0017,|||,c030|0303||ff01-0000-0001-000b-0023-0017,c030|0303||ff01-0000-0001-000b-0023-0017,|||,1302|0303||002b-0033,1302|0303||002b-0033,|||,|||
159.65.101.138,159.65.101.138,29d29d15d29d29d21c29d29d29d29d47321614530b94a96fa03d06e666d6d6,c02f|0303|http/1.1|ff01-000b-0023-0010,c02f|0303|http/1.1|ff01-000b-0023-0010,009e|0303|http/1.1|ff01-0023-0010,c02f|0303||ff01-000b-0023,c02f|0303||ff01-000b-0023,c013|0302|http/1.1|ff01-000b-0023-0010,c02f|0303|http/1.1|ff01-000b-0023-0010,c02f|0303|http/1.1|ff01-000b-0023-0010,c02f|0303|http/1.1|ff01-000b-0023-0010,c02f|0303|http/1.1|ff01-000b-0023-0010
167.71.99.196,167.71.99.196,00000000000000000000000000000000000000000000000000000000000000,|||,|||,|||,|||,|||,|||,|||,|||,|||,|||
167.71.85.246,167.71.85.246,00000000000000000000000000000000000000000000000000000000000000,|||,|||,|||,|||,|||,|||,|||,|||,|||,|||
167.94.146.20,167.94.146.20,00000000000000000000000000000000000000000000000000000000000000,|||,|||,|||,|||,|||,|||,|||,|||,|||,|||
125.228.206.44,125.228.206.44,00000000000000000000000000000000000000000000000000000000000000,|||,|||,|||,|||,|||,|||,|||,|||,|||,|||
125.137.217.133,125.137.217.133,00000000000000000000000000000000000000000000000000000000000000,|||,|||,|||,|||,|||,|||,|||,|||,|||,|||
125.162.212.88,125.162.212.88,00000000000000000000000000000000000000000000000000000000000000,|||,|||,|||,|||,|||,|||,|||,|||,|||,|||
125.129.23.115,125.129.23.115,00000000000000000000000000000000000000000000000000000000000000,|||,|||,|||,|||,|||,|||,|||,|||,|||,|||
167.248.133.149,167.248.133.149,00000000000000000000000000000000000000000000000000000000000000,|||,|||,|||,|||,|||,|||,|||,|||,|||,|||
167.94.138.107,167.94.138.107,00000000000000000000000000000000000000000000000000000000000000,|||,|||,|||,|||,|||,|||,|||,|||,|||,|||
125.36.167.8,125.36.167.8,00000000000000000000000000000000000000000000000000000000000000,|||,|||,|||,|||,|||,|||,|||,|||,|||,|||
125.35.225.18,125.35.225.18,00000000000000000000000000000000000000000000000000000000000000,|||,|||,|||,|||,|||,|||,|||,|||,|||,|||
125.228.100.47,125.228.100.47,00000000000000000000000000000000000000000000000000000000000000,|||,|||,|||,|||,|||,|||,|||,|||,|||,|||
125.234.3.170,125.234.3.170,00000000000000000000000000000000000000000000000000000000000000,|||,|||,|||,|||,|||,|||,|||,|||,|||,|||
167.94.138.105,167.94.138.105,00000000000000000000000000000000000000000000000000000000000000,|||,|||,|||,|||,|||,|||,|||,|||,|||,|||
125.231.135.210,125.231.135.210,00000000000000000000000000000000000000000000000000000000000000,|||,|||,|||,|||,|||,|||,|||,|||,|||,|||
159.89.167.81,159.89.167.81,3fd3fd0003fd3fd21c42d42d000000307ee0eb468e9fdb5cfcd698a80a67ef,cca8|0303|h2|ff01-0000-0001-000b-0023-0010-0017,cca8|0303|h2|ff01-0000-0001-000b-0023-0010-0017,|||,cca8|0303||ff01-0000-0001-000b-0023-0017,cca8|0303||ff01-0000-0001-000b-0023-0017,c013|0302|h2|ff01-0000-0001-000b-0023-0010-0017,1302|0303||002b-0033,1302|0303||002b-0033,|||,|||
167.94.138.102,167.94.138.102,00000000000000000000000000000000000000000000000000000000000000,|||,|||,|||,|||,|||,|||,|||,|||,|||,|||
167.94.138.103,167.94.138.103,00000000000000000000000000000000000000000000000000000000000000,|||,|||,|||,|||,|||,|||,|||,|||,|||,|||
125.25.254.219,125.25.254.219,00000000000000000000000000000000000000000000000000000000000000,|||,|||,|||,|||,|||,|||,|||,|||,|||,|||
159.65.149.71,159.65.149.71,3fd21b20d3fd3fd21c3fd21b21b3fd09a00b24483586e69e1b2e49cc2ece92,cca8|0303||0023-ff01-000b,c013|0301||0023-ff01-000b,c012|0303||0023-ff01-000b,cca8|0303||0023-ff01-000b,cca8|0303||0023-ff01-000b,c013|0302||0023-ff01-000b,cca8|0303||0023-ff01-000b,c013|0301||0023-ff01-000b,c013|0301||0023-ff01-000b,cca8|0303||0023-ff01-000b
167.248.133.151,167.248.133.151,00000000000000000000000000000000000000000000000000000000000000,|||,|||,|||,|||,|||,|||,|||,|||,|||,|||
167.94.146.64,167.94.146.64,00000000000000000000000000000000000000000000000000000000000000,|||,|||,|||,|||,|||,|||,|||,|||,|||,|||
167.94.146.73,167.94.146.73,00000000000000000000000000000000000000000000000000000000000000,|||,|||,|||,|||,|||,|||,|||,|||,|||,|||
152.136.187.203,152.136.187.203,00000000000000000000000000000000000000000000000000000000000000,|||,|||,|||,|||,|||,|||,|||,|||,|||,|||
167.94.138.100,167.94.138.100,00000000000000000000000000000000000000000000000000000000000000,|||,|||,|||,|||,|||,|||,|||,|||,|||,|||
167.94.145.83,167.94.145.83,00000000000000000000000000000000000000000000000000000000000000,|||,|||,|||,|||,|||,|||,|||,|||,|||,|||
125.46.32.106,125.46.32.106,00000000000000000000000000000000000000000000000000000000000000,|||,|||,|||,|||,|||,|||,|||,|||,|||,|||
167.248.133.150,167.248.133.150,00000000000000000000000000000000000000000000000000000000000000,|||,|||,|||,|||,|||,|||,|||,|||,|||,|||
164.52.24.165,164.52.24.165,00000000000000000000000000000000000000000000000000000000000000,|||,|||,|||,|||,|||,|||,|||,|||,|||,|||
167.94.145.27,167.94.145.27,00000000000000000000000000000000000000000000000000000000000000,|||,|||,|||,|||,|||,|||,|||,|||,|||,|||
125.42.235.172,125.42.235.172,00000000000000000000000000000000000000000000000000000000000000,|||,|||,|||,|||,|||,|||,|||,|||,|||,|||
167.94.145.95,167.94.145.95,00000000000000000000000000000000000000000000000000000000000000,|||,|||,|||,|||,|||,|||,|||,|||,|||,|||
167.94.138.104,167.94.138.104,00000000000000000000000000000000000000000000000000000000000000,|||,|||,|||,|||,|||,|||,|||,|||,|||,|||
167.94.145.18,167.94.145.18,00000000000000000000000000000000000000000000000000000000000000,|||,|||,|||,|||,|||,|||,|||,|||,|||,|||
167.248.133.157,167.248.133.157,00000000000000000000000000000000000000000000000000000000000000,|||,|||,|||,|||,|||,|||,|||,|||,|||,|||
167.94.138.101,167.94.138.101,00000000000000000000000000000000000000000000000000000000000000,|||,|||,|||,|||,|||,|||,|||,|||,|||,|||
167.94.138.109,167.94.138.109,00000000000000000000000000000000000000000000000000000000000000,|||,|||,|||,|||,|||,|||,|||,|||,|||,|||
125.45.125.107,125.45.125.107,00000000000000000000000000000000000000000000000000000000000000,|||,|||,|||,|||,|||,|||,|||,|||,|||,|||
159.89.174.36,159.89.174.36,15d3fd16d29d29d00042d43d00000053048c0cf21f940aa8a7c90581768da6,009e|0303|http/1.1|ff01-0001-0010-0017,cca8|0303|http/1.1|ff01-0001-000b-0010-0017,009f|0303|http/1.1|ff01-0001-0010-0017,c02f|0303||ff01-0001-000b-0017,c02f|0303||ff01-0001-000b-0017,|||,1302|0303||002b-0033,1303|0303||002b-0033,|||,|||
167.94.138.110,167.94.138.110,00000000000000000000000000000000000000000000000000000000000000,|||,|||,|||,|||,|||,|||,|||,|||,|||,|||
125.71.239.135,125.71.239.135,00000000000000000000000000000000000000000000000000000000000000,|||,|||,|||,|||,|||,|||,|||,|||,|||,|||
125.46.97.138,125.46.97.138,00000000000000000000000000000000000000000000000000000000000000,|||,|||,|||,|||,|||,|||,|||,|||,|||,|||
167.248.133.152,167.248.133.152,00000000000000000000000000000000000000000000000000000000000000,|||,|||,|||,|||,|||,|||,|||,|||,|||,|||
165.232.184.235,165.232.184.235,00000000000000000000000000000000000000000000000000000000000000,|||,|||,|||,|||,|||,|||,|||,|||,|||,|||
125.46.32.123,125.46.32.123,00000000000000000000000000000000000000000000000000000000000000,|||,|||,|||,|||,|||,|||,|||,|||,|||,|||
167.94.146.72,167.94.146.72,00000000000000000000000000000000000000000000000000000000000000,|||,|||,|||,|||,|||,|||,|||,|||,|||,|||
159.89.171.241,159.89.171.241,15d3fd16d21d21d00042d43d000000fe02290512647416dcf0a400ccbc0b6b,009e|0303|http/1.1|ff01-0000-0001-0010-0017,cca8|0303|http/1.1|ff01-0000-0001-000b-0010-0017,009f|0303|http/1.1|ff01-0000-0001-0010-0017,c013|0303||ff01-0000-0001-000b-0017,c013|0303||ff01-0000-0001-000b-0017,|||,1302|0303||002b-0033,1303|0303||002b-0033,|||,|||
167.94.145.16,167.94.145.16,00000000000000000000000000000000000000000000000000000000000000,|||,|||,|||,|||,|||,|||,|||,|||,|||,|||
167.94.146.29,167.94.146.29,00000000000000000000000000000000000000000000000000000000000000,|||,|||,|||,|||,|||,|||,|||,|||,|||,|||
167.94.138.128,167.94.138.128,00000000000000000000000000000000000000000000000000000000000000,|||,|||,|||,|||,|||,|||,|||,|||,|||,|||
167.94.146.76,167.94.146.76,00000000000000000000000000000000000000000000000000000000000000,|||,|||,|||,|||,|||,|||,|||,|||,|||,|||
167.94.146.28,167.94.146.28,00000000000000000000000000000000000000000000000000000000000000,|||,|||,|||,|||,|||,|||,|||,|||,|||,|||
162.14.116.240,162.14.116.240,00000000000000000000000000000000000000000000000000000000000000,|||,|||,|||,|||,|||,|||,|||,|||,|||,|||
167.94.146.26,167.94.146.26,00000000000000000000000000000000000000000000000000000000000000,|||,|||,|||,|||,|||,|||,|||,|||,|||,|||
159.89.162.252,159.89.162.252,2ad2ad0002ad2ad00042d42d000000301510f56407964db9434a9bb0d4ee4a,c030|0303|http/1.1|ff01-0000-0001-000b-0023-0010-0017,c030|0303|http/1.1|ff01-0000-0001-000b-0023-0010-0017,|||,c030|0303||ff01-0000-0001-000b-0023-0017,c030|0303||ff01-0000-0001-000b-0023-0017,|||,1302|0303||002b-0033,1302|0303||002b-0033,|||,|||
167.94.138.129,167.94.138.129,00000000000000000000000000000000000000000000000000000000000000,|||,|||,|||,|||,|||,|||,|||,|||,|||,|||
167.94.145.80,167.94.145.80,00000000000000000000000000000000000000000000000000000000000000,|||,|||,|||,|||,|||,|||,|||,|||,|||,|||
125.75.123.39,125.75.123.39,00000000000000000000000000000000000000000000000000000000000000,|||,|||,|||,|||,|||,|||,|||,|||,|||,|||
164.90.159.205,164.90.159.205,15d2ad16d29d29d00015d2ad15d29d67edd16014aa8d87eb613c543d04cbe2,009e|0303||ff01-0023,c030|0303||ff01-000b-0023,009f|0303||ff01-0023,c02f|0303||ff01-000b-0023,c02f|0303||ff01-000b-0023,|||,009e|0303||ff01-0023,c030|0303||ff01-000b-0023,009e|0303||ff01-0023,c02f|0303||ff01-000b-0023
167.94.138.135,167.94.138.135,00000000000000000000000000000000000000000000000000000000000000,|||,|||,|||,|||,|||,|||,|||,|||,|||,|||
167.94.138.111,167.94.138.111,00000000000000000000000000000000000000000000000000000000000000,|||,|||,|||,|||,|||,|||,|||,|||,|||,|||
159.89.168.117,159.89.168.117,3fd21b20d3fd3fd21c3fd21b21b3fd09a00b24483586e69e1b2e49cc2ece92,cca8|0303||0023-ff01-000b,c013|0301||0023-ff01-000b,c012|0303||0023-ff01-000b,cca8|0303||0023-ff01-000b,cca8|0303||0023-ff01-000b,c013|0302||0023-ff01-000b,cca8|0303||0023-ff01-000b,c013|0301||0023-ff01-000b,c013|0301||0023-ff01-000b,cca8|0303||0023-ff01-000b
167.94.146.31,167.94.146.31,00000000000000000000000000000000000000000000000000000000000000,|||,|||,|||,|||,|||,|||,|||,|||,|||,|||
167.94.146.71,167.94.146.71,00000000000000000000000000000000000000000000000000000000000000,|||,|||,|||,|||,|||,|||,|||,|||,|||,|||
167.94.138.133,167.94.138.133,00000000000000000000000000000000000000000000000000000000000000,|||,|||,|||,|||,|||,|||,|||,|||,|||,|||
167.94.146.25,167.94.146.25,00000000000000000000000000000000000000000000000000000000000000,|||,|||,|||,|||,|||,|||,|||,|||,|||,|||
167.94.138.136,167.94.138.136,00000000000000000000000000000000000000000000000000000000000000,|||,|||,|||,|||,|||,|||,|||,|||,|||,|||
167.94.146.74,167.94.146.74,00000000000000000000000000000000000000000000000000000000000000,|||,|||,|||,|||,|||,|||,|||,|||,|||,|||
125.75.114.6,125.75.114.6,00000000000000000000000000000000000000000000000000000000000000,|||,|||,|||,|||,|||,|||,|||,|||,|||,|||
167.94.146.65,167.94.146.65,00000000000000000000000000000000000000000000000000000000000000,|||,|||,|||,|||,|||,|||,|||,|||,|||,|||
167.94.138.134,167.94.138.134,00000000000000000000000000000000000000000000000000000000000000,|||,|||,|||,|||,|||,|||,|||,|||,|||,|||
167.99.193.139,167.99.193.139,00000000000000000000000000000000000000000000000000000000000000,|||,|||,|||,|||,|||,|||,|||,|||,|||,|||
167.99.221.2,167.99.221.2,00000000000000000000000000000000000000000000000000000000000000,|||,|||,|||,|||,|||,|||,|||,|||,|||,|||
167.94.146.70,167.94.146.70,00000000000000000000000000000000000000000000000000000000000000,|||,|||,|||,|||,|||,|||,|||,|||,|||,|||
165.22.55.15,165.22.55.15,00000000000000000000000000000000000000000000000000000000000000,|||,|||,|||,|||,|||,|||,|||,|||,|||,|||
167.99.221.9,167.99.221.9,00000000000000000000000000000000000000000000000000000000000000,|||,|||,|||,|||,|||,|||,|||,|||,|||,|||
167.94.146.75,167.94.146.75,00000000000000000000000000000000000000000000000000000000000000,|||,|||,|||,|||,|||,|||,|||,|||,|||,|||
167.94.146.78,167.94.146.78,00000000000000000000000000000000000000000000000000000000000000,|||,|||,|||,|||,|||,|||,|||,|||,|||,|||
146.56.188.37,146.56.188.37,40d40d40d00000000043d40d40d43dd812443a829002f8e614d83abb6b19de,cca9|0303|http/1.1|ff01-0010-000b,cca9|0303|http/1.1|ff01-0010-000b,cca9|0303|http/1.1|ff01-0010-000b,|||,|||,|||,1303|0303||002b-0033,cca9|0303|http/1.1|ff01-0010-000b,cca9|0303|http/1.1|ff01-0010-000b,1303|0303||002b-0033
167.94.138.154,167.94.138.154,00000000000000000000000000000000000000000000000000000000000000,|||,|||,|||,|||,|||,|||,|||,|||,|||,|||
167.94.138.148,167.94.138.148,00000000000000000000000000000000000000000000000000000000000000,|||,|||,|||,|||,|||,|||,|||,|||,|||,|||
167.94.138.140,167.94.138.140,00000000000000000000000000000000000000000000000000000000000000,|||,|||,|||,|||,|||,|||,|||,|||,|||,|||
167.94.138.132,167.94.138.132,00000000000000000000000000000000000000000000000000000000000000,|||,|||,|||,|||,|||,|||,|||,|||,|||,|||
167.94.146.79,167.94.146.79,00000000000000000000000000000000000000000000000000000000000000,|||,|||,|||,|||,|||,|||,|||,|||,|||,|||
125.93.83.110,125.93.83.110,00000000000000000000000000000000000000000000000000000000000000,|||,|||,|||,|||,|||,|||,|||,|||,|||,|||
167.94.146.16,167.94.146.16,00000000000000000000000000000000000000000000000000000000000000,|||,|||,|||,|||,|||,|||,|||,|||,|||,|||
125.47.124.195,125.47.124.195,00000000000000000000000000000000000000000000000000000000000000,|||,|||,|||,|||,|||,|||,|||,|||,|||,|||
167.94.138.139,167.94.138.139,00000000000000000000000000000000000000000000000000000000000000,|||,|||,|||,|||,|||,|||,|||,|||,|||,|||
167.94.138.138,167.94.138.138,00000000000000000000000000000000000000000000000000000000000000,|||,|||,|||,|||,|||,|||,|||,|||,|||,|||
167.94.138.151,167.94.138.151,00000000000000000000000000000000000000000000000000000000000000,|||,|||,|||,|||,|||,|||,|||,|||,|||,|||
167.94.138.145,167.94.138.145,00000000000000000000000000000000000000000000000000000000000000,|||,|||,|||,|||,|||,|||,|||,|||,|||,|||
167.114.199.67,167.114.199.67,00000000000000000000000000000000000000000000000000000000000000,|||,|||,|||,|||,|||,|||,|||,|||,|||,|||
167.94.138.150,167.94.138.150,00000000000000000000000000000000000000000000000000000000000000,|||,|||,|||,|||,|||,|||,|||,|||,|||,|||
125.227.11.71,125.227.11.71,00000000000000000000000000000000000000000000000000000000000000,|||,|||,|||,|||,|||,|||,|||,|||,|||,|||
167.94.146.69,167.94.146.69,00000000000000000000000000000000000000000000000000000000000000,|||,|||,|||,|||,|||,|||,|||,|||,|||,|||
167.94.146.30,167.94.146.30,00000000000000000000000000000000000000000000000000000000000000,|||,|||,|||,|||,|||,|||,|||,|||,|||,|||
167.94.146.67,167.94.146.67,00000000000000000000000000000000000000000000000000000000000000,|||,|||,|||,|||,|||,|||,|||,|||,|||,|||
167.94.138.149,167.94.138.149,00000000000000000000000000000000000000000000000000000000000000,|||,|||,|||,|||,|||,|||,|||,|||,|||,|||
125.74.189.66,125.74.189.66,00000000000000000000000000000000000000000000000000000000000000,|||,|||,|||,|||,|||,|||,|||,|||,|||,|||
125.74.52.54,125.74.52.54,00000000000000000000000000000000000000000000000000000000000000,|||,|||,|||,|||,|||,|||,|||,|||,|||,|||
167.94.138.143,167.94.138.143,00000000000000000000000000000000000000000000000000000000000000,|||,|||,|||,|||,|||,|||,|||,|||,|||,|||
167.94.138.80,167.94.138.80,00000000000000000000000000000000000000000000000000000000000000,|||,|||,|||,|||,|||,|||,|||,|||,|||,|||
167.94.138.147,167.94.138.147,00000000000000000000000000000000000000000000000000000000000000,|||,|||,|||,|||,|||,|||,|||,|||,|||,|||
125.41.229.231,125.41.229.231,00000000000000000000000000000000000000000000000000000000000000,|||,|||,|||,|||,|||,|||,|||,|||,|||,|||
167.94.145.30,167.94.145.30,00000000000000000000000000000000000000000000000000000000000000,|||,|||,|||,|||,|||,|||,|||,|||,|||,|||
167.94.138.144,167.94.138.144,00000000000000000000000000000000000000000000000000000000000000,|||,|||,|||,|||,|||,|||,|||,|||,|||,|||
167.94.145.82,167.94.145.82,00000000000000000000000000000000000000000000000000000000000000,|||,|||,|||,|||,|||,|||,|||,|||,|||,|||
167.94.138.137,167.94.138.137,00000000000000000000000000000000000000000000000000000000000000,|||,|||,|||,|||,|||,|||,|||,|||,|||,|||
167.94.138.157,167.94.138.157,00000000000000000000000000000000000000000000000000000000000000,|||,|||,|||,|||,|||,|||,|||,|||,|||,|||
167.94.138.146,167.94.138.146,00000000000000000000000000000000000000000000000000000000000000,|||,|||,|||,|||,|||,|||,|||,|||,|||,|||
167.94.146.27,167.94.146.27,00000000000000000000000000000000000000000000000000000000000000,|||,|||,|||,|||,|||,|||,|||,|||,|||,|||
159.65.159.25,159.65.159.25,15d3fd16d29d29d00042d43d000000fb990e9ecd59d220cfc6dabb1f390b0e,009e|0303|h2|ff01-0001-0010-0017,cca8|0303|h2|ff01-0001-000b-0010-0017,009f|0303|h2|ff01-0001-0010-0017,c02f|0303||ff01-0001-000b-0017,c02f|0303||ff01-0001-000b-0017,|||,1302|0303||002b-0033,1303|0303||002b-0033,|||,|||
167.94.145.81,167.94.145.81,00000000000000000000000000000000000000000000000000000000000000,|||,|||,|||,|||,|||,|||,|||,|||,|||,|||
167.94.145.84,167.94.145.84,00000000000000000000000000000000000000000000000000000000000000,|||,|||,|||,|||,|||,|||,|||,|||,|||,|||
167.94.138.156,167.94.138.156,00000000000000000000000000000000000000000000000000000000000000,|||,|||,|||,|||,|||,|||,|||,|||,|||,|||
167.94.138.155,167.94.138.155,00000000000000000000000000000000000000000000000000000000000000,|||,|||,|||,|||,|||,|||,|||,|||,|||,|||
167.94.138.96,167.94.138.96,00000000000000000000000000000000000000000000000000000000000000,|||,|||,|||,|||,|||,|||,|||,|||,|||,|||
167.94.138.159,167.94.138.159,00000000000000000000000000000000000000000000000000000000000000,|||,|||,|||,|||,|||,|||,|||,|||,|||,|||
167.94.146.23,167.94.146.23,00000000000000000000000000000000000000000000000000000000000000,|||,|||,|||,|||,|||,|||,|||,|||,|||,|||
129.213.135.199,129.213.135.199,29d29d00029d29d00029d29d29d29d08a0d286bdfcdb762d7d807e4efd7674,c02f|0303|h2|0023-ff01-0010,c02f|0303|h2|0023-ff01-0010,|||,c02f|0303||0023-ff01,c02f|0303||0023-ff01,|||,c02f|0303|h2|0023-ff01-0010,c02f|0303|h2|0023-ff01-0010,c02f|0303|h2|0023-ff01-0010,c02f|0303|h2|0023-ff01-0010
167.94.138.142,167.94.138.142,00000000000000000000000000000000000000000000000000000000000000,|||,|||,|||,|||,|||,|||,|||,|||,|||,|||
167.94.138.152,167.94.138.152,00000000000000000000000000000000000000000000000000000000000000,|||,|||,|||,|||,|||,|||,|||,|||,|||,|||
167.94.138.158,167.94.138.158,00000000000000000000000000000000000000000000000000000000000000,|||,|||,|||,|||,|||,|||,|||,|||,|||,|||
167.94.138.130,167.94.138.130,00000000000000000000000000000000000000000000000000000000000000,|||,|||,|||,|||,|||,|||,|||,|||,|||,|||
167.94.138.97,167.94.138.97,00000000000000000000000000000000000000000000000000000000000000,|||,|||,|||,|||,|||,|||,|||,|||,|||,|||
125.228.143.69,125.228.143.69,00000000000000000000000000000000000000000000000000000000000000,|||,|||,|||,|||,|||,|||,|||,|||,|||,|||
128.1.40.181,128.1.40.181,00000000000000000000000000000000000000000000000000000000000000,|||,|||,|||,|||,|||,|||,|||,|||,|||,|||
167.94.146.24,167.94.146.24,00000000000000000000000000000000000000000000000000000000000000,|||,|||,|||,|||,|||,|||,|||,|||,|||,|||
167.94.146.77,167.94.146.77,00000000000000000000000000000000000000000000000000000000000000,|||,|||,|||,|||,|||,|||,|||,|||,|||,|||
167.94.138.141,167.94.138.141,00000000000000000000000000000000000000000000000000000000000000,|||,|||,|||,|||,|||,|||,|||,|||,|||,|||
167.94.138.153,167.94.138.153,00000000000000000000000000000000000000000000000000000000000000,|||,|||,|||,|||,|||,|||,|||,|||,|||,|||
167.94.138.16,167.94.138.16,00000000000000000000000000000000000000000000000000000000000000,|||,|||,|||,|||,|||,|||,|||,|||,|||,|||
167.94.146.68,167.94.146.68,00000000000000000000000000000000000000000000000000000000000000,|||,|||,|||,|||,|||,|||,|||,|||,|||,|||
167.172.235.90,167.172.235.90,00000000000000000000000000000000000000000000000000000000000000,|||,|||,|||,|||,|||,|||,|||,|||,|||,|||
128.1.42.199,128.1.42.199,00000000000000000000000000000000000000000000000000000000000000,|||,|||,|||,|||,|||,|||,|||,|||,|||,|||
167.94.138.131,167.94.138.131,00000000000000000000000000000000000000000000000000000000000000,|||,|||,|||,|||,|||,|||,|||,|||,|||,|||
159.203.46.112,159.203.46.112,2ad2ad16d2ad2ad00042d42d00000090554f5adfae5825eefb0451dee80655,c030|0303|http/1.1|ff01-0001-000b-0010-0017,c030|0303|http/1.1|ff01-0001-000b-0010-0017,009f|0303|http/1.1|ff01-0001-0010-0017,c030|0303||ff01-0001-000b-0017,c030|0303||ff01-0001-000b-0017,|||,1302|0303||002b-0033,1302|0303||002b-0033,|||,|||
167.94.138.98,167.94.138.98,00000000000000000000000000000000000000000000000000000000000000,|||,|||,|||,|||,|||,|||,|||,|||,|||,|||
167.94.138.99,167.94.138.99,00000000000000000000000000000000000000000000000000000000000000,|||,|||,|||,|||,|||,|||,|||,|||,|||,|||
125.240.34.167,125.240.34.167,00000000000000000000000000000000000000000000000000000000000000,|||,|||,|||,|||,|||,|||,|||,|||,|||,|||
125.59.208.153,125.59.208.153,00000000000000000000000000000000000000000000000000000000000000,|||,|||,|||,|||,|||,|||,|||,|||,|||,|||
159.89.171.28,159.89.171.28,26d2ad00026d26d00026d2ad26d26dce49238b62fc566f8bdb579566d23d07,c028|0303||ff01-000b-0023,c030|0303||ff01-000b-0023,|||,c028|0303||ff01-000b-0023,c028|0303||ff01-000b-0023,|||,c028|0303||ff01-000b-0023,c030|0303||ff01-000b-0023,c028|0303||ff01-000b-0023,c028|0303||ff01-000b-0023
125.47.121.142,125.47.121.142,00000000000000000000000000000000000000000000000000000000000000,|||,|||,|||,|||,|||,|||,|||,|||,|||,|||
167.99.128.118,167.99.128.118,27d27d27d29d27d00041d41d0000000be49cc25222308abd09720df24eb301,c02b|0303|h2|ff01-0000-0001-000b-0010-0017,c02b|0303|h2|ff01-0000-0001-000b-0010-0017,c02b|0303|h2|ff01-0000-0001-000b-0010-0017,c02f|0303||ff01-0000-0001-000b-0017,c02b|0303||ff01-0000-0001-000b-0017,|||,1301|0303||002b-0033,1301|0303||002b-0033,|||,|||
125.227.86.205,125.227.86.205,00000000000000000000000000000000000000000000000000000000000000,|||,|||,|||,|||,|||,|||,|||,|||,|||,|||
125.93.183.138,125.93.183.138,00000000000000000000000000000000000000000000000000000000000000,|||,|||,|||,|||,|||,|||,|||,|||,|||,|||
167.94.146.66,167.94.146.66,00000000000000000000000000000000000000000000000000000000000000,|||,|||,|||,|||,|||,|||,|||,|||,|||,|||
125.59.110.206,125.59.110.206,00000000000000000000000000000000000000000000000000000000000000,|||,|||,|||,|||,|||,|||,|||,|||,|||,|||
125.59.68.85,125.59.68.85,00000000000000000000000000000000000000000000000000000000000000,|||,|||,|||,|||,|||,|||,|||,|||,|||,|||
167.94.138.108,167.94.138.108,00000000000000000000000000000000000000000000000000000000000000,|||,|||,|||,|||,|||,|||,|||,|||,|||,|||
128.1.42.32,128.1.42.32,00000000000000000000000000000000000000000000000000000000000000,|||,|||,|||,|||,|||,|||,|||,|||,|||,|||
125.66.83.77,125.66.83.77,00000000000000000000000000000000000000000000000000000000000000,|||,|||,|||,|||,|||,|||,|||,|||,|||,|||
167.250.140.169,167.250.140.169,00000000000000000000000000000000000000000000000000000000000000,|||,|||,|||,|||,|||,|||,|||,|||,|||,|||
128.127.218.75,128.127.218.75,00000000000000000000000000000000000000000000000000000000000000,|||,|||,|||,|||,|||,|||,|||,|||,|||,|||
167.99.242.147,167.99.242.147,3fd21b20d3fd3fd21c3fd21b21b3fd09a00b24483586e69e1b2e49cc2ece92,cca8|0303||0023-ff01-000b,c013|0301||0023-ff01-000b,c012|0303||0023-ff01-000b,cca8|0303||0023-ff01-000b,cca8|0303||0023-ff01-000b,c013|0302||0023-ff01-000b,cca8|0303||0023-ff01-000b,c013|0301||0023-ff01-000b,c013|0301||0023-ff01-000b,cca8|0303||0023-ff01-000b
128.1.41.190,128.1.41.190,00000000000000000000000000000000000000000000000000000000000000,|||,|||,|||,|||,|||,|||,|||,|||,|||,|||
125.76.214.74,125.76.214.74,00000000000000000000000000000000000000000000000000000000000000,|||,|||,|||,|||,|||,|||,|||,|||,|||,|||
128.1.91.203,128.1.91.203,00000000000000000000000000000000000000000000000000000000000000,|||,|||,|||,|||,|||,|||,|||,|||,|||,|||
128.1.41.222,128.1.41.222,00000000000000000000000000000000000000000000000000000000000000,|||,|||,|||,|||,|||,|||,|||,|||,|||,|||
125.91.34.111,125.91.34.111,00000000000000000000000000000000000000000000000000000000000000,|||,|||,|||,|||,|||,|||,|||,|||,|||,|||
128.1.248.56,128.1.248.56,00000000000000000000000000000000000000000000000000000000000000,|||,|||,|||,|||,|||,|||,|||,|||,|||,|||
169.197.113.239,169.197.113.239,00000000000000000000000000000000000000000000000000000000000000,|||,|||,|||,|||,|||,|||,|||,|||,|||,|||
125.76.68.68,125.76.68.68,00000000000000000000000000000000000000000000000000000000000000,|||,|||,|||,|||,|||,|||,|||,|||,|||,|||
128.1.91.91,128.1.91.91,00000000000000000000000000000000000000000000000000000000000000,|||,|||,|||,|||,|||,|||,|||,|||,|||,|||
125.75.232.103,125.75.232.103,00000000000000000000000000000000000000000000000000000000000000,|||,|||,|||,|||,|||,|||,|||,|||,|||,|||
128.127.209.112,128.127.209.112,00000000000000000000000000000000000000000000000000000000000000,|||,|||,|||,|||,|||,|||,|||,|||,|||,|||
169.197.113.225,169.197.113.225,00000000000000000000000000000000000000000000000000000000000000,|||,|||,|||,|||,|||,|||,|||,|||,|||,|||
125.77.0.98,125.77.0.98,00000000000000000000000000000000000000000000000000000000000000,|||,|||,|||,|||,|||,|||,|||,|||,|||,|||
164.92.224.37,164.92.224.37,00000000000000000000000000000000000000000000000000000000000000,|||,|||,|||,|||,|||,|||,|||,|||,|||,|||
128.106.215.73,128.106.215.73,00000000000000000000000000000000000000000000000000000000000000,|||,|||,|||,|||,|||,|||,|||,|||,|||,|||
128.106.122.151,128.106.122.151,00000000000000000000000000000000000000000000000000000000000000,|||,|||,|||,|||,|||,|||,|||,|||,|||,|||
167.99.116.255,167.99.116.255,00000000000000000000000000000000000000000000000000000000000000,|||,|||,|||,|||,|||,|||,|||,|||,|||,|||
124.222.121.219,124.222.121.219,00000000000000000000000000000000000000000000000000000000000000,|||,|||,|||,|||,|||,|||,|||,|||,|||,|||
167.94.138.64,167.94.138.64,00000000000000000000000000000000000000000000000000000000000000,|||,|||,|||,|||,|||,|||,|||,|||,|||,|||
167.99.46.149,167.99.46.149,3fd21b20d3fd3fd21c3fd21b21b3fd09a00b24483586e69e1b2e49cc2ece92,cca8|0303||0023-ff01-000b,c013|0301||0023-ff01-000b,c012|0303||0023-ff01-000b,cca8|0303||0023-ff01-000b,cca8|0303||0023-ff01-000b,c013|0302||0023-ff01-000b,cca8|0303||0023-ff01-000b,c013|0301||0023-ff01-000b,c013|0301||0023-ff01-000b,cca8|0303||0023-ff01-000b
167.99.220.24,167.99.220.24,3fd3fd15d3fd3fd00042d42d00000061256d32ed7779c14686ad100544dc8d,cca8|0303|http/1.1|ff01-0001-000b-0023-0010-0017,cca8|0303|http/1.1|ff01-0001-000b-0023-0010-0017,009e|0303|http/1.1|ff01-0001-0023-0010-0017,cca8|0303|http/1.1|ff01-0001-000b-0023-0010-0017,cca8|0303|http/1.1|ff01-0001-000b-0023-0010-0017,|||,1302|0303||002b-0033,1302|0303||002b-0033,|||,|||
167.71.223.62,167.71.223.62,00000000000000000000000000000000000000000000000000000000000000,|||,|||,|||,|||,|||,|||,|||,|||,|||,|||
128.1.248.63,128.1.248.63,00000000000000000000000000000000000000000000000000000000000000,|||,|||,|||,|||,|||,|||,|||,|||,|||,|||
169.197.113.218,169.197.113.218,00000000000000000000000000000000000000000000000000000000000000,|||,|||,|||,|||,|||,|||,|||,|||,|||,|||
167.71.210.196,167.71.210.196,00000000000000000000000000000000000000000000000000000000000000,|||,|||,|||,|||,|||,|||,|||,|||,|||,|||
167.99.184.93,167.99.184.93,00000000000000000000000000000000000000000000000000000000000000,|||,|||,|||,|||,|||,|||,|||,|||,|||,|||
165.232.144.101,165.232.144.101,2ad2ad0002ad2ad00042d42d0000000464fb8c6842ac133bede81390a48134,c030|0303|h2|ff01-0000-0001-000b-0010-0017,c030|0303|h2|ff01-0000-0001-000b-0010-0017,|||,c030|0303||ff01-0000-0001-000b-0017,c030|0303||ff01-0000-0001-000b-0017,|||,1302|0303||002b-0033,1302|0303||002b-0033,|||,|||
167.71.238.29,167.71.238.29,00000000000000000000000000000000000000000000000000000000000000,|||,|||,|||,|||,|||,|||,|||,|||,|||,|||
167.71.220.195,167.71.220.195,00000000000000000000000000000000000000000000000000000000000000,|||,|||,|||,|||,|||,|||,|||,|||,|||,|||
167.99.176.181,167.99.176.181,00000000000000000000000000000000000000000000000000000000000000,|||,|||,|||,|||,|||,|||,|||,|||,|||,|||
172.104.129.248,172.104.129.248,00000000000000000000000000000000000000000000000000000000000000,|||,|||,|||,|||,|||,|||,|||,|||,|||,|||
169.197.113.178,169.197.113.178,00000000000000000000000000000000000000000000000000000000000000,|||,|||,|||,|||,|||,|||,|||,|||,|||,|||
165.98.99.198,165.98.99.198,08d08d00008d08d08c08d08d08d08d9674c6b4e623ae36cc2d998e99e2262e,0035|0303||ff01-0023,0035|0303||ff01-0023,|||,0035|0303||ff01-0023,0035|0303||ff01-0023,0035|0302||ff01-0023,0035|0303||ff01-0023,0035|0303||ff01-0023,0035|0303||ff01-0023,0035|0303||ff01-0023
128.14.232.100,128.14.232.100,00000000000000000000000000000000000000000000000000000000000000,|||,|||,|||,|||,|||,|||,|||,|||,|||,|||
167.114.7.82,167.114.7.82,00000000000000000000000000000000000000000000000000000000000000,|||,|||,|||,|||,|||,|||,|||,|||,|||,|||
165.227.52.251,165.227.52.251,00000000000000000000000000000000000000000000000000000000000000,|||,|||,|||,|||,|||,|||,|||,|||,|||,|||
165.232.131.202,165.232.131.202,3fd21b20d00000021c43d21b21b43de0a012c76cf078b8d06f4620c2286f5e,cca8|0303|h2|0023-ff01-0010-000b,c013|0301|h2|0023-ff01-0010-000b,c012|0303|h2|0023-ff01-0010-000b,|||,|||,c013|0302|h2|0023-ff01-0010-000b,1303|0303||002b-0033,c013|0301|h2|0023-ff01-0010-000b,c013|0301|h2|0023-ff01-0010-000b,1303|0303||002b-0033
128.14.224.198,128.14.224.198,00000000000000000000000000000000000000000000000000000000000000,|||,|||,|||,|||,|||,|||,|||,|||,|||,|||
128.14.224.113,128.14.224.113,00000000000000000000000000000000000000000000000000000000000000,|||,|||,|||,|||,|||,|||,|||,|||,|||,|||
168.187.73.14,168.187.73.14,00000000000000000000000000000000000000000000000000000000000000,|||,|||,|||,|||,|||,|||,|||,|||,|||,|||
167.71.208.202,167.71.208.202,00000000000000000000000000000000000000000000000000000000000000,|||,|||,|||,|||,|||,|||,|||,|||,|||,|||
128.14.233.47,128.14.233.47,00000000000000000000000000000000000000000000000000000000000000,|||,|||,|||,|||,|||,|||,|||,|||,|||,|||
128.14.233.55,128.14.233.55,00000000000000000000000000000000000000000000000000000000000000,|||,|||,|||,|||,|||,|||,|||,|||,|||,|||
134.175.90.250,134.175.90.250,00000000000000000000000000000000000000000000000000000000000000,|||,|||,|||,|||,|||,|||,|||,|||,|||,|||
128.14.234.151,128.14.234.151,00000000000000000000000000000000000000000000000000000000000000,|||,|||,|||,|||,|||,|||,|||,|||,|||,|||
128.14.233.61,128.14.233.61,00000000000000000000000000000000000000000000000000000000000000,|||,|||,|||,|||,|||,|||,|||,|||,|||,|||
167.172.247.38,167.172.247.38,40d1db40d0000001dc43d1db1db43d2f70423af611c314ea6b67982756f7de,cca9|0303|h2|ff01-0010-000b,c009|0301|h2|ff01-0010-000b,cca9|0303|h2|ff01-0010-000b,|||,|||,c009|0302|h2|ff01-0010-000b,1303|0303||002b-0033,c009|0301|h2|ff01-0010-000b,c009|0301|h2|ff01-0010-000b,1303|0303||002b-0033
128.199.134.181,128.199.134.181,00000000000000000000000000000000000000000000000000000000000000,|||,|||,|||,|||,|||,|||,|||,|||,|||,|||
128.14.233.62,128.14.233.62,00000000000000000000000000000000000000000000000000000000000000,|||,|||,|||,|||,|||,|||,|||,|||,|||,|||
128.199.102.221,128.199.102.221,00000000000000000000000000000000000000000000000000000000000000,|||,|||,|||,|||,|||,|||,|||,|||,|||,|||
128.14.233.20,128.14.233.20,00000000000000000000000000000000000000000000000000000000000000,|||,|||,|||,|||,|||,|||,|||,|||,|||,|||
128.14.225.239,128.14.225.239,00000000000000000000000000000000000000000000000000000000000000,|||,|||,|||,|||,|||,|||,|||,|||,|||,|||
128.199.197.60,128.199.197.60,00000000000000000000000000000000000000000000000000000000000000,|||,|||,|||,|||,|||,|||,|||,|||,|||,|||
128.14.233.44,128.14.233.44,00000000000000000000000000000000000000000000000000000000000000,|||,|||,|||,|||,|||,|||,|||,|||,|||,|||
128.199.21.37,128.199.21.37,00000000000000000000000000000000000000000000000000000000000000,|||,|||,|||,|||,|||,|||,|||,|||,|||,|||
128.199.165.179,128.199.165.179,00000000000000000000000000000000000000000000000000000000000000,|||,|||,|||,|||,|||,|||,|||,|||,|||,|||
128.199.203.151,128.199.203.151,00000000000000000000000000000000000000000000000000000000000000,|||,|||,|||,|||,|||,|||,|||,|||,|||,|||
128.199.138.144,128.199.138.144,00000000000000000000000000000000000000000000000000000000000000,|||,|||,|||,|||,|||,|||,|||,|||,|||,|||
167.172.221.151,167.172.221.151,29d29d00029d29d22c29d29d29d29d881e59db99b9f67f908be168829ecef9,c02f|0303|http/1.1|ff01-000b-0023-0010,c02f|0303|http/1.1|ff01-000b-0023-0010,|||,c02f|0303||ff01-000b-0023,c02f|0303||ff01-000b-0023,c014|0302|http/1.1|ff01-000b-0023-0010,c02f|0303|http/1.1|ff01-000b-0023-0010,c02f|0303|http/1.1|ff01-000b-0023-0010,c02f|0303|http/1.1|ff01-000b-0023-0010,c02f|0303|http/1.1|ff01-000b-0023-0010
167.71.234.134,167.71.234.134,00000000000000000000000000000000000000000000000000000000000000,|||,|||,|||,|||,|||,|||,|||,|||,|||,|||
128.199.52.122,128.199.52.122,00000000000000000000000000000000000000000000000000000000000000,|||,|||,|||,|||,|||,|||,|||,|||,|||,|||
128.199.56.66,128.199.56.66,00000000000000000000000000000000000000000000000000000000000000,|||,|||,|||,|||,|||,|||,|||,|||,|||,|||
128.199.61.67,128.199.61.67,00000000000000000000000000000000000000000000000000000000000000,|||,|||,|||,|||,|||,|||,|||,|||,|||,|||
128.199.63.67,128.199.63.67,00000000000000000000000000000000000000000000000000000000000000,|||,|||,|||,|||,|||,|||,|||,|||,|||,|||
172.107.94.66,172.107.94.66,00000000000000000000000000000000000000000000000000000000000000,|||,|||,|||,|||,|||,|||,|||,|||,|||,|||
128.71.59.53,128.71.59.53,00000000000000000000000000000000000000000000000000000000000000,|||,|||,|||,|||,|||,|||,|||,|||,|||,|||
172.107.95.30,172.107.95.30,00000000000000000000000000000000000000000000000000000000000000,|||,|||,|||,|||,|||,|||,|||,|||,|||,|||
128.71.148.73,128.71.148.73,00000000000000000000000000000000000000000000000000000000000000,|||,|||,|||,|||,|||,|||,|||,|||,|||,|||
169.197.113.176,169.197.113.176,00000000000000000000000000000000000000000000000000000000000000,|||,|||,|||,|||,|||,|||,|||,|||,|||,|||
129.146.28.152,129.146.28.152,00000000000000000000000000000000000000000000000000000000000000,|||,|||,|||,|||,|||,|||,|||,|||,|||,|||
129.151.108.77,129.151.108.77,00000000000000000000000000000000000000000000000000000000000000,|||,|||,|||,|||,|||,|||,|||,|||,|||,|||
173.212.236.217,173.212.236.217,00000000000000000000000000000000000000000000000000000000000000,|||,|||,|||,|||,|||,|||,|||,|||,|||,|||
129.146.48.145,129.146.48.145,00000000000000000000000000000000000000000000000000000000000000,|||,|||,|||,|||,|||,|||,|||,|||,|||,|||
128.199.192.148,128.199.192.148,00000000000000000000000000000000000000000000000000000000000000,|||,|||,|||,|||,|||,|||,|||,|||,|||,|||
173.249.53.50,173.249.53.50,00000000000000000000000000000000000000000000000000000000000000,|||,|||,|||,|||,|||,|||,|||,|||,|||,|||
128.199.43.76,128.199.43.76,00000000000000000000000000000000000000000000000000000000000000,|||,|||,|||,|||,|||,|||,|||,|||,|||,|||
165.22.111.206,165.22.111.206,3fd3fd15d3fd3fd21c42d42d0000006f254909a73bf62f6b28507e9fb451b5,cca8|0303|http/1.1|ff01-0001-000b-0023-0010-0017,cca8|0303|http/1.1|ff01-0001-000b-0023-0010-0017,009e|0303|http/1.1|ff01-0001-0023-0010-0017,cca8|0303|http/1.1|ff01-0001-000b-0023-0010-0017,cca8|0303|http/1.1|ff01-0001-000b-0023-0010-0017,c013|0302|http/1.1|ff01-0001-000b-0023-0010-0017,1302|0303||002b-0033,1302|0303||002b-0033,|||,|||
129.213.136.252,129.213.136.252,00000000000000000000000000000000000000000000000000000000000000,|||,|||,|||,|||,|||,|||,|||,|||,|||,|||
129.28.169.104,129.28.169.104,00000000000000000000000000000000000000000000000000000000000000,|||,|||,|||,|||,|||,|||,|||,|||,|||,|||
173.249.48.173,173.249.48.173,00000000000000000000000000000000000000000000000000000000000000,|||,|||,|||,|||,|||,|||,|||,|||,|||,|||
129.213.154.0,129.213.154.0,00000000000000000000000000000000000000000000000000000000000000,|||,|||,|||,|||,|||,|||,|||,|||,|||,|||
172.104.5.101,172.104.5.101,00000000000000000000000000000000000000000000000000000000000000,|||,|||,|||,|||,|||,|||,|||,|||,|||,|||
172.104.5.90,172.104.5.90,00000000000000000000000000000000000000000000000000000000000000,|||,|||,|||,|||,|||,|||,|||,|||,|||,|||
172.104.19.32,172.104.19.32,00000000000000000000000000000000000000000000000000000000000000,|||,|||,|||,|||,|||,|||,|||,|||,|||,|||
172.104.15.167,172.104.15.167,00000000000000000000000000000000000000000000000000000000000000,|||,|||,|||,|||,|||,|||,|||,|||,|||,|||
131.255.152.2,131.255.152.2,00000000000000000000000000000000000000000000000000000000000000,|||,|||,|||,|||,|||,|||,|||,|||,|||,|||
130.61.192.103,130.61.192.103,00000000000000000000000000000000000000000000000000000000000000,|||,|||,|||,|||,|||,|||,|||,|||,|||,|||
165.22.210.99,165.22.210.99,3fd3fd15d3fd3fd21c42d42d0000006f254909a73bf62f6b28507e9fb451b5,cca8|0303|http/1.1|ff01-0001-000b-0023-0010-0017,cca8|0303|http/1.1|ff01-0001-000b-0023-0010-0017,009e|0303|http/1.1|ff01-0001-0023-0010-0017,cca8|0303|http/1.1|ff01-0001-000b-0023-0010-0017,cca8|0303|http/1.1|ff01-0001-000b-0023-0010-0017,c013|0302|http/1.1|ff01-0001-000b-0023-0010-0017,1302|0303||002b-0033,1302|0303||002b-0033,|||,|||
131.100.104.182,131.100.104.182,00000000000000000000000000000000000000000000000000000000000000,|||,|||,|||,|||,|||,|||,|||,|||,|||,|||
131.159.25.7,131.159.25.7,00000000000000000000000000000000000000000000000000000000000000,|||,|||,|||,|||,|||,|||,|||,|||,|||,|||
172.104.5.95,172.104.5.95,00000000000000000000000000000000000000000000000000000000000000,|||,|||,|||,|||,|||,|||,|||,|||,|||,|||
172.104.5.103,172.104.5.103,00000000000000000000000000000000000000000000000000000000000000,|||,|||,|||,|||,|||,|||,|||,|||,|||,|||
131.159.25.5,131.159.25.5,00000000000000000000000000000000000000000000000000000000000000,|||,|||,|||,|||,|||,|||,|||,|||,|||,|||
170.130.187.34,170.130.187.34,00000000000000000000000000000000000000000000000000000000000000,|||,|||,|||,|||,|||,|||,|||,|||,|||,|||
169.255.236.28,169.255.236.28,00000000000000000000000000000000000000000000000000000000000000,|||,|||,|||,|||,|||,|||,|||,|||,|||,|||
167.99.123.211,167.99.123.211,29d29d00029d29d00042d42d000000591965a32830c32b3ad57d4bfd247359,c02f|0303|http/1.1|ff01-0001-000b-0023-0010-0017,c02f|0303|http/1.1|ff01-0001-000b-0023-0010-0017,|||,c02f|0303||ff01-0001-000b-0023-0017,c02f|0303||ff01-0001-000b-0023-0017,|||,1302|0303||002b-0033,1302|0303||002b-0033,|||,|||
167.71.151.22,167.71.151.22,3fd3fd15d3fd3fd21c3fd3fd3fd3fdc25457276b8fc06edcd15abdc7d472df,cca8|0303|http/1.1|ff01-0000-0001-000b-0010-0017,cca8|0303|http/1.1|ff01-0000-0001-000b-0010-0017,009e|0303|http/1.1|ff01-0000-0001-0010-0017,cca8|0303||ff01-0000-0001-000b-0017,cca8|0303||ff01-0000-0001-000b-0017,c013|0302|http/1.1|ff01-0000-0001-000b-0010-0017,cca8|0303|http/1.1|ff01-0000-0001-000b-0010-0017,cca8|0303|http/1.1|ff01-0000-0001-000b-0010-0017,cca8|0303|http/1.1|ff01-0000-0001-000b-0010-0017,cca8|0303|http/1.1|ff01-0000-0001-000b-0010-0017
131.196.104.39,131.196.104.39,00000000000000000000000000000000000000000000000000000000000000,|||,|||,|||,|||,|||,|||,|||,|||,|||,|||
170.130.187.14,170.130.187.14,00000000000000000000000000000000000000000000000000000000000000,|||,|||,|||,|||,|||,|||,|||,|||,|||,|||
170.187.159.153,170.187.159.153,00000000000000000000000000000000000000000000000000000000000000,|||,|||,|||,|||,|||,|||,|||,|||,|||,|||
139.155.85.95,139.155.85.95,00000000000000000000000000000000000000000000000000000000000000,|||,|||,|||,|||,|||,|||,|||,|||,|||,|||
131.255.9.58,131.255.9.58,00000000000000000000000000000000000000000000000000000000000000,|||,|||,|||,|||,|||,|||,|||,|||,|||,|||
132.147.113.203,132.147.113.203,00000000000000000000000000000000000000000000000000000000000000,|||,|||,|||,|||,|||,|||,|||,|||,|||,|||
167.99.156.118,167.99.156.118,40d1db40d0000001dc43d1db1db43d2f70423af611c314ea6b67982756f7de,cca9|0303|h2|ff01-0010-000b,c009|0301|h2|ff01-0010-000b,cca9|0303|h2|ff01-0010-000b,|||,|||,c009|0302|h2|ff01-0010-000b,1303|0303||002b-0033,c009|0301|h2|ff01-0010-000b,c009|0301|h2|ff01-0010-000b,1303|0303||002b-0033
165.22.223.5,165.22.223.5,15d3fd16d21d21d00042d43d000000fe02290512647416dcf0a400ccbc0b6b,009e|0303|http/1.1|ff01-0000-0001-0010-0017,cca8|0303|http/1.1|ff01-0000-0001-000b-0010-0017,009f|0303|http/1.1|ff01-0000-0001-0010-0017,c013|0303||ff01-0000-0001-000b-0017,c013|0303||ff01-0000-0001-000b-0017,|||,1302|0303||002b-0033,1303|0303||002b-0033,|||,|||
130.93.25.146,130.93.25.146,00000000000000000000000000000000000000000000000000000000000000,|||,|||,|||,|||,|||,|||,|||,|||,|||,|||
172.104.5.143,172.104.5.143,00000000000000000000000000000000000000000000000000000000000000,|||,|||,|||,|||,|||,|||,|||,|||,|||,|||
134.122.134.135,134.122.134.135,00000000000000000000000000000000000000000000000000000000000000,|||,|||,|||,|||,|||,|||,|||,|||,|||,|||
168.70.104.23,168.70.104.23,00000000000000000000000000000000000000000000000000000000000000,|||,|||,|||,|||,|||,|||,|||,|||,|||,|||
165.22.213.55,165.22.213.55,21d3fd00021d21d00042d43d0000008aec5bb03750a1d7eddfa29fb2d1deea,c013|0303|http/1.1|ff01-0000-0001-000b-0010-0017,cca8|0303|http/1.1|ff01-0000-0001-000b-0010-0017,|||,c013|0303||ff01-0000-0001-000b-0017,c013|0303||ff01-0000-0001-000b-0017,|||,1302|0303||002b-0033,1303|0303||002b-0033,|||,|||
134.122.134.141,134.122.134.141,00000000000000000000000000000000000000000000000000000000000000,|||,|||,|||,|||,|||,|||,|||,|||,|||,|||
167.99.158.192,167.99.158.192,3fd3fd15d3fd3fd00042d42d00000061256d32ed7779c14686ad100544dc8d,cca8|0303|http/1.1|ff01-0001-000b-0023-0010-0017,cca8|0303|http/1.1|ff01-0001-000b-0023-0010-0017,009e|0303|http/1.1|ff01-0001-0023-0010-0017,cca8|0303|http/1.1|ff01-0001-000b-0023-0010-0017,cca8|0303|http/1.1|ff01-0001-000b-0023-0010-0017,|||,1302|0303||002b-0033,1302|0303||002b-0033,|||,|||
167.99.152.174,167.99.152.174,29d29d15d29d29d21c29d29d29d29de857600fcd9f89735d87c3704c4e141b,c02f|0303|h2|0000-ff01-000b-0010,c02f|0303|h2|0000-ff01-000b-0010,009e|0303|h2|0000-ff01-0010,c02f|0303||0000-ff01-000b,c02f|0303||0000-ff01-000b,c013|0302|h2|0000-ff01-000b-0010,c02f|0303|h2|0000-ff01-000b-0010,c02f|0303|h2|0000-ff01-000b-0010,c02f|0303|h2|0000-ff01-000b-0010,c02f|0303|h2|0000-ff01-000b-0010
134.122.127.172,134.122.127.172,00000000000000000000000000000000000000000000000000000000000000,|||,|||,|||,|||,|||,|||,|||,|||,|||,|||
134.122.134.134,134.122.134.134,00000000000000000000000000000000000000000000000000000000000000,|||,|||,|||,|||,|||,|||,|||,|||,|||,|||
172.105.13.213,172.105.13.213,00000000000000000000000000000000000000000000000000000000000000,|||,|||,|||,|||,|||,|||,|||,|||,|||,|||
134.122.134.169,134.122.134.169,00000000000000000000000000000000000000000000000000000000000000,|||,|||,|||,|||,|||,|||,|||,|||,|||,|||
134.122.134.146,134.122.134.146,00000000000000000000000000000000000000000000000000000000000000,|||,|||,|||,|||,|||,|||,|||,|||,|||,|||
170.130.187.18,170.130.187.18,00000000000000000000000000000000000000000000000000000000000000,|||,|||,|||,|||,|||,|||,|||,|||,|||,|||
134.122.134.162,134.122.134.162,00000000000000000000000000000000000000000000000000000000000000,|||,|||,|||,|||,|||,|||,|||,|||,|||,|||
170.130.187.26,170.130.187.26,00000000000000000000000000000000000000000000000000000000000000,|||,|||,|||,|||,|||,|||,|||,|||,|||,|||
128.199.45.173,128.199.45.173,00000000000000000000000000000000000000000000000000000000000000,|||,|||,|||,|||,|||,|||,|||,|||,|||,|||
170.130.187.42,170.130.187.42,00000000000000000000000000000000000000000000000000000000000000,|||,|||,|||,|||,|||,|||,|||,|||,|||,|||
170.130.187.54,170.130.187.54,00000000000000000000000000000000000000000000000000000000000000,|||,|||,|||,|||,|||,|||,|||,|||,|||,|||
170.130.187.22,170.130.187.22,00000000000000000000000000000000000000000000000000000000000000,|||,|||,|||,|||,|||,|||,|||,|||,|||,|||
134.122.134.178,134.122.134.178,00000000000000000000000000000000000000000000000000000000000000,|||,|||,|||,|||,|||,|||,|||,|||,|||,|||
170.130.187.30,170.130.187.30,00000000000000000000000000000000000000000000000000000000000000,|||,|||,|||,|||,|||,|||,|||,|||,|||,|||
152.136.136.244,152.136.136.244,29d29d00029d29d22c42d42d000000307ee0eb468e9fdb5cfcd698a80a67ef,c02f|0303|h2|ff01-0000-0001-000b-0023-0010-0017,c02f|0303|h2|ff01-0000-0001-000b-0023-0010-0017,|||,c02f|0303||ff01-0000-0001-000b-0023-0017,c02f|0303||ff01-0000-0001-000b-0023-0017,c014|0302|h2|ff01-0000-0001-000b-0023-0010-0017,1302|0303||002b-0033,1302|0303||002b-0033,|||,|||
172.105.17.66,172.105.17.66,00000000000000000000000000000000000000000000000000000000000000,|||,|||,|||,|||,|||,|||,|||,|||,|||,|||
165.22.223.72,165.22.223.72,3fd3fd15d3fd3fd21c3fd3fd3fd3fdc110bab2c0a19e5d4e587c17ce497b15,cca8|0303|http/1.1|ff01-0001-000b-0023-0010-0017,cca8|0303|http/1.1|ff01-0001-000b-0023-0010-0017,009e|0303|http/1.1|ff01-0001-0023-0010-0017,cca8|0303||ff01-0001-000b-0023-0017,cca8|0303||ff01-0001-000b-0023-0017,c013|0302|http/1.1|ff01-0001-000b-0023-0010-0017,cca8|0303|http/1.1|ff01-0001-000b-0023-0010-0017,cca8|0303|http/1.1|ff01-0001-000b-0023-0010-0017,cca8|0303|http/1.1|ff01-0001-000b-0023-0010-0017,cca8|0303|http/1.1|ff01-0001-000b-0023-0010-0017
172.105.19.86,172.105.19.86,00000000000000000000000000000000000000000000000000000000000000,|||,|||,|||,|||,|||,|||,|||,|||,|||,|||
134.122.134.174,134.122.134.174,00000000000000000000000000000000000000000000000000000000000000,|||,|||,|||,|||,|||,|||,|||,|||,|||,|||
170.130.187.2,170.130.187.2,00000000000000000000000000000000000000000000000000000000000000,|||,|||,|||,|||,|||,|||,|||,|||,|||,|||
172.105.18.219,172.105.18.219,00000000000000000000000000000000000000000000000000000000000000,|||,|||,|||,|||,|||,|||,|||,|||,|||,|||
134.122.33.98,134.122.33.98,00000000000000000000000000000000000000000000000000000000000000,|||,|||,|||,|||,|||,|||,|||,|||,|||,|||
173.249.8.180,173.249.8.180,2ad2ad16d2ad2ad22c2ad2ad2ad2ad1440cf1827095a54ae723a85f89327ea,c030|0303|h2|0000-ff01-000b-0023-0010,c030|0303|h2|0000-ff01-000b-0023-0010,009f|0303|h2|0000-ff01-0023-0010,c030|0303||0000-ff01-000b-0023,c030|0303||0000-ff01-000b-0023,c014|0302|h2|0000-ff01-000b-0023-0010,c030|0303|h2|0000-ff01-000b-0023-0010,c030|0303|h2|0000-ff01-000b-0023-0010,c030|0303|h2|0000-ff01-000b-0023-0010,c030|0303|h2|0000-ff01-000b-0023-0010
172.106.12.198,172.106.12.198,00000000000000000000000000000000000000000000000000000000000000,|||,|||,|||,|||,|||,|||,|||,|||,|||,|||
134.17.89.181,134.17.89.181,00000000000000000000000000000000000000000000000000000000000000,|||,|||,|||,|||,|||,|||,|||,|||,|||,|||
134.122.0.71,134.122.0.71,00000000000000000000000000000000000000000000000000000000000000,|||,|||,|||,|||,|||,|||,|||,|||,|||,|||
170.130.187.46,170.130.187.46,00000000000000000000000000000000000000000000000000000000000000,|||,|||,|||,|||,|||,|||,|||,|||,|||,|||
168.90.19.40,168.90.19.40,00000000000000000000000000000000000000000000000000000000000000,|||,|||,|||,|||,|||,|||,|||,|||,|||,|||
134.122.68.221,134.122.68.221,00000000000000000000000000000000000000000000000000000000000000,|||,|||,|||,|||,|||,|||,|||,|||,|||,|||
173.212.240.103,173.212.240.103,29d29d20d29d29d21c29d29d29d29db71efa0898450821c510a9dcb894a4ce,c02f|0303|h2|0023-ff01-0010,c02f|0303|h2|0023-ff01-0010,c012|0303|h2|0023-ff01-0010,c02f|0303||0023-ff01,c02f|0303||0023-ff01,c013|0302|h2|0023-ff01-0010,c02f|0303|h2|0023-ff01-0010,c02f|0303|h2|0023-ff01-0010,c02f|0303|h2|0023-ff01-0010,c02f|0303|h2|0023-ff01-0010
170.130.187.58,170.130.187.58,00000000000000000000000000000000000000000000000000000000000000,|||,|||,|||,|||,|||,|||,|||,|||,|||,|||
170.130.187.6,170.130.187.6,00000000000000000000000000000000000000000000000000000000000000,|||,|||,|||,|||,|||,|||,|||,|||,|||,|||
167.99.71.128,167.99.71.128,00000000000000000000000000000000000000000000000000000000000000,|||,|||,|||,|||,|||,|||,|||,|||,|||,|||
168.232.122.130,168.232.122.130,00000000000000000000000000000000000000000000000000000000000000,|||,|||,|||,|||,|||,|||,|||,|||,|||,|||
134.122.2.207,134.122.2.207,00000000000000000000000000000000000000000000000000000000000000,|||,|||,|||,|||,|||,|||,|||,|||,|||,|||
134.17.94.100,134.17.94.100,00000000000000000000000000000000000000000000000000000000000000,|||,|||,|||,|||,|||,|||,|||,|||,|||,|||
173.214.169.252,173.214.169.252,00000000000000000000000000000000000000000000000000000000000000,|||,|||,|||,|||,|||,|||,|||,|||,|||,|||
170.130.187.38,170.130.187.38,00000000000000000000000000000000000000000000000000000000000000,|||,|||,|||,|||,|||,|||,|||,|||,|||,|||
134.122.31.121,134.122.31.121,00000000000000000000000000000000000000000000000000000000000000,|||,|||,|||,|||,|||,|||,|||,|||,|||,|||
134.122.134.164,134.122.134.164,00000000000000000000000000000000000000000000000000000000000000,|||,|||,|||,|||,|||,|||,|||,|||,|||,|||
167.99.65.33,167.99.65.33,00000000000000000000000000000000000000000000000000000000000000,|||,|||,|||,|||,|||,|||,|||,|||,|||,|||
168.195.81.3,168.195.81.3,00000000000000000000000000000000000000000000000000000000000000,|||,|||,|||,|||,|||,|||,|||,|||,|||,|||
173.255.231.206,173.255.231.206,00000000000000000000000000000000000000000000000000000000000000,|||,|||,|||,|||,|||,|||,|||,|||,|||,|||
173.255.225.158,173.255.225.158,00000000000000000000000000000000000000000000000000000000000000,|||,|||,|||,|||,|||,|||,|||,|||,|||,|||
172.245.27.84,172.245.27.84,00000000000000000000000000000000000000000000000000000000000000,|||,|||,|||,|||,|||,|||,|||,|||,|||,|||
129.211.18.42,129.211.18.42,00000000000000000000000000000000000000000000000000000000000000,|||,|||,|||,|||,|||,|||,|||,|||,|||,|||
170.130.187.10,170.130.187.10,00000000000000000000000000000000000000000000000000000000000000,|||,|||,|||,|||,|||,|||,|||,|||,|||,|||
173.255.231.208,173.255.231.208,00000000000000000000000000000000000000000000000000000000000000,|||,|||,|||,|||,|||,|||,|||,|||,|||,|||
172.104.57.71,172.104.57.71,00000000000000000000000000000000000000000000000000000000000000,|||,|||,|||,|||,|||,|||,|||,|||,|||,|||
173.249.0.60,173.249.0.60,3fd3fd15d3fd3fd21c42d42d0000006f254909a73bf62f6b28507e9fb451b5,cca8|0303|http/1.1|ff01-0001-000b-0023-0010-0017,cca8|0303|http/1.1|ff01-0001-000b-0023-0010-0017,009e|0303|http/1.1|ff01-0001-0023-0010-0017,cca8|0303|http/1.1|ff01-0001-000b-0023-0010-0017,cca8|0303|http/1.1|ff01-0001-000b-0023-0010-0017,c013|0302|http/1.1|ff01-0001-000b-0023-0010-0017,1302|0303||002b-0033,1302|0303||002b-0033,|||,|||
167.99.186.138,167.99.186.138,16d16d16d2ad16d00016d16d16d16dcbfa3dc4cbab0b48c0129972c7b68de4,009f|0303|h2|ff01-0001-0023-0010-0017,009f|0303|h2|ff01-0001-0023-0010-0017,009f|0303|h2|ff01-0001-0023-0010-0017,c030|0303||ff01-0001-000b-0023-0017,009f|0303||ff01-0001-0023-0017,|||,009f|0303|h2|ff01-0001-0023-0010-0017,009f|0303|h2|ff01-0001-0023-0010-0017,009f|0303|h2|ff01-0001-0023-0010-0017,009f|0303|h2|ff01-0001-0023-0010-0017
167.71.242.60,167.71.242.60,2ad2ad16d2ad2ad00042d42d000000038eaaf490bec8dc33757f165ce01762,c030|0303|h2|ff01-0000-0001-000b-0010-0017,c030|0303|h2|ff01-0000-0001-000b-0010-0017,009f|0303|h2|ff01-0000-0001-0010-0017,c030|0303||ff01-0000-0001-000b-0017,c030|0303||ff01-0000-0001-000b-0017,|||,1302|0303||002b-0033,1302|0303||002b-0033,|||,|||
159.65.252.1,159.65.252.1,27d3fd40d29d29d00042d43d0000000be49cc25222308abd09720df24eb301,c02b|0303|h2|ff01-0000-0001-000b-0010-0017,cca8|0303|h2|ff01-0000-0001-000b-0010-0017,cca9|0303|h2|ff01-0000-0001-000b-0010-0017,c02f|0303||ff01-0000-0001-000b-0017,c02f|0303||ff01-0000-0001-000b-0017,|||,1302|0303||002b-0033,1303|0303||002b-0033,|||,|||
168.205.126.69,168.205.126.69,00000000000000000000000000000000000000000000000000000000000000,|||,|||,|||,|||,|||,|||,|||,|||,|||,|||
172.106.0.90,172.106.0.90,00000000000000000000000000000000000000000000000000000000000000,|||,|||,|||,|||,|||,|||,|||,|||,|||,|||
124.222.58.195,124.222.58.195,00000000000000000000000000000000000000000000000000000000000000,|||,|||,|||,|||,|||,|||,|||,|||,|||,|||
134.209.25.232,134.209.25.232,00000000000000000000000000000000000000000000000000000000000000,|||,|||,|||,|||,|||,|||,|||,|||,|||,|||
134.209.36.230,134.209.36.230,00000000000000000000000000000000000000000000000000000000000000,|||,|||,|||,|||,|||,|||,|||,|||,|||,|||
172.104.185.205,172.104.185.205,00000000000000000000000000000000000000000000000000000000000000,|||,|||,|||,|||,|||,|||,|||,|||,|||,|||
165.232.187.53,165.232.187.53,00000000000000000000000000000000000000000000000000000000000000,|||,|||,|||,|||,|||,|||,|||,|||,|||,|||
165.232.179.212,165.232.179.212,15d3fd16d29d29d00042d43d0000009e5d3a316e7cccd6bbfaf756c222effa,009e|0303|h2|ff01-0000-0001-0023-0010-0017,cca8|0303|h2|ff01-0000-0001-000b-0023-0010-0017,009f|0303|h2|ff01-0000-0001-0023-0010-0017,c02f|0303||ff01-0000-0001-000b-0023-0017,c02f|0303||ff01-0000-0001-000b-0023-0017,|||,1302|0303||002b-0033,1303|0303||002b-0033,|||,|||
173.68.152.142,173.68.152.142,00000000000000000000000000000000000000000000000000000000000000,|||,|||,|||,|||,|||,|||,|||,|||,|||,|||
134.35.130.41,134.35.130.41,00000000000000000000000000000000000000000000000000000000000000,|||,|||,|||,|||,|||,|||,|||,|||,|||,|||
170.239.110.92,170.239.110.92,00000000000000000000000000000000000000000000000000000000000000,|||,|||,|||,|||,|||,|||,|||,|||,|||,|||
92.119.177.22,92.119.177.22,21d14d00021d21d21c21d14d21d21dcade67768786e23ca695466fb7f94658,c013|0303||ff01-000b-0023-0017,009d|0303||ff01-0023-0017,|||,c013|0303||ff01-000b-0023-0017,c013|0303||ff01-000b-0023-0017,c013|0302||ff01-000b-0023-0017,c013|0303||ff01-000b-0023-0017,009d|0303||ff01-0023-0017,c013|0303||ff01-000b-0023-0017,c013|0303||ff01-000b-0023-0017
134.209.64.67,134.209.64.67,00000000000000000000000000000000000000000000000000000000000000,|||,|||,|||,|||,|||,|||,|||,|||,|||,|||
134.249.144.168,134.249.144.168,00000000000000000000000000000000000000000000000000000000000000,|||,|||,|||,|||,|||,|||,|||,|||,|||,|||
135.0.154.226,135.0.154.226,00000000000000000000000000000000000000000000000000000000000000,|||,|||,|||,|||,|||,|||,|||,|||,|||,|||
134.122.134.156,134.122.134.156,00000000000000000000000000000000000000000000000000000000000000,|||,|||,|||,|||,|||,|||,|||,|||,|||,|||
135.148.153.108,135.148.153.108,00000000000000000000000000000000000000000000000000000000000000,|||,|||,|||,|||,|||,|||,|||,|||,|||,|||
167.99.180.168,167.99.180.168,27d3ed3ed29d3ed1dc27d3ed27d3edf2873da73201e55849c575b77c7df30a,c02b|0303|h2|0000-0017-ff01-000b-0023-0010,cc14|0303|h2|0000-0017-ff01-000b-0023-0010,cc14|0303|h2|0000-0017-ff01-000b-0023-0010,c02f|0303||0000-0017-ff01-000b-0023,cc14|0303||0000-0017-ff01-000b-0023,c009|0302|h2|0000-0017-ff01-000b-0023-0010,c02b|0303|h2|0000-0017-ff01-000b-0023-0010,cc14|0303|h2|0000-0017-ff01-000b-0023-0010,c02b|0303|h2|0000-0017-ff01-000b-0023-0010,cc14|0303|h2|0000-0017-ff01-000b-0023-0010
135.23.245.120,135.23.245.120,00000000000000000000000000000000000000000000000000000000000000,|||,|||,|||,|||,|||,|||,|||,|||,|||,|||
136.0.17.202,136.0.17.202,00000000000000000000000000000000000000000000000000000000000000,|||,|||,|||,|||,|||,|||,|||,|||,|||,|||
172.245.131.103,172.245.131.103,00000000000000000000000000000000000000000000000000000000000000,|||,|||,|||,|||,|||,|||,|||,|||,|||,|||
133.226.4.149,133.226.4.149,00000000000000000000000000000000000000000000000000000000000000,|||,|||,|||,|||,|||,|||,|||,|||,|||,|||
174.138.38.85,174.138.38.85,00000000000000000000000000000000000000000000000000000000000000,|||,|||,|||,|||,|||,|||,|||,|||,|||,|||
174.138.45.163,174.138.45.163,00000000000000000000000000000000000000000000000000000000000000,|||,|||,|||,|||,|||,|||,|||,|||,|||,|||
176.104.174.62,176.104.174.62,00000000000000000000000000000000000000000000000000000000000000,|||,|||,|||,|||,|||,|||,|||,|||,|||,|||
176.37.111.170,176.37.111.170,00000000000000000000000000000000000000000000000000000000000000,|||,|||,|||,|||,|||,|||,|||,|||,|||,|||
176.10.147.217,176.10.147.217,00000000000000000000000000000000000000000000000000000000000000,|||,|||,|||,|||,|||,|||,|||,|||,|||,|||
136.158.3.64,136.158.3.64,00000000000000000000000000000000000000000000000000000000000000,|||,|||,|||,|||,|||,|||,|||,|||,|||,|||
136.144.41.114,136.144.41.114,00000000000000000000000000000000000000000000000000000000000000,|||,|||,|||,|||,|||,|||,|||,|||,|||,|||
176.123.5.24,176.123.5.24,00000000000000000000000000000000000000000000000000000000000000,|||,|||,|||,|||,|||,|||,|||,|||,|||,|||
174.138.8.36,174.138.8.36,3fd21b20d3fd3fd21c3fd21b21b3fd09a00b24483586e69e1b2e49cc2ece92,cca8|0303||0023-ff01-000b,c013|0301||0023-ff01-000b,c012|0303||0023-ff01-000b,cca8|0303||0023-ff01-000b,cca8|0303||0023-ff01-000b,c013|0302||0023-ff01-000b,cca8|0303||0023-ff01-000b,c013|0301||0023-ff01-000b,c013|0301||0023-ff01-000b,cca8|0303||0023-ff01-000b
176.104.9.222,176.104.9.222,00000000000000000000000000000000000000000000000000000000000000,|||,|||,|||,|||,|||,|||,|||,|||,|||,|||
171.103.125.46,171.103.125.46,00000000000000000000000000000000000000000000000000000000000000,|||,|||,|||,|||,|||,|||,|||,|||,|||,|||
176.58.111.146,176.58.111.146,00000000000000000000000000000000000000000000000000000000000000,|||,|||,|||,|||,|||,|||,|||,|||,|||,|||
176.111.189.229,176.111.189.229,00000000000000000000000000000000000000000000000000000000000000,|||,|||,|||,|||,|||,|||,|||,|||,|||,|||
136.32.123.200,136.32.123.200,00000000000000000000000000000000000000000000000000000000000000,|||,|||,|||,|||,|||,|||,|||,|||,|||,|||
134.122.110.131,134.122.110.131,00000000000000000000000000000000000000000000000000000000000000,|||,|||,|||,|||,|||,|||,|||,|||,|||,|||
136.243.107.50,136.243.107.50,00000000000000000000000000000000000000000000000000000000000000,|||,|||,|||,|||,|||,|||,|||,|||,|||,|||
176.58.108.89,176.58.108.89,00000000000000000000000000000000000000000000000000000000000000,|||,|||,|||,|||,|||,|||,|||,|||,|||,|||
176.118.164.227,176.118.164.227,00000000000000000000000000000000000000000000000000000000000000,|||,|||,|||,|||,|||,|||,|||,|||,|||,|||
170.239.128.1,170.239.128.1,00000000000000000000000000000000000000000000000000000000000000,|||,|||,|||,|||,|||,|||,|||,|||,|||,|||
137.184.113.10,137.184.113.10,00000000000000000000000000000000000000000000000000000000000000,|||,|||,|||,|||,|||,|||,|||,|||,|||,|||
137.184.1.164,137.184.1.164,00000000000000000000000000000000000000000000000000000000000000,|||,|||,|||,|||,|||,|||,|||,|||,|||,|||
167.99.121.164,167.99.121.164,29d29d15d29d29d00042d42d0000009435214b849738c4ebab4534b5d158dd,c02f|0303|h2|ff01-0001-000b-0023-0010-0017,c02f|0303|h2|ff01-0001-000b-0023-0010-0017,009e|0303|h2|ff01-0001-0023-0010-0017,c02f|0303|http/1.1|ff01-0001-000b-0023-0010-0017,c02f|0303|http/1.1|ff01-0001-000b-0023-0010-0017,|||,1302|0303||002b-0033,1302|0303||002b-0033,|||,|||
176.165.235.236,176.165.235.236,00000000000000000000000000000000000000000000000000000000000000,|||,|||,|||,|||,|||,|||,|||,|||,|||,|||
174.138.59.1,174.138.59.1,00000000000000000000000000000000000000000000000000000000000000,|||,|||,|||,|||,|||,|||,|||,|||,|||,|||
137.184.133.98,137.184.133.98,00000000000000000000000000000000000000000000000000000000000000,|||,|||,|||,|||,|||,|||,|||,|||,|||,|||
173.8.46.73,173.8.46.73,00000000000000000000000000000000000000000000000000000000000000,|||,|||,|||,|||,|||,|||,|||,|||,|||,|||
137.184.143.191,137.184.143.191,00000000000000000000000000000000000000000000000000000000000000,|||,|||,|||,|||,|||,|||,|||,|||,|||,|||
176.58.124.186,176.58.124.186,00000000000000000000000000000000000000000000000000000000000000,|||,|||,|||,|||,|||,|||,|||,|||,|||,|||
176.58.124.185,176.58.124.185,00000000000000000000000000000000000000000000000000000000000000,|||,|||,|||,|||,|||,|||,|||,|||,|||,|||
134.209.198.135,134.209.198.135,00000000000000000000000000000000000000000000000000000000000000,|||,|||,|||,|||,|||,|||,|||,|||,|||,|||
137.184.157.41,137.184.157.41,00000000000000000000000000000000000000000000000000000000000000,|||,|||,|||,|||,|||,|||,|||,|||,|||,|||
137.184.13.67,137.184.13.67,00000000000000000000000000000000000000000000000000000000000000,|||,|||,|||,|||,|||,|||,|||,|||,|||,|||
137.184.149.177,137.184.149.177,00000000000000000000000000000000000000000000000000000000000000,|||,|||,|||,|||,|||,|||,|||,|||,|||,|||
136.243.159.115,136.243.159.115,00000000000000000000000000000000000000000000000000000000000000,|||,|||,|||,|||,|||,|||,|||,|||,|||,|||
176.193.123.84,176.193.123.84,00000000000000000000000000000000000000000000000000000000000000,|||,|||,|||,|||,|||,|||,|||,|||,|||,|||
136.232.217.102,136.232.217.102,00000000000000000000000000000000000000000000000000000000000000,|||,|||,|||,|||,|||,|||,|||,|||,|||,|||
171.224.167.208,171.224.167.208,00000000000000000000000000000000000000000000000000000000000000,|||,|||,|||,|||,|||,|||,|||,|||,|||,|||
173.255.215.186,173.255.215.186,00000000000000000000000000000000000000000000000000000000000000,|||,|||,|||,|||,|||,|||,|||,|||,|||,|||
173.255.215.150,173.255.215.150,00000000000000000000000000000000000000000000000000000000000000,|||,|||,|||,|||,|||,|||,|||,|||,|||,|||
170.246.199.70,170.246.199.70,00000000000000000000000000000000000000000000000000000000000000,|||,|||,|||,|||,|||,|||,|||,|||,|||,|||
176.193.71.50,176.193.71.50,00000000000000000000000000000000000000000000000000000000000000,|||,|||,|||,|||,|||,|||,|||,|||,|||,|||
137.184.61.102,137.184.61.102,00000000000000000000000000000000000000000000000000000000000000,|||,|||,|||,|||,|||,|||,|||,|||,|||,|||
175.141.239.63,175.141.239.63,00000000000000000000000000000000000000000000000000000000000000,|||,|||,|||,|||,|||,|||,|||,|||,|||,|||
172.104.116.36,172.104.116.36,00000000000000000000000000000000000000000000000000000000000000,|||,|||,|||,|||,|||,|||,|||,|||,|||,|||
137.184.159.195,137.184.159.195,00000000000000000000000000000000000000000000000000000000000000,|||,|||,|||,|||,|||,|||,|||,|||,|||,|||
137.184.58.228,137.184.58.228,00000000000000000000000000000000000000000000000000000000000000,|||,|||,|||,|||,|||,|||,|||,|||,|||,|||
132.232.10.55,132.232.10.55,00000000000000000000000000000000000000000000000000000000000000,|||,|||,|||,|||,|||,|||,|||,|||,|||,|||
136.232.210.134,136.232.210.134,00000000000000000000000000000000000000000000000000000000000000,|||,|||,|||,|||,|||,|||,|||,|||,|||,|||
137.135.106.9,137.135.106.9,00000000000000000000000000000000000000000000000000000000000000,|||,|||,|||,|||,|||,|||,|||,|||,|||,|||
176.29.123.151,176.29.123.151,00000000000000000000000000000000000000000000000000000000000000,|||,|||,|||,|||,|||,|||,|||,|||,|||,|||
137.184.23.29,137.184.23.29,00000000000000000000000000000000000000000000000000000000000000,|||,|||,|||,|||,|||,|||,|||,|||,|||,|||
137.184.28.175,137.184.28.175,00000000000000000000000000000000000000000000000000000000000000,|||,|||,|||,|||,|||,|||,|||,|||,|||,|||
176.41.5.137,176.41.5.137,00000000000000000000000000000000000000000000000000000000000000,|||,|||,|||,|||,|||,|||,|||,|||,|||,|||
152.136.176.88,152.136.176.88,3fd3fd0003fd3fd21c42d42d000000307ee0eb468e9fdb5cfcd698a80a67ef,cca8|0303|h2|ff01-0000-0001-000b-0023-0010-0017,cca8|0303|h2|ff01-0000-0001-000b-0023-0010-0017,|||,cca8|0303||ff01-0000-0001-000b-0023-0017,cca8|0303||ff01-0000-0001-000b-0023-0017,c013|0302|h2|ff01-0000-0001-000b-0023-0010-0017,1302|0303||002b-0033,1302|0303||002b-0033,|||,|||
138.118.235.192,138.118.235.192,00000000000000000000000000000000000000000000000000000000000000,|||,|||,|||,|||,|||,|||,|||,|||,|||,|||
137.184.3.152,137.184.3.152,00000000000000000000000000000000000000000000000000000000000000,|||,|||,|||,|||,|||,|||,|||,|||,|||,|||
137.184.180.34,137.184.180.34,00000000000000000000000000000000000000000000000000000000000000,|||,|||,|||,|||,|||,|||,|||,|||,|||,|||
137.184.61.30,137.184.61.30,00000000000000000000000000000000000000000000000000000000000000,|||,|||,|||,|||,|||,|||,|||,|||,|||,|||
172.104.65.226,172.104.65.226,00000000000000000000000000000000000000000000000000000000000000,|||,|||,|||,|||,|||,|||,|||,|||,|||,|||
172.104.112.244,172.104.112.244,00000000000000000000000000000000000000000000000000000000000000,|||,|||,|||,|||,|||,|||,|||,|||,|||,|||
136.144.41.228,136.144.41.228,00000000000000000000000000000000000000000000000000000000000000,|||,|||,|||,|||,|||,|||,|||,|||,|||,|||
103.36.132.70,103.36.132.70,2ad2ad0002ad2ad0002ad2ad2ad2ad755a2cec4b52fb1bce1ac7f1e48c8a7d,c030|0303||ff01-000b,c030|0303||ff01-000b,|||,c030|0303||ff01-000b,c030|0303||ff01-000b,|||,c030|0303||ff01-000b,c030|0303||ff01-000b,c030|0303||ff01-000b,c030|0303||ff01-000b
173.237.207.24,173.237.207.24,21d14d00021d21d21c21d14d21d21dcade67768786e23ca695466fb7f94658,c013|0303||ff01-000b-0023-0017,009d|0303||ff01-0023-0017,|||,c013|0303||ff01-000b-0023-0017,c013|0303||ff01-000b-0023-0017,c013|0302||ff01-000b-0023-0017,c013|0303||ff01-000b-0023-0017,009d|0303||ff01-0023-0017,c013|0303||ff01-000b-0023-0017,c013|0303||ff01-000b-0023-0017
159.65.142.192,159.65.142.192,20d14d20d21d20d20c20d14d20d20daddf8a68a1444c74b6dbe09910a511e6,c012|0303||0023-ff01,009d|0303||0023-ff01,c012|0303||0023-ff01,c013|0303||0023-ff01,c012|0303||0023-ff01,c012|0302||0023-ff01,c012|0303||0023-ff01,009d|0303||0023-ff01,c012|0303||0023-ff01,c012|0303||0023-ff01
170.83.241.2,170.83.241.2,00000000000000000000000000000000000000000000000000000000000000,|||,|||,|||,|||,|||,|||,|||,|||,|||,|||
172.104.76.217,172.104.76.217,00000000000000000000000000000000000000000000000000000000000000,|||,|||,|||,|||,|||,|||,|||,|||,|||,|||
167.71.228.234,167.71.228.234,3fd3fd15d3fd3fd21c3fd3fd3fd3fdc110bab2c0a19e5d4e587c17ce497b15,cca8|0303|http/1.1|ff01-0001-000b-0023-0010-0017,cca8|0303|http/1.1|ff01-0001-000b-0023-0010-0017,009e|0303|http/1.1|ff01-0001-0023-0010-0017,cca8|0303||ff01-0001-000b-0023-0017,cca8|0303||ff01-0001-000b-0023-0017,c013|0302|http/1.1|ff01-0001-000b-0023-0010-0017,cca8|0303|http/1.1|ff01-0001-000b-0023-0010-0017,cca8|0303|http/1.1|ff01-0001-000b-0023-0010-0017,cca8|0303|http/1.1|ff01-0001-000b-0023-0010-0017,cca8|0303|http/1.1|ff01-0001-000b-0023-0010-0017
167.71.239.235,167.71.239.235,2ad2ad0002ad2ad00042d42d000000301510f56407964db9434a9bb0d4ee4a,c030|0303|http/1.1|ff01-0000-0001-000b-0023-0010-0017,c030|0303|http/1.1|ff01-0000-0001-000b-0023-0010-0017,|||,c030|0303||ff01-0000-0001-000b-0023-0017,c030|0303||ff01-0000-0001-000b-0023-0017,|||,1302|0303||002b-0033,1302|0303||002b-0033,|||,|||
176.40.49.184,176.40.49.184,00000000000000000000000000000000000000000000000000000000000000,|||,|||,|||,|||,|||,|||,|||,|||,|||,|||
159.223.93.16,159.223.93.16,2ad2ad0002ad2ad22c2ad2ad2ad2ad881e59db99b9f67f908be168829ecef9,c030|0303|http/1.1|ff01-000b-0023-0010,c030|0303|http/1.1|ff01-000b-0023-0010,|||,c030|0303||ff01-000b-0023,c030|0303||ff01-000b-0023,c014|0302|http/1.1|ff01-000b-0023-0010,c030|0303|http/1.1|ff01-000b-0023-0010,c030|0303|http/1.1|ff01-000b-0023-0010,c030|0303|http/1.1|ff01-000b-0023-0010,c030|0303|http/1.1|ff01-000b-0023-0010
176.110.124.44,176.110.124.44,00000000000000000000000000000000000000000000000000000000000000,|||,|||,|||,|||,|||,|||,|||,|||,|||,|||
138.118.235.144,138.118.235.144,00000000000000000000000000000000000000000000000000000000000000,|||,|||,|||,|||,|||,|||,|||,|||,|||,|||
172.105.192.195,172.105.192.195,00000000000000000000000000000000000000000000000000000000000000,|||,|||,|||,|||,|||,|||,|||,|||,|||,|||
138.118.235.136,138.118.235.136,00000000000000000000000000000000000000000000000000000000000000,|||,|||,|||,|||,|||,|||,|||,|||,|||,|||
178.124.159.45,178.124.159.45,00000000000000000000000000000000000000000000000000000000000000,|||,|||,|||,|||,|||,|||,|||,|||,|||,|||
167.71.232.141,167.71.232.141,2ad2ad0002ad2ad0002ad2ad2ad2ade1a3c0d7ca6ad8388057924be83dfc6a,c030|0303|http/1.1|ff01-0000-0001-000b-0023-0010-0017,c030|0303|http/1.1|ff01-0000-0001-000b-0023-0010-0017,|||,c030|0303||ff01-0000-0001-000b-0023-0017,c030|0303||ff01-0000-0001-000b-0023-0017,|||,c030|0303|http/1.1|ff01-0000-0001-000b-0023-0010-0017,c030|0303|http/1.1|ff01-0000-0001-000b-0023-0010-0017,c030|0303|http/1.1|ff01-0000-0001-000b-0023-0010-0017,c030|0303|http/1.1|ff01-0000-0001-000b-0023-0010-0017
138.118.235.135,138.118.235.135,00000000000000000000000000000000000000000000000000000000000000,|||,|||,|||,|||,|||,|||,|||,|||,|||,|||
138.118.235.134,138.118.235.134,00000000000000000000000000000000000000000000000000000000000000,|||,|||,|||,|||,|||,|||,|||,|||,|||,|||
167.99.164.153,167.99.164.153,3fd3fd15d3fd3fd21c42d42d0000006f254909a73bf62f6b28507e9fb451b5,cca8|0303|http/1.1|ff01-0001-000b-0023-0010-0017,cca8|0303|http/1.1|ff01-0001-000b-0023-0010-0017,009e|0303|http/1.1|ff01-0001-0023-0010-0017,cca8|0303|http/1.1|ff01-0001-000b-0023-0010-0017,cca8|0303|http/1.1|ff01-0001-000b-0023-0010-0017,c013|0302|http/1.1|ff01-0001-000b-0023-0010-0017,1302|0303||002b-0033,1302|0303||002b-0033,|||,|||
138.118.235.175,138.118.235.175,00000000000000000000000000000000000000000000000000000000000000,|||,|||,|||,|||,|||,|||,|||,|||,|||,|||
138.118.235.173,138.118.235.173,00000000000000000000000000000000000000000000000000000000000000,|||,|||,|||,|||,|||,|||,|||,|||,|||,|||
138.118.235.162,138.118.235.162,00000000000000000000000000000000000000000000000000000000000000,|||,|||,|||,|||,|||,|||,|||,|||,|||,|||
171.101.229.53,171.101.229.53,00000000000000000000000000000000000000000000000000000000000000,|||,|||,|||,|||,|||,|||,|||,|||,|||,|||
138.118.235.128,138.118.235.128,00000000000000000000000000000000000000000000000000000000000000,|||,|||,|||,|||,|||,|||,|||,|||,|||,|||
138.118.235.146,138.118.235.146,00000000000000000000000000000000000000000000000000000000000000,|||,|||,|||,|||,|||,|||,|||,|||,|||,|||
178.151.9.208,178.151.9.208,00000000000000000000000000000000000000000000000000000000000000,|||,|||,|||,|||,|||,|||,|||,|||,|||,|||
138.118.235.152,138.118.235.152,00000000000000000000000000000000000000000000000000000000000000,|||,|||,|||,|||,|||,|||,|||,|||,|||,|||
172.105.189.111,172.105.189.111,00000000000000000000000000000000000000000000000000000000000000,|||,|||,|||,|||,|||,|||,|||,|||,|||,|||
138.118.235.187,138.118.235.187,00000000000000000000000000000000000000000000000000000000000000,|||,|||,|||,|||,|||,|||,|||,|||,|||,|||
138.118.235.137,138.118.235.137,00000000000000000000000000000000000000000000000000000000000000,|||,|||,|||,|||,|||,|||,|||,|||,|||,|||
167.71.235.18,167.71.235.18,2ad2ad0002ad2ad00042d42d0000000464fb8c6842ac133bede81390a48134,c030|0303|h2|ff01-0000-0001-000b-0010-0017,c030|0303|h2|ff01-0000-0001-000b-0010-0017,|||,c030|0303||ff01-0000-0001-000b-0017,c030|0303||ff01-0000-0001-000b-0017,|||,1302|0303||002b-0033,1302|0303||002b-0033,|||,|||
138.118.235.132,138.118.235.132,00000000000000000000000000000000000000000000000000000000000000,|||,|||,|||,|||,|||,|||,|||,|||,|||,|||
172.245.104.116,172.245.104.116,00000000000000000000000000000000000000000000000000000000000000,|||,|||,|||,|||,|||,|||,|||,|||,|||,|||
172.105.161.246,172.105.161.246,00000000000000000000000000000000000000000000000000000000000000,|||,|||,|||,|||,|||,|||,|||,|||,|||,|||
138.118.235.202,138.118.235.202,00000000000000000000000000000000000000000000000000000000000000,|||,|||,|||,|||,|||,|||,|||,|||,|||,|||
138.118.235.199,138.118.235.199,00000000000000000000000000000000000000000000000000000000000000,|||,|||,|||,|||,|||,|||,|||,|||,|||,|||
138.118.235.149,138.118.235.149,00000000000000000000000000000000000000000000000000000000000000,|||,|||,|||,|||,|||,|||,|||,|||,|||,|||
138.19.96.95,138.19.96.95,00000000000000000000000000000000000000000000000000000000000000,|||,|||,|||,|||,|||,|||,|||,|||,|||,|||
138.186.174.153,138.186.174.153,00000000000000000000000000000000000000000000000000000000000000,|||,|||,|||,|||,|||,|||,|||,|||,|||,|||
137.27.231.106,137.27.231.106,00000000000000000000000000000000000000000000000000000000000000,|||,|||,|||,|||,|||,|||,|||,|||,|||,|||
138.19.192.155,138.19.192.155,00000000000000000000000000000000000000000000000000000000000000,|||,|||,|||,|||,|||,|||,|||,|||,|||,|||
138.122.6.70,138.122.6.70,00000000000000000000000000000000000000000000000000000000000000,|||,|||,|||,|||,|||,|||,|||,|||,|||,|||
178.160.62.193,178.160.62.193,00000000000000000000000000000000000000000000000000000000000000,|||,|||,|||,|||,|||,|||,|||,|||,|||,|||
178.18.47.71,178.18.47.71,00000000000000000000000000000000000000000000000000000000000000,|||,|||,|||,|||,|||,|||,|||,|||,|||,|||
138.118.235.193,138.118.235.193,00000000000000000000000000000000000000000000000000000000000000,|||,|||,|||,|||,|||,|||,|||,|||,|||,|||
172.105.171.67,172.105.171.67,00000000000000000000000000000000000000000000000000000000000000,|||,|||,|||,|||,|||,|||,|||,|||,|||,|||
137.186.35.3,137.186.35.3,00000000000000000000000000000000000000000000000000000000000000,|||,|||,|||,|||,|||,|||,|||,|||,|||,|||
178.62.109.106,178.62.109.106,00000000000000000000000000000000000000000000000000000000000000,|||,|||,|||,|||,|||,|||,|||,|||,|||,|||
175.178.19.193,175.178.19.193,00000000000000000000000000000000000000000000000000000000000000,|||,|||,|||,|||,|||,|||,|||,|||,|||,|||
138.118.235.206,138.118.235.206,00000000000000000000000000000000000000000000000000000000000000,|||,|||,|||,|||,|||,|||,|||,|||,|||,|||
175.178.113.45,175.178.113.45,00000000000000000000000000000000000000000000000000000000000000,|||,|||,|||,|||,|||,|||,|||,|||,|||,|||
175.178.103.84,175.178.103.84,00000000000000000000000000000000000000000000000000000000000000,|||,|||,|||,|||,|||,|||,|||,|||,|||,|||
178.32.233.9,178.32.233.9,00000000000000000000000000000000000000000000000000000000000000,|||,|||,|||,|||,|||,|||,|||,|||,|||,|||
138.118.235.164,138.118.235.164,00000000000000000000000000000000000000000000000000000000000000,|||,|||,|||,|||,|||,|||,|||,|||,|||,|||
175.178.70.122,175.178.70.122,00000000000000000000000000000000000000000000000000000000000000,|||,|||,|||,|||,|||,|||,|||,|||,|||,|||
178.236.86.207,178.236.86.207,00000000000000000000000000000000000000000000000000000000000000,|||,|||,|||,|||,|||,|||,|||,|||,|||,|||
175.178.56.166,175.178.56.166,00000000000000000000000000000000000000000000000000000000000000,|||,|||,|||,|||,|||,|||,|||,|||,|||,|||
175.178.108.40,175.178.108.40,00000000000000000000000000000000000000000000000000000000000000,|||,|||,|||,|||,|||,|||,|||,|||,|||,|||
178.62.119.65,178.62.119.65,00000000000000000000000000000000000000000000000000000000000000,|||,|||,|||,|||,|||,|||,|||,|||,|||,|||
159.223.52.134,159.223.52.134,2ad2ad0002ad2ad22c42d42d0000008b31b28d647bdcf51c1e909276f89448,c030|0303|h2|ff01-0001-000b-0023-0010-0017,c030|0303|h2|ff01-0001-000b-0023-0010-0017,|||,c030|0303||ff01-0001-000b-0023-0017,c030|0303||ff01-0001-000b-0023-0017,c014|0302|h2|ff01-0001-000b-0023-0010-0017,1302|0303||002b-0033,1302|0303||002b-0033,|||,|||
175.178.35.208,175.178.35.208,00000000000000000000000000000000000000000000000000000000000000,|||,|||,|||,|||,|||,|||,|||,|||,|||,|||
178.62.196.219,178.62.196.219,00000000000000000000000000000000000000000000000000000000000000,|||,|||,|||,|||,|||,|||,|||,|||,|||,|||
175.178.33.104,175.178.33.104,00000000000000000000000000000000000000000000000000000000000000,|||,|||,|||,|||,|||,|||,|||,|||,|||,|||
175.178.6.172,175.178.6.172,00000000000000000000000000000000000000000000000000000000000000,|||,|||,|||,|||,|||,|||,|||,|||,|||,|||
138.197.68.56,138.197.68.56,00000000000000000000000000000000000000000000000000000000000000,|||,|||,|||,|||,|||,|||,|||,|||,|||,|||
175.178.49.113,175.178.49.113,00000000000000000000000000000000000000000000000000000000000000,|||,|||,|||,|||,|||,|||,|||,|||,|||,|||
178.251.130.138,178.251.130.138,00000000000000000000000000000000000000000000000000000000000000,|||,|||,|||,|||,|||,|||,|||,|||,|||,|||
138.118.235.160,138.118.235.160,00000000000000000000000000000000000000000000000000000000000000,|||,|||,|||,|||,|||,|||,|||,|||,|||,|||
138.118.235.172,138.118.235.172,00000000000000000000000000000000000000000000000000000000000000,|||,|||,|||,|||,|||,|||,|||,|||,|||,|||
175.178.13.61,175.178.13.61,00000000000000000000000000000000000000000000000000000000000000,|||,|||,|||,|||,|||,|||,|||,|||,|||,|||
138.0.99.20,138.0.99.20,00000000000000000000000000000000000000000000000000000000000000,|||,|||,|||,|||,|||,|||,|||,|||,|||,|||
138.197.129.58,138.197.129.58,00000000000000000000000000000000000000000000000000000000000000,|||,|||,|||,|||,|||,|||,|||,|||,|||,|||
138.201.62.194,138.201.62.194,00000000000000000000000000000000000000000000000000000000000000,|||,|||,|||,|||,|||,|||,|||,|||,|||,|||
178.128.170.255,178.128.170.255,20d14d20d21d20d00042d14d20d41ddcc832adca9a779dc66965afdb62ec7a,c012|0303|h2|0023-ff01-0010-000b,009d|0303|h2|0023-ff01-0010-000b,c012|0303|h2|0023-ff01-0010-000b,c013|0303||0023-ff01-000b,c012|0303||0023-ff01-000b,|||,1302|0303||002b-0033,009d|0303|h2|0023-ff01-0010-000b,c012|0303|h2|0023-ff01-0010-000b,1301|0303||002b-0033
175.178.70.155,175.178.70.155,00000000000000000000000000000000000000000000000000000000000000,|||,|||,|||,|||,|||,|||,|||,|||,|||,|||
178.75.243.102,178.75.243.102,00000000000000000000000000000000000000000000000000000000000000,|||,|||,|||,|||,|||,|||,|||,|||,|||,|||
138.197.144.186,138.197.144.186,00000000000000000000000000000000000000000000000000000000000000,|||,|||,|||,|||,|||,|||,|||,|||,|||,|||
175.178.49.78,175.178.49.78,00000000000000000000000000000000000000000000000000000000000000,|||,|||,|||,|||,|||,|||,|||,|||,|||,|||
175.178.35.188,175.178.35.188,00000000000000000000000000000000000000000000000000000000000000,|||,|||,|||,|||,|||,|||,|||,|||,|||,|||
175.178.49.216,175.178.49.216,00000000000000000000000000000000000000000000000000000000000000,|||,|||,|||,|||,|||,|||,|||,|||,|||,|||
169.239.70.109,169.239.70.109,2ad2ad16d00000022c2ad2ad2ad2adbc07bc352a188303b518c8a273c71220,c030|0303|h2|0010-0017-ff01,c030|0303|h2|0010-0017-ff01,009f|0303|h2|0010-0017-ff01,|||,|||,c014|0302|h2|0010-0017-ff01,c030|0303|h2|0010-0017-ff01,c030|0303|h2|0010-0017-ff01,c030|0303|h2|0010-0017-ff01,c030|0303|h2|0010-0017-ff01
138.118.235.204,138.118.235.204,00000000000000000000000000000000000000000000000000000000000000,|||,|||,|||,|||,|||,|||,|||,|||,|||,|||
175.178.83.11,175.178.83.11,00000000000000000000000000000000000000000000000000000000000000,|||,|||,|||,|||,|||,|||,|||,|||,|||,|||
175.178.67.24,175.178.67.24,00000000000000000000000000000000000000000000000000000000000000,|||,|||,|||,|||,|||,|||,|||,|||,|||,|||
137.59.49.226,137.59.49.226,00000000000000000000000000000000000000000000000000000000000000,|||,|||,|||,|||,|||,|||,|||,|||,|||,|||
178.62.194.33,178.62.194.33,00000000000000000000000000000000000000000000000000000000000000,|||,|||,|||,|||,|||,|||,|||,|||,|||,|||
138.199.57.38,138.199.57.38,00000000000000000000000000000000000000000000000000000000000000,|||,|||,|||,|||,|||,|||,|||,|||,|||,|||
138.201.65.142,138.201.65.142,00000000000000000000000000000000000000000000000000000000000000,|||,|||,|||,|||,|||,|||,|||,|||,|||,|||
178.62.194.198,178.62.194.198,00000000000000000000000000000000000000000000000000000000000000,|||,|||,|||,|||,|||,|||,|||,|||,|||,|||
178.211.208.61,178.211.208.61,00000000000000000000000000000000000000000000000000000000000000,|||,|||,|||,|||,|||,|||,|||,|||,|||,|||
138.197.6.149,138.197.6.149,00000000000000000000000000000000000000000000000000000000000000,|||,|||,|||,|||,|||,|||,|||,|||,|||,|||
175.24.122.138,175.24.122.138,00000000000000000000000000000000000000000000000000000000000000,|||,|||,|||,|||,|||,|||,|||,|||,|||,|||
175.178.68.136,175.178.68.136,00000000000000000000000000000000000000000000000000000000000000,|||,|||,|||,|||,|||,|||,|||,|||,|||,|||
138.118.235.166,138.118.235.166,00000000000000000000000000000000000000000000000000000000000000,|||,|||,|||,|||,|||,|||,|||,|||,|||,|||
138.68.150.228,138.68.150.228,00000000000000000000000000000000000000000000000000000000000000,|||,|||,|||,|||,|||,|||,|||,|||,|||,|||
178.62.209.216,178.62.209.216,00000000000000000000000000000000000000000000000000000000000000,|||,|||,|||,|||,|||,|||,|||,|||,|||,|||
178.62.111.93,178.62.111.93,00000000000000000000000000000000000000000000000000000000000000,|||,|||,|||,|||,|||,|||,|||,|||,|||,|||
138.229.154.122,138.229.154.122,00000000000000000000000000000000000000000000000000000000000000,|||,|||,|||,|||,|||,|||,|||,|||,|||,|||
178.62.250.142,178.62.250.142,00000000000000000000000000000000000000000000000000000000000000,|||,|||,|||,|||,|||,|||,|||,|||,|||,|||
174.141.160.198,174.141.160.198,06c02c00006c06c06c06c02c06c06c8c4f3722819b840d06b969e2aa488c75,002f|0302||0001,0005|0302||0001,|||,002f|0302||0001,002f|0302||0001,002f|0302||0001,002f|0302||0001,0005|0302||0001,002f|0302||0001,002f|0302||0001
178.62.239.229,178.62.239.229,00000000000000000000000000000000000000000000000000000000000000,|||,|||,|||,|||,|||,|||,|||,|||,|||,|||
178.209.126.217,178.209.126.217,00000000000000000000000000000000000000000000000000000000000000,|||,|||,|||,|||,|||,|||,|||,|||,|||,|||
178.159.126.13,178.159.126.13,00000000000000000000000000000000000000000000000000000000000000,|||,|||,|||,|||,|||,|||,|||,|||,|||,|||
175.24.175.193,175.24.175.193,00000000000000000000000000000000000000000000000000000000000000,|||,|||,|||,|||,|||,|||,|||,|||,|||,|||
178.62.30.161,178.62.30.161,00000000000000000000000000000000000000000000000000000000000000,|||,|||,|||,|||,|||,|||,|||,|||,|||,|||
178.62.200.242,178.62.200.242,00000000000000000000000000000000000000000000000000000000000000,|||,|||,|||,|||,|||,|||,|||,|||,|||,|||
175.24.179.200,175.24.179.200,00000000000000000000000000000000000000000000000000000000000000,|||,|||,|||,|||,|||,|||,|||,|||,|||,|||
178.62.3.183,178.62.3.183,00000000000000000000000000000000000000000000000000000000000000,|||,|||,|||,|||,|||,|||,|||,|||,|||,|||
178.62.243.150,178.62.243.150,00000000000000000000000000000000000000000000000000000000000000,|||,|||,|||,|||,|||,|||,|||,|||,|||,|||
138.59.219.59,138.59.219.59,00000000000000000000000000000000000000000000000000000000000000,|||,|||,|||,|||,|||,|||,|||,|||,|||,|||
138.59.136.28,138.59.136.28,00000000000000000000000000000000000000000000000000000000000000,|||,|||,|||,|||,|||,|||,|||,|||,|||,|||
138.19.216.180,138.19.216.180,00000000000000000000000000000000000000000000000000000000000000,|||,|||,|||,|||,|||,|||,|||,|||,|||,|||
178.62.72.49,178.62.72.49,00000000000000000000000000000000000000000000000000000000000000,|||,|||,|||,|||,|||,|||,|||,|||,|||,|||
178.62.87.151,178.62.87.151,00000000000000000000000000000000000000000000000000000000000000,|||,|||,|||,|||,|||,|||,|||,|||,|||,|||
138.197.169.9,138.197.169.9,00000000000000000000000000000000000000000000000000000000000000,|||,|||,|||,|||,|||,|||,|||,|||,|||,|||
175.126.136.103,175.126.136.103,00000000000000000000000000000000000000000000000000000000000000,|||,|||,|||,|||,|||,|||,|||,|||,|||,|||
178.79.135.10,178.79.135.10,00000000000000000000000000000000000000000000000000000000000000,|||,|||,|||,|||,|||,|||,|||,|||,|||,|||
138.118.235.189,138.118.235.189,00000000000000000000000000000000000000000000000000000000000000,|||,|||,|||,|||,|||,|||,|||,|||,|||,|||
175.27.242.191,175.27.242.191,00000000000000000000000000000000000000000000000000000000000000,|||,|||,|||,|||,|||,|||,|||,|||,|||,|||
178.62.93.246,178.62.93.246,00000000000000000000000000000000000000000000000000000000000000,|||,|||,|||,|||,|||,|||,|||,|||,|||,|||
178.62.97.193,178.62.97.193,00000000000000000000000000000000000000000000000000000000000000,|||,|||,|||,|||,|||,|||,|||,|||,|||,|||
178.239.166.223,178.239.166.223,21d14d00021d21d21c21d14d21d21dcade67768786e23ca695466fb7f94658,c013|0303||ff01-000b-0023-0017,009d|0303||ff01-0023-0017,|||,c013|0303||ff01-000b-0023-0017,c013|0303||ff01-000b-0023-0017,c013|0302||ff01-000b-0023-0017,c013|0303||ff01-000b-0023-0017,009d|0303||ff01-0023-0017,c013|0303||ff01-000b-0023-0017,c013|0303||ff01-000b-0023-0017
175.24.205.216,175.24.205.216,00000000000000000000000000000000000000000000000000000000000000,|||,|||,|||,|||,|||,|||,|||,|||,|||,|||
138.99.216.222,138.99.216.222,00000000000000000000000000000000000000000000000000000000000000,|||,|||,|||,|||,|||,|||,|||,|||,|||,|||
175.24.198.82,175.24.198.82,00000000000000000000000000000000000000000000000000000000000000,|||,|||,|||,|||,|||,|||,|||,|||,|||,|||
175.24.201.192,175.24.201.192,00000000000000000000000000000000000000000000000000000000000000,|||,|||,|||,|||,|||,|||,|||,|||,|||,|||
138.68.156.129,138.68.156.129,00000000000000000000000000000000000000000000000000000000000000,|||,|||,|||,|||,|||,|||,|||,|||,|||,|||
178.239.21.184,178.239.21.184,00000000000000000000000000000000000000000000000000000000000000,|||,|||,|||,|||,|||,|||,|||,|||,|||,|||
175.24.66.227,175.24.66.227,00000000000000000000000000000000000000000000000000000000000000,|||,|||,|||,|||,|||,|||,|||,|||,|||,|||
138.91.88.70,138.91.88.70,00000000000000000000000000000000000000000000000000000000000000,|||,|||,|||,|||,|||,|||,|||,|||,|||,|||
139.129.100.103,139.129.100.103,00000000000000000000000000000000000000000000000000000000000000,|||,|||,|||,|||,|||,|||,|||,|||,|||,|||
139.129.99.227,139.129.99.227,00000000000000000000000000000000000000000000000000000000000000,|||,|||,|||,|||,|||,|||,|||,|||,|||,|||
175.97.161.199,175.97.161.199,00000000000000000000000000000000000000000000000000000000000000,|||,|||,|||,|||,|||,|||,|||,|||,|||,|||
178.239.21.138,178.239.21.138,00000000000000000000000000000000000000000000000000000000000000,|||,|||,|||,|||,|||,|||,|||,|||,|||,|||
139.0.192.143,139.0.192.143,00000000000000000000000000000000000000000000000000000000000000,|||,|||,|||,|||,|||,|||,|||,|||,|||,|||
175.27.162.119,175.27.162.119,00000000000000000000000000000000000000000000000000000000000000,|||,|||,|||,|||,|||,|||,|||,|||,|||,|||
138.118.235.196,138.118.235.196,00000000000000000000000000000000000000000000000000000000000000,|||,|||,|||,|||,|||,|||,|||,|||,|||,|||
172.81.209.142,172.81.209.142,00000000000000000000000000000000000000000000000000000000000000,|||,|||,|||,|||,|||,|||,|||,|||,|||,|||
178.79.146.23,178.79.146.23,00000000000000000000000000000000000000000000000000000000000000,|||,|||,|||,|||,|||,|||,|||,|||,|||,|||
178.79.189.101,178.79.189.101,00000000000000000000000000000000000000000000000000000000000000,|||,|||,|||,|||,|||,|||,|||,|||,|||,|||
178.79.146.48,178.79.146.48,00000000000000000000000000000000000000000000000000000000000000,|||,|||,|||,|||,|||,|||,|||,|||,|||,|||
178.239.21.104,178.239.21.104,00000000000000000000000000000000000000000000000000000000000000,|||,|||,|||,|||,|||,|||,|||,|||,|||,|||
138.118.235.195,138.118.235.195,00000000000000000000000000000000000000000000000000000000000000,|||,|||,|||,|||,|||,|||,|||,|||,|||,|||
178.239.21.16,178.239.21.16,00000000000000000000000000000000000000000000000000000000000000,|||,|||,|||,|||,|||,|||,|||,|||,|||,|||
138.118.235.200,138.118.235.200,00000000000000000000000000000000000000000000000000000000000000,|||,|||,|||,|||,|||,|||,|||,|||,|||,|||
178.79.189.14,178.79.189.14,00000000000000000000000000000000000000000000000000000000000000,|||,|||,|||,|||,|||,|||,|||,|||,|||,|||
178.79.189.110,178.79.189.110,00000000000000000000000000000000000000000000000000000000000000,|||,|||,|||,|||,|||,|||,|||,|||,|||,|||
138.122.6.68,138.122.6.68,00000000000000000000000000000000000000000000000000000000000000,|||,|||,|||,|||,|||,|||,|||,|||,|||,|||
178.79.189.38,178.79.189.38,00000000000000000000000000000000000000000000000000000000000000,|||,|||,|||,|||,|||,|||,|||,|||,|||,|||
178.79.130.232,178.79.130.232,00000000000000000000000000000000000000000000000000000000000000,|||,|||,|||,|||,|||,|||,|||,|||,|||,|||
172.81.226.169,172.81.226.169,00000000000000000000000000000000000000000000000000000000000000,|||,|||,|||,|||,|||,|||,|||,|||,|||,|||
178.16.121.254,178.16.121.254,08d08d00008d08d08c08d08d08d08d9674c6b4e623ae36cc2d998e99e2262e,0035|0303||ff01-0023,0035|0303||ff01-0023,|||,0035|0303||ff01-0023,0035|0303||ff01-0023,0035|0302||ff01-0023,0035|0303||ff01-0023,0035|0303||ff01-0023,0035|0303||ff01-0023,0035|0303||ff01-0023
178.239.21.91,178.239.21.91,00000000000000000000000000000000000000000000000000000000000000,|||,|||,|||,|||,|||,|||,|||,|||,|||,|||
139.155.248.57,139.155.248.57,00000000000000000000000000000000000000000000000000000000000000,|||,|||,|||,|||,|||,|||,|||,|||,|||,|||
167.71.220.247,167.71.220.247,3fd3fd0003fd3fd00042d42d0000005d86ccb1a0567e012264097a0315d7a7,cca8|0303|h2|ff01-0000-0001-000b-0023-0010-0017,cca8|0303|h2|ff01-0000-0001-000b-0023-0010-0017,|||,cca8|0303||ff01-0000-0001-000b-0023-0017,cca8|0303||ff01-0000-0001-000b-0023-0017,|||,1302|0303||002b-0033,1302|0303||002b-0033,|||,|||
178.79.189.206,178.79.189.206,00000000000000000000000000000000000000000000000000000000000000,|||,|||,|||,|||,|||,|||,|||,|||,|||,|||
178.79.189.232,178.79.189.232,00000000000000000000000000000000000000000000000000000000000000,|||,|||,|||,|||,|||,|||,|||,|||,|||,|||
179.43.159.4,179.43.159.4,00000000000000000000000000000000000000000000000000000000000000,|||,|||,|||,|||,|||,|||,|||,|||,|||,|||
178.79.146.28,178.79.146.28,00000000000000000000000000000000000000000000000000000000000000,|||,|||,|||,|||,|||,|||,|||,|||,|||,|||
178.79.189.136,178.79.189.136,00000000000000000000000000000000000000000000000000000000000000,|||,|||,|||,|||,|||,|||,|||,|||,|||,|||
178.45.97.64,178.45.97.64,00000000000000000000000000000000000000000000000000000000000000,|||,|||,|||,|||,|||,|||,|||,|||,|||,|||
179.43.175.74,179.43.175.74,00000000000000000000000000000000000000000000000000000000000000,|||,|||,|||,|||,|||,|||,|||,|||,|||,|||
179.43.139.10,179.43.139.10,00000000000000000000000000000000000000000000000000000000000000,|||,|||,|||,|||,|||,|||,|||,|||,|||,|||
139.162.199.211,139.162.199.211,00000000000000000000000000000000000000000000000000000000000000,|||,|||,|||,|||,|||,|||,|||,|||,|||,|||
138.68.229.212,138.68.229.212,00000000000000000000000000000000000000000000000000000000000000,|||,|||,|||,|||,|||,|||,|||,|||,|||,|||
138.68.146.195,138.68.146.195,00000000000000000000000000000000000000000000000000000000000000,|||,|||,|||,|||,|||,|||,|||,|||,|||,|||
139.162.137.251,139.162.137.251,00000000000000000000000000000000000000000000000000000000000000,|||,|||,|||,|||,|||,|||,|||,|||,|||,|||
175.24.178.189,175.24.178.189,00000000000000000000000000000000000000000000000000000000000000,|||,|||,|||,|||,|||,|||,|||,|||,|||,|||
170.80.31.48,170.80.31.48,08d08d00008d08d08c08d08d08d08d9674c6b4e623ae36cc2d998e99e2262e,0035|0303||ff01-0023,0035|0303||ff01-0023,|||,0035|0303||ff01-0023,0035|0303||ff01-0023,0035|0302||ff01-0023,0035|0303||ff01-0023,0035|0303||ff01-0023,0035|0303||ff01-0023,0035|0303||ff01-0023
139.162.190.203,139.162.190.203,00000000000000000000000000000000000000000000000000000000000000,|||,|||,|||,|||,|||,|||,|||,|||,|||,|||
178.62.207.26,178.62.207.26,00000000000000000000000000000000000000000000000000000000000000,|||,|||,|||,|||,|||,|||,|||,|||,|||,|||
179.43.183.98,179.43.183.98,00000000000000000000000000000000000000000000000000000000000000,|||,|||,|||,|||,|||,|||,|||,|||,|||,|||
139.162.148.54,139.162.148.54,00000000000000000000000000000000000000000000000000000000000000,|||,|||,|||,|||,|||,|||,|||,|||,|||,|||
178.239.21.231,178.239.21.231,00000000000000000000000000000000000000000000000000000000000000,|||,|||,|||,|||,|||,|||,|||,|||,|||,|||
178.79.188.228,178.79.188.228,00000000000000000000000000000000000000000000000000000000000000,|||,|||,|||,|||,|||,|||,|||,|||,|||,|||
170.238.136.6,170.238.136.6,05d02d20d21d20d05c05d02d05d20d74fcf6501ae7a92319e575bfafd2a827,0016|0303||ff01-0023,0005|0303||ff01-0023,c012|0303||ff01-000b-0023,c013|0303||ff01-000b-0023,c012|0303||ff01-000b-0023,0016|0302||ff01-0023,0016|0303||ff01-0023,0005|0303||ff01-0023,0016|0303||ff01-0023,c012|0303||ff01-000b-0023
179.43.175.130,179.43.175.130,00000000000000000000000000000000000000000000000000000000000000,|||,|||,|||,|||,|||,|||,|||,|||,|||,|||
179.43.149.52,179.43.149.52,00000000000000000000000000000000000000000000000000000000000000,|||,|||,|||,|||,|||,|||,|||,|||,|||,|||
172.245.86.137,172.245.86.137,1dd40d40d00040d1dc42d43d0000008ef30d0165f90df21a64bafbc24d66f5,c009|0303|h2|ff01-0000-0001-000b-0023-0010-0017,cca9|0303|h2|ff01-0000-0001-000b-0023-0010-0017,cca9|0303|h2|ff01-0000-0001-000b-0023-0010-0017,|||,cca9|0303||ff01-0000-0001-000b-0023-0017,c009|0302|h2|ff01-0000-0001-000b-0023-0010-0017,1302|0303||002b-0033,1303|0303||002b-0033,|||,|||
178.62.216.242,178.62.216.242,2ad2ad0002ad2ad00042d42d000000301510f56407964db9434a9bb0d4ee4a,c030|0303|http/1.1|ff01-0000-0001-000b-0023-0010-0017,c030|0303|http/1.1|ff01-0000-0001-000b-0023-0010-0017,|||,c030|0303||ff01-0000-0001-000b-0023-0017,c030|0303||ff01-0000-0001-000b-0023-0017,|||,1302|0303||002b-0033,1302|0303||002b-0033,|||,|||
177.152.159.70,177.152.159.70,00000000000000000000000000000000000000000000000000000000000000,|||,|||,|||,|||,|||,|||,|||,|||,|||,|||
140.143.223.183,140.143.223.183,29d29d00029d29d00042d42d0000000464fb8c6842ac133bede81390a48134,c02f|0303|h2|ff01-0000-0001-000b-0010-0017,c02f|0303|h2|ff01-0000-0001-000b-0010-0017,|||,c02f|0303||ff01-0000-0001-000b-0017,c02f|0303||ff01-0000-0001-000b-0017,|||,1302|0303||002b-0033,1302|0303||002b-0033,|||,|||
138.121.138.205,138.121.138.205,00000000000000000000000000000000000000000000000000000000000000,|||,|||,|||,|||,|||,|||,|||,|||,|||,|||
178.69.16.130,178.69.16.130,00000000000000000000000000000000000000000000000000000000000000,|||,|||,|||,|||,|||,|||,|||,|||,|||,|||
139.162.184.32,139.162.184.32,00000000000000000000000000000000000000000000000000000000000000,|||,|||,|||,|||,|||,|||,|||,|||,|||,|||
178.62.217.218,178.62.217.218,3fd21b20d3fd3fd21c3fd21b21b3fd09a00b24483586e69e1b2e49cc2ece92,cca8|0303||0023-ff01-000b,c013|0301||0023-ff01-000b,c012|0303||0023-ff01-000b,cca8|0303||0023-ff01-000b,cca8|0303||0023-ff01-000b,c013|0302||0023-ff01-000b,cca8|0303||0023-ff01-000b,c013|0301||0023-ff01-000b,c013|0301||0023-ff01-000b,cca8|0303||0023-ff01-000b
175.213.132.85,175.213.132.85,00000000000000000000000000000000000000000000000000000000000000,|||,|||,|||,|||,|||,|||,|||,|||,|||,|||
178.79.189.12,178.79.189.12,00000000000000000000000000000000000000000000000000000000000000,|||,|||,|||,|||,|||,|||,|||,|||,|||,|||
178.62.251.46,178.62.251.46,20d14d20d21d20d00042d14d20d41ddcc832adca9a779dc66965afdb62ec7a,c012|0303|h2|0023-ff01-0010-000b,009d|0303|h2|0023-ff01-0010-000b,c012|0303|h2|0023-ff01-0010-000b,c013|0303||0023-ff01-000b,c012|0303||0023-ff01-000b,|||,1302|0303||002b-0033,009d|0303|h2|0023-ff01-0010-000b,c012|0303|h2|0023-ff01-0010-000b,1301|0303||002b-0033
178.62.223.6,178.62.223.6,00000000000000000000000000000000000000000000000000000000000000,|||,|||,|||,|||,|||,|||,|||,|||,|||,|||
175.203.179.70,175.203.179.70,00000000000000000000000000000000000000000000000000000000000000,|||,|||,|||,|||,|||,|||,|||,|||,|||,|||
178.62.221.106,178.62.221.106,3fd21b20d3fd3fd21c3fd21b21b3fd09a00b24483586e69e1b2e49cc2ece92,cca8|0303||0023-ff01-000b,c013|0301||0023-ff01-000b,c012|0303||0023-ff01-000b,cca8|0303||0023-ff01-000b,cca8|0303||0023-ff01-000b,c013|0302||0023-ff01-000b,cca8|0303||0023-ff01-000b,c013|0301||0023-ff01-000b,c013|0301||0023-ff01-000b,cca8|0303||0023-ff01-000b
178.79.146.68,178.79.146.68,00000000000000000000000000000000000000000000000000000000000000,|||,|||,|||,|||,|||,|||,|||,|||,|||,|||
175.201.122.137,175.201.122.137,00000000000000000000000000000000000000000000000000000000000000,|||,|||,|||,|||,|||,|||,|||,|||,|||,|||
178.62.200.220,178.62.200.220,00000000000000000000000000000000000000000000000000000000000000,|||,|||,|||,|||,|||,|||,|||,|||,|||,|||
138.68.164.157,138.68.164.157,00000000000000000000000000000000000000000000000000000000000000,|||,|||,|||,|||,|||,|||,|||,|||,|||,|||
139.162.250.200,139.162.250.200,00000000000000000000000000000000000000000000000000000000000000,|||,|||,|||,|||,|||,|||,|||,|||,|||,|||
178.62.97.18,178.62.97.18,2ad2ad0002ad2ad00042d42d000000301510f56407964db9434a9bb0d4ee4a,c030|0303|http/1.1|ff01-0000-0001-000b-0023-0010-0017,c030|0303|http/1.1|ff01-0000-0001-000b-0023-0010-0017,|||,c030|0303||ff01-0000-0001-000b-0023-0017,c030|0303||ff01-0000-0001-000b-0023-0017,|||,1302|0303||002b-0033,1302|0303||002b-0033,|||,|||
178.62.99.238,178.62.99.238,15d3fd16d21d21d00042d43d000000fe02290512647416dcf0a400ccbc0b6b,009e|0303|http/1.1|ff01-0000-0001-0010-0017,cca8|0303|http/1.1|ff01-0000-0001-000b-0010-0017,009f|0303|http/1.1|ff01-0000-0001-0010-0017,c013|0303||ff01-0000-0001-000b-0017,c013|0303||ff01-0000-0001-000b-0017,|||,1302|0303||002b-0033,1303|0303||002b-0033,|||,|||
139.162.249.121,139.162.249.121,00000000000000000000000000000000000000000000000000000000000000,|||,|||,|||,|||,|||,|||,|||,|||,|||,|||
177.38.13.71,177.38.13.71,00000000000000000000000000000000000000000000000000000000000000,|||,|||,|||,|||,|||,|||,|||,|||,|||,|||
178.62.57.185,178.62.57.185,15d2ad16d29d29d00015d2ad15d29d759ec1306066cf124555d1af8ae5e222,009e|0303|http/1.1|ff01-0023-0010,c030|0303|http/1.1|ff01-000b-0023-0010,009f|0303|http/1.1|ff01-0023-0010,c02f|0303||ff01-000b-0023,c02f|0303||ff01-000b-0023,|||,009e|0303|http/1.1|ff01-0023-0010,c030|0303|http/1.1|ff01-000b-0023-0010,009e|0303|http/1.1|ff01-0023-0010,c02f|0303|http/1.1|ff01-000b-0023-0010
138.68.91.235,138.68.91.235,00000000000000000000000000000000000000000000000000000000000000,|||,|||,|||,|||,|||,|||,|||,|||,|||,|||
139.162.89.103,139.162.89.103,00000000000000000000000000000000000000000000000000000000000000,|||,|||,|||,|||,|||,|||,|||,|||,|||,|||
175.214.149.206,175.214.149.206,00000000000000000000000000000000000000000000000000000000000000,|||,|||,|||,|||,|||,|||,|||,|||,|||,|||
149.129.139.143,149.129.139.143,3fd3fd15d3fd3fd21c3fd3fd3fd3fdc110bab2c0a19e5d4e587c17ce497b15,cca8|0303|http/1.1|ff01-0001-000b-0023-0010-0017,cca8|0303|http/1.1|ff01-0001-000b-0023-0010-0017,009e|0303|http/1.1|ff01-0001-0023-0010-0017,cca8|0303||ff01-0001-000b-0023-0017,cca8|0303||ff01-0001-000b-0023-0017,c013|0302|http/1.1|ff01-0001-000b-0023-0010-0017,cca8|0303|http/1.1|ff01-0001-000b-0023-0010-0017,cca8|0303|http/1.1|ff01-0001-000b-0023-0010-0017,cca8|0303|http/1.1|ff01-0001-000b-0023-0010-0017,cca8|0303|http/1.1|ff01-0001-000b-0023-0010-0017
177.194.71.116,177.194.71.116,00000000000000000000000000000000000000000000000000000000000000,|||,|||,|||,|||,|||,|||,|||,|||,|||,|||
165.232.189.229,165.232.189.229,3fd3fd15d3fd3fd00042d42d00000061256d32ed7779c14686ad100544dc8d,cca8|0303|http/1.1|ff01-0001-000b-0023-0010-0017,cca8|0303|http/1.1|ff01-0001-000b-0023-0010-0017,009e|0303|http/1.1|ff01-0001-0023-0010-0017,cca8|0303|http/1.1|ff01-0001-000b-0023-0010-0017,cca8|0303|http/1.1|ff01-0001-000b-0023-0010-0017,|||,1302|0303||002b-0033,1302|0303||002b-0033,|||,|||
178.128.66.109,178.128.66.109,00000000000000000000000000000000000000000000000000000000000000,|||,|||,|||,|||,|||,|||,|||,|||,|||,|||
178.62.14.181,178.62.14.181,07d19d1ad21d21d00042d43d00000076e5b3c488a88e5790970b78ffb8afc2,0033|0303|http/1.1|ff01-0001-0023-0010-0017,00c0|0303|http/1.1|ff01-0001-0023-0010-0017,00c4|0303|http/1.1|ff01-0001-0023-0010-0017,c013|0303|http/1.1|ff01-0001-000b-0023-0010-0017,c013|0303|http/1.1|ff01-0001-000b-0023-0010-0017,|||,1302|0303||002b-0033,1303|0303||002b-0033,|||,|||
167.99.76.115,167.99.76.115,15d3fd16d29d29d00042d43d0000009ec686233a4398bea334ba5e62e34a01,009e|0303|http/1.1|ff01-0001-0023-0010-0017,cca8|0303|http/1.1|ff01-0001-000b-0023-0010-0017,009f|0303|http/1.1|ff01-0001-0023-0010-0017,c02f|0303|http/1.1|ff01-0001-000b-0023-0010-0017,c02f|0303|http/1.1|ff01-0001-000b-0023-0010-0017,|||,1302|0303||002b-0033,1303|0303||002b-0033,|||,|||
178.239.21.80,178.239.21.80,00000000000000000000000000000000000000000000000000000000000000,|||,|||,|||,|||,|||,|||,|||,|||,|||,|||
178.62.105.106,178.62.105.106,2ad2ad16d2ad2ad22c2ad2ad2ad2ada702d01c1ffb9b74d09db9b573962dce,c030|0303|h2|ff01-0000-0001-000b-0010-0017,c030|0303|h2|ff01-0000-0001-000b-0010-0017,009f|0303|h2|ff01-0000-0001-0010-0017,c030|0303||ff01-0000-0001-000b-0017,c030|0303||ff01-0000-0001-000b-0017,c014|0302|h2|ff01-0000-0001-000b-0010-0017,c030|0303|h2|ff01-0000-0001-000b-0010-0017,c030|0303|h2|ff01-0000-0001-000b-0010-0017,c030|0303|h2|ff01-0000-0001-000b-0010-0017,c030|0303|h2|ff01-0000-0001-000b-0010-0017
172.82.18.82,172.82.18.82,07d19d1ad21d21d07c42d43d0000009424803a662b126a748cf4f90707a33c,0033|0303|http/1.1|ff01-0001-0023-0010-0017,00c0|0303|http/1.1|ff01-0001-0023-0010-0017,00c4|0303|http/1.1|ff01-0001-0023-0010-0017,c013|0303|http/1.1|ff01-0001-000b-0023-0010-0017,c013|0303|http/1.1|ff01-0001-000b-0023-0010-0017,0033|0302|http/1.1|ff01-0001-0023-0010-0017,1302|0303||002b-0033,1303|0303||002b-0033,|||,|||
173.198.7.138,173.198.7.138,0bd0bd0000bd0bd00042d42d0000009f6c10cf2baa8e8566d140ba89a7485c,003d|0303|h2|ff01-0001-0023-0010-0017,003d|0303|h2|ff01-0001-0023-0010-0017,|||,003d|0303||ff01-0001-0023-0017,003d|0303||ff01-0001-0023-0017,|||,1302|0303||002b-0033,1302|0303||002b-0033,|||,|||
177.137.233.62,177.137.233.62,00000000000000000000000000000000000000000000000000000000000000,|||,|||,|||,|||,|||,|||,|||,|||,|||,|||
178.79.141.105,178.79.141.105,00000000000000000000000000000000000000000000000000000000000000,|||,|||,|||,|||,|||,|||,|||,|||,|||,|||
177.38.184.47,177.38.184.47,00000000000000000000000000000000000000000000000000000000000000,|||,|||,|||,|||,|||,|||,|||,|||,|||,|||
177.73.142.229,177.73.142.229,00000000000000000000000000000000000000000000000000000000000000,|||,|||,|||,|||,|||,|||,|||,|||,|||,|||
139.177.188.16,139.177.188.16,00000000000000000000000000000000000000000000000000000000000000,|||,|||,|||,|||,|||,|||,|||,|||,|||,|||
177.222.43.222,177.222.43.222,00000000000000000000000000000000000000000000000000000000000000,|||,|||,|||,|||,|||,|||,|||,|||,|||,|||
124.165.195.41,124.165.195.41,00000000000000000000000000000000000000000000000000000000000000,|||,|||,|||,|||,|||,|||,|||,|||,|||,|||
175.210.6.203,175.210.6.203,00000000000000000000000000000000000000000000000000000000000000,|||,|||,|||,|||,|||,|||,|||,|||,|||,|||
178.62.18.204,178.62.18.204,21d19d00021d21d00042d43d00000056e413178d5f184cc6adfb749623f434,c013|0303|h2|ff01-0001-000b-0023-0010-0017,00c0|0303|h2|ff01-0001-0023-0010-0017,|||,c013|0303||ff01-0001-000b-0023-0017,c013|0303||ff01-0001-000b-0023-0017,|||,1302|0303||002b-0033,1303|0303||002b-0033,|||,|||
139.177.206.133,139.177.206.133,00000000000000000000000000000000000000000000000000000000000000,|||,|||,|||,|||,|||,|||,|||,|||,|||,|||
139.180.145.135,139.180.145.135,00000000000000000000000000000000000000000000000000000000000000,|||,|||,|||,|||,|||,|||,|||,|||,|||,|||
178.79.188.222,178.79.188.222,15d3fd16d29d29d00042d43d000000ed1cf37c9a169b41886e27ba8fad60b0,009e|0303|http/1.1|ff01-0001-0010-0017,cca8|0303|http/1.1|ff01-0001-000b-0010-0017,009f|0303|http/1.1|ff01-0001-0010-0017,c02f|0303|http/1.1|ff01-0001-000b-0010-0017,c02f|0303|http/1.1|ff01-0001-000b-0010-0017,|||,1302|0303||002b-0033,1303|0303||002b-0033,|||,|||
139.162.163.23,139.162.163.23,00000000000000000000000000000000000000000000000000000000000000,|||,|||,|||,|||,|||,|||,|||,|||,|||,|||
172.247.55.178,172.247.55.178,3fd3fd0003fd3fd21c42d42d000000f816eaea5c28bd7b1d0104ee7676bfe1,cca8|0303|h2|ff01-0001-000b-0023-0010-0017,cca8|0303|h2|ff01-0001-000b-0023-0010-0017,|||,cca8|0303|http/1.1|ff01-0001-000b-0023-0010-0017,cca8|0303|http/1.1|ff01-0001-000b-0023-0010-0017,c013|0302|http/1.1|ff01-0001-000b-0023-0010-0017,1302|0303||002b-0033,1302|0303||002b-0033,|||,|||
139.155.253.65,139.155.253.65,00000000000000000000000000000000000000000000000000000000000000,|||,|||,|||,|||,|||,|||,|||,|||,|||,|||
178.73.215.171,178.73.215.171,00000000000000000000000000000000000000000000000000000000000000,|||,|||,|||,|||,|||,|||,|||,|||,|||,|||
178.62.86.249,178.62.86.249,2ad2ad16d2ad2ad22c2ad2ad2ad2adc110bab2c0a19e5d4e587c17ce497b15,c030|0303|http/1.1|ff01-0001-000b-0023-0010-0017,c030|0303|http/1.1|ff01-0001-000b-0023-0010-0017,009f|0303|http/1.1|ff01-0001-0023-0010-0017,c030|0303||ff01-0001-000b-0023-0017,c030|0303||ff01-0001-000b-0023-0017,c014|0302|http/1.1|ff01-0001-000b-0023-0010-0017,c030|0303|http/1.1|ff01-0001-000b-0023-0010-0017,c030|0303|http/1.1|ff01-0001-000b-0023-0010-0017,c030|0303|http/1.1|ff01-0001-000b-0023-0010-0017,c030|0303|http/1.1|ff01-0001-000b-0023-0010-0017
139.162.195.200,139.162.195.200,00000000000000000000000000000000000000000000000000000000000000,|||,|||,|||,|||,|||,|||,|||,|||,|||,|||
139.162.145.250,139.162.145.250,00000000000000000000000000000000000000000000000000000000000000,|||,|||,|||,|||,|||,|||,|||,|||,|||,|||
139.198.0.20,139.198.0.20,00000000000000000000000000000000000000000000000000000000000000,|||,|||,|||,|||,|||,|||,|||,|||,|||,|||
139.196.23.140,139.196.23.140,00000000000000000000000000000000000000000000000000000000000000,|||,|||,|||,|||,|||,|||,|||,|||,|||,|||
174.76.184.56,174.76.184.56,08d08d00008d08d08c08d08d08d08d9674c6b4e623ae36cc2d998e99e2262e,0035|0303||ff01-0023,0035|0303||ff01-0023,|||,0035|0303||ff01-0023,0035|0303||ff01-0023,0035|0302||ff01-0023,0035|0303||ff01-0023,0035|0303||ff01-0023,0035|0303||ff01-0023,0035|0303||ff01-0023
139.162.217.93,139.162.217.93,00000000000000000000000000000000000000000000000000000000000000,|||,|||,|||,|||,|||,|||,|||,|||,|||,|||
175.24.203.178,175.24.203.178,00000000000000000000000000000000000000000000000000000000000000,|||,|||,|||,|||,|||,|||,|||,|||,|||,|||
175.24.32.140,175.24.32.140,00000000000000000000000000000000000000000000000000000000000000,|||,|||,|||,|||,|||,|||,|||,|||,|||,|||
139.196.159.179,139.196.159.179,00000000000000000000000000000000000000000000000000000000000000,|||,|||,|||,|||,|||,|||,|||,|||,|||,|||
139.198.21.60,139.198.21.60,00000000000000000000000000000000000000000000000000000000000000,|||,|||,|||,|||,|||,|||,|||,|||,|||,|||
139.196.11.53,139.196.11.53,00000000000000000000000000000000000000000000000000000000000000,|||,|||,|||,|||,|||,|||,|||,|||,|||,|||
139.196.31.82,139.196.31.82,00000000000000000000000000000000000000000000000000000000000000,|||,|||,|||,|||,|||,|||,|||,|||,|||,|||
139.198.124.61,139.198.124.61,00000000000000000000000000000000000000000000000000000000000000,|||,|||,|||,|||,|||,|||,|||,|||,|||,|||
139.196.238.52,139.196.238.52,00000000000000000000000000000000000000000000000000000000000000,|||,|||,|||,|||,|||,|||,|||,|||,|||,|||
178.57.106.157,178.57.106.157,16d16d16d14d16d09c16d16d16d16da441f40918707087561e2af18cf76f0e,009f|0303||ff01-0023,009f|0303||ff01-0023,009f|0303||ff01-0023,009d|0303||ff01-0023,009f|0303||ff01-0023,0039|0302||ff01-0023,009f|0303||ff01-0023,009f|0303||ff01-0023,009f|0303||ff01-0023,009f|0303||ff01-0023
178.62.30.143,178.62.30.143,00000000000000000000000000000000000000000000000000000000000000,|||,|||,|||,|||,|||,|||,|||,|||,|||,|||
139.198.27.5,139.198.27.5,00000000000000000000000000000000000000000000000000000000000000,|||,|||,|||,|||,|||,|||,|||,|||,|||,|||
139.196.210.28,139.196.210.28,00000000000000000000000000000000000000000000000000000000000000,|||,|||,|||,|||,|||,|||,|||,|||,|||,|||
177.67.82.124,177.67.82.124,00000000000000000000000000000000000000000000000000000000000000,|||,|||,|||,|||,|||,|||,|||,|||,|||,|||
139.198.106.103,139.198.106.103,00000000000000000000000000000000000000000000000000000000000000,|||,|||,|||,|||,|||,|||,|||,|||,|||,|||
139.198.126.110,139.198.126.110,00000000000000000000000000000000000000000000000000000000000000,|||,|||,|||,|||,|||,|||,|||,|||,|||,|||
139.186.68.108,139.186.68.108,00000000000000000000000000000000000000000000000000000000000000,|||,|||,|||,|||,|||,|||,|||,|||,|||,|||
139.196.187.131,139.196.187.131,00000000000000000000000000000000000000000000000000000000000000,|||,|||,|||,|||,|||,|||,|||,|||,|||,|||
139.196.38.206,139.196.38.206,00000000000000000000000000000000000000000000000000000000000000,|||,|||,|||,|||,|||,|||,|||,|||,|||,|||
139.196.163.192,139.196.163.192,00000000000000000000000000000000000000000000000000000000000000,|||,|||,|||,|||,|||,|||,|||,|||,|||,|||
139.196.11.12,139.196.11.12,00000000000000000000000000000000000000000000000000000000000000,|||,|||,|||,|||,|||,|||,|||,|||,|||,|||
139.208.226.78,139.208.226.78,00000000000000000000000000000000000000000000000000000000000000,|||,|||,|||,|||,|||,|||,|||,|||,|||,|||
139.196.148.224,139.196.148.224,00000000000000000000000000000000000000000000000000000000000000,|||,|||,|||,|||,|||,|||,|||,|||,|||,|||
177.221.41.197,177.221.41.197,00000000000000000000000000000000000000000000000000000000000000,|||,|||,|||,|||,|||,|||,|||,|||,|||,|||
178.128.102.125,178.128.102.125,00000000000000000000000000000000000000000000000000000000000000,|||,|||,|||,|||,|||,|||,|||,|||,|||,|||
139.224.107.3,139.224.107.3,00000000000000000000000000000000000000000000000000000000000000,|||,|||,|||,|||,|||,|||,|||,|||,|||,|||
139.196.101.84,139.196.101.84,00000000000000000000000000000000000000000000000000000000000000,|||,|||,|||,|||,|||,|||,|||,|||,|||,|||
139.224.134.64,139.224.134.64,00000000000000000000000000000000000000000000000000000000000000,|||,|||,|||,|||,|||,|||,|||,|||,|||,|||
139.224.227.120,139.224.227.120,00000000000000000000000000000000000000000000000000000000000000,|||,|||,|||,|||,|||,|||,|||,|||,|||,|||
139.224.227.87,139.224.227.87,00000000000000000000000000000000000000000000000000000000000000,|||,|||,|||,|||,|||,|||,|||,|||,|||,|||
178.128.209.143,178.128.209.143,00000000000000000000000000000000000000000000000000000000000000,|||,|||,|||,|||,|||,|||,|||,|||,|||,|||
178.128.116.50,178.128.116.50,00000000000000000000000000000000000000000000000000000000000000,|||,|||,|||,|||,|||,|||,|||,|||,|||,|||
178.128.53.199,178.128.53.199,00000000000000000000000000000000000000000000000000000000000000,|||,|||,|||,|||,|||,|||,|||,|||,|||,|||
139.196.197.134,139.196.197.134,00000000000000000000000000000000000000000000000000000000000000,|||,|||,|||,|||,|||,|||,|||,|||,|||,|||
139.198.189.166,139.198.189.166,00000000000000000000000000000000000000000000000000000000000000,|||,|||,|||,|||,|||,|||,|||,|||,|||,|||
139.224.246.185,139.224.246.185,00000000000000000000000000000000000000000000000000000000000000,|||,|||,|||,|||,|||,|||,|||,|||,|||,|||
178.128.87.84,178.128.87.84,00000000000000000000000000000000000000000000000000000000000000,|||,|||,|||,|||,|||,|||,|||,|||,|||,|||
178.128.55.50,178.128.55.50,00000000000000000000000000000000000000000000000000000000000000,|||,|||,|||,|||,|||,|||,|||,|||,|||,|||
178.128.226.137,178.128.226.137,29d29d15d29d29d21c29d29d29d29d47321614530b94a96fa03d06e666d6d6,c02f|0303|http/1.1|ff01-000b-0023-0010,c02f|0303|http/1.1|ff01-000b-0023-0010,009e|0303|http/1.1|ff01-0023-0010,c02f|0303||ff01-000b-0023,c02f|0303||ff01-000b-0023,c013|0302|http/1.1|ff01-000b-0023-0010,c02f|0303|http/1.1|ff01-000b-0023-0010,c02f|0303|http/1.1|ff01-000b-0023-0010,c02f|0303|http/1.1|ff01-000b-0023-0010,c02f|0303|http/1.1|ff01-000b-0023-0010
139.198.35.131,139.198.35.131,00000000000000000000000000000000000000000000000000000000000000,|||,|||,|||,|||,|||,|||,|||,|||,|||,|||
178.128.231.230,178.128.231.230,29d29d00029d29d21c42d43d00041de868cc44f5e7317f2c08c2d4c069cbd8,c02f|0303|h2|0017-ff01-000b-0023-0010,c02f|0303|h2|0017-ff01-000b-0023-0010,|||,c02f|0303|spdy/3|0017-ff01-000b-0023-0010,c02f|0303|spdy/3|0017-ff01-000b-0023-0010,c013|0302|h2|0017-ff01-000b-0023-0010,1302|0303||0033-002b,1303|0303||0033-002b,|||,1301|0303||0033-002b
178.128.63.236,178.128.63.236,00000000000000000000000000000000000000000000000000000000000000,|||,|||,|||,|||,|||,|||,|||,|||,|||,|||
178.128.85.105,178.128.85.105,00000000000000000000000000000000000000000000000000000000000000,|||,|||,|||,|||,|||,|||,|||,|||,|||,|||
178.128.59.68,178.128.59.68,00000000000000000000000000000000000000000000000000000000000000,|||,|||,|||,|||,|||,|||,|||,|||,|||,|||
177.143.92.75,177.143.92.75,00000000000000000000000000000000000000000000000000000000000000,|||,|||,|||,|||,|||,|||,|||,|||,|||,|||
178.128.227.25,178.128.227.25,2ad2ad0002ad2ad00042d42d000000301510f56407964db9434a9bb0d4ee4a,c030|0303|http/1.1|ff01-0000-0001-000b-0023-0010-0017,c030|0303|http/1.1|ff01-0000-0001-000b-0023-0010-0017,|||,c030|0303||ff01-0000-0001-000b-0023-0017,c030|0303||ff01-0000-0001-000b-0023-0017,|||,1302|0303||002b-0033,1302|0303||002b-0033,|||,|||
178.128.230.111,178.128.230.111,15d3fd16d21d21d00042d43d000000fbc10435df141b3459e26f69e76d5947,009e|0303|h2|ff01-0000-0001-0010-0017,cca8|0303|h2|ff01-0000-0001-000b-0010-0017,009f|0303|h2|ff01-0000-0001-0010-0017,c013|0303||ff01-0000-0001-000b-0017,c013|0303||ff01-0000-0001-000b-0017,|||,1302|0303||002b-0033,1303|0303||002b-0033,|||,|||
139.59.65.226,139.59.65.226,00000000000000000000000000000000000000000000000000000000000000,|||,|||,|||,|||,|||,|||,|||,|||,|||,|||
139.59.122.23,139.59.122.23,00000000000000000000000000000000000000000000000000000000000000,|||,|||,|||,|||,|||,|||,|||,|||,|||,|||
139.227.247.80,139.227.247.80,00000000000000000000000000000000000000000000000000000000000000,|||,|||,|||,|||,|||,|||,|||,|||,|||,|||
139.59.170.26,139.59.170.26,00000000000000000000000000000000000000000000000000000000000000,|||,|||,|||,|||,|||,|||,|||,|||,|||,|||
139.59.166.74,139.59.166.74,00000000000000000000000000000000000000000000000000000000000000,|||,|||,|||,|||,|||,|||,|||,|||,|||,|||
139.224.40.223,139.224.40.223,00000000000000000000000000000000000000000000000000000000000000,|||,|||,|||,|||,|||,|||,|||,|||,|||,|||
177.23.93.106,177.23.93.106,00000000000000000000000000000000000000000000000000000000000000,|||,|||,|||,|||,|||,|||,|||,|||,|||,|||
139.59.225.245,139.59.225.245,00000000000000000000000000000000000000000000000000000000000000,|||,|||,|||,|||,|||,|||,|||,|||,|||,|||
139.59.175.244,139.59.175.244,00000000000000000000000000000000000000000000000000000000000000,|||,|||,|||,|||,|||,|||,|||,|||,|||,|||
139.224.29.111,139.224.29.111,00000000000000000000000000000000000000000000000000000000000000,|||,|||,|||,|||,|||,|||,|||,|||,|||,|||
178.128.236.154,178.128.236.154,29d29d00029d29d00042d42d00000045d9c61f898d3d72d7a153fdd2347f3c,c02f|0303|h2|ff01-0001-000b-0023-0010-0017,c02f|0303|h2|ff01-0001-000b-0023-0010-0017,|||,c02f|0303||ff01-0001-000b-0023-0017,c02f|0303||ff01-0001-000b-0023-0017,|||,1302|0303||002b-0033,1302|0303||002b-0033,|||,|||
177.10.168.178,177.10.168.178,00000000000000000000000000000000000000000000000000000000000000,|||,|||,|||,|||,|||,|||,|||,|||,|||,|||
139.59.61.147,139.59.61.147,00000000000000000000000000000000000000000000000000000000000000,|||,|||,|||,|||,|||,|||,|||,|||,|||,|||
139.59.75.155,139.59.75.155,00000000000000000000000000000000000000000000000000000000000000,|||,|||,|||,|||,|||,|||,|||,|||,|||,|||
139.59.83.186,139.59.83.186,00000000000000000000000000000000000000000000000000000000000000,|||,|||,|||,|||,|||,|||,|||,|||,|||,|||
139.9.43.183,139.9.43.183,00000000000000000000000000000000000000000000000000000000000000,|||,|||,|||,|||,|||,|||,|||,|||,|||,|||
140.206.179.114,140.206.179.114,00000000000000000000000000000000000000000000000000000000000000,|||,|||,|||,|||,|||,|||,|||,|||,|||,|||
139.9.205.234,139.9.205.234,00000000000000000000000000000000000000000000000000000000000000,|||,|||,|||,|||,|||,|||,|||,|||,|||,|||
139.9.43.168,139.9.43.168,00000000000000000000000000000000000000000000000000000000000000,|||,|||,|||,|||,|||,|||,|||,|||,|||,|||
140.240.96.7,140.240.96.7,00000000000000000000000000000000000000000000000000000000000000,|||,|||,|||,|||,|||,|||,|||,|||,|||,|||
140.240.204.97,140.240.204.97,00000000000000000000000000000000000000000000000000000000000000,|||,|||,|||,|||,|||,|||,|||,|||,|||,|||
141.144.231.100,141.144.231.100,00000000000000000000000000000000000000000000000000000000000000,|||,|||,|||,|||,|||,|||,|||,|||,|||,|||
140.246.255.181,140.246.255.181,00000000000000000000000000000000000000000000000000000000000000,|||,|||,|||,|||,|||,|||,|||,|||,|||,|||
140.238.25.175,140.238.25.175,00000000000000000000000000000000000000000000000000000000000000,|||,|||,|||,|||,|||,|||,|||,|||,|||,|||
140.83.58.21,140.83.58.21,00000000000000000000000000000000000000000000000000000000000000,|||,|||,|||,|||,|||,|||,|||,|||,|||,|||
140.246.111.174,140.246.111.174,00000000000000000000000000000000000000000000000000000000000000,|||,|||,|||,|||,|||,|||,|||,|||,|||,|||
140.246.185.173,140.246.185.173,00000000000000000000000000000000000000000000000000000000000000,|||,|||,|||,|||,|||,|||,|||,|||,|||,|||
140.143.229.247,140.143.229.247,00000000000000000000000000000000000000000000000000000000000000,|||,|||,|||,|||,|||,|||,|||,|||,|||,|||
140.246.215.218,140.246.215.218,00000000000000000000000000000000000000000000000000000000000000,|||,|||,|||,|||,|||,|||,|||,|||,|||,|||
141.105.66.214,141.105.66.214,00000000000000000000000000000000000000000000000000000000000000,|||,|||,|||,|||,|||,|||,|||,|||,|||,|||
140.83.55.65,140.83.55.65,00000000000000000000000000000000000000000000000000000000000000,|||,|||,|||,|||,|||,|||,|||,|||,|||,|||
179.191.18.175,179.191.18.175,00000000000000000000000000000000000000000000000000000000000000,|||,|||,|||,|||,|||,|||,|||,|||,|||,|||
141.239.124.247,141.239.124.247,00000000000000000000000000000000000000000000000000000000000000,|||,|||,|||,|||,|||,|||,|||,|||,|||,|||
175.178.40.147,175.178.40.147,21d0ad00021d21d21c21d0ad21d21d2bb1101b28b790bf5d9d4dcad463fdc2,c013|0303||ff01,003c|0303||ff01,|||,c013|0303||ff01,c013|0303||ff01,c013|0302||ff01,c013|0303||ff01,003c|0303||ff01,c013|0303||ff01,c013|0303||ff01
142.113.28.28,142.113.28.28,00000000000000000000000000000000000000000000000000000000000000,|||,|||,|||,|||,|||,|||,|||,|||,|||,|||
141.94.99.24,141.94.99.24,00000000000000000000000000000000000000000000000000000000000000,|||,|||,|||,|||,|||,|||,|||,|||,|||,|||
142.120.125.206,142.120.125.206,00000000000000000000000000000000000000000000000000000000000000,|||,|||,|||,|||,|||,|||,|||,|||,|||,|||
140.207.239.161,140.207.239.161,00000000000000000000000000000000000000000000000000000000000000,|||,|||,|||,|||,|||,|||,|||,|||,|||,|||
141.155.129.224,141.155.129.224,00000000000000000000000000000000000000000000000000000000000000,|||,|||,|||,|||,|||,|||,|||,|||,|||,|||
142.252.252.37,142.252.252.37,00000000000000000000000000000000000000000000000000000000000000,|||,|||,|||,|||,|||,|||,|||,|||,|||,|||
142.126.36.239,142.126.36.239,00000000000000000000000000000000000000000000000000000000000000,|||,|||,|||,|||,|||,|||,|||,|||,|||,|||
139.224.3.213,139.224.3.213,00000000000000000000000000000000000000000000000000000000000000,|||,|||,|||,|||,|||,|||,|||,|||,|||,|||
140.126.177.247,140.126.177.247,00000000000000000000000000000000000000000000000000000000000000,|||,|||,|||,|||,|||,|||,|||,|||,|||,|||
142.118.211.120,142.118.211.120,00000000000000000000000000000000000000000000000000000000000000,|||,|||,|||,|||,|||,|||,|||,|||,|||,|||
142.247.103.43,142.247.103.43,00000000000000000000000000000000000000000000000000000000000000,|||,|||,|||,|||,|||,|||,|||,|||,|||,|||
142.93.0.41,142.93.0.41,00000000000000000000000000000000000000000000000000000000000000,|||,|||,|||,|||,|||,|||,|||,|||,|||,|||
142.93.0.58,142.93.0.58,00000000000000000000000000000000000000000000000000000000000000,|||,|||,|||,|||,|||,|||,|||,|||,|||,|||
141.98.10.206,141.98.10.206,00000000000000000000000000000000000000000000000000000000000000,|||,|||,|||,|||,|||,|||,|||,|||,|||,|||
142.93.0.18,142.93.0.18,00000000000000000000000000000000000000000000000000000000000000,|||,|||,|||,|||,|||,|||,|||,|||,|||,|||
175.24.124.113,175.24.124.113,00000000000000000000000000000000000000000000000000000000000000,|||,|||,|||,|||,|||,|||,|||,|||,|||,|||
142.93.0.53,142.93.0.53,00000000000000000000000000000000000000000000000000000000000000,|||,|||,|||,|||,|||,|||,|||,|||,|||,|||
179.97.241.55,179.97.241.55,00000000000000000000000000000000000000000000000000000000000000,|||,|||,|||,|||,|||,|||,|||,|||,|||,|||
175.183.4.23,175.183.4.23,04b02b00004b04b04b04b02b04b04b9674c6b4e623ae36cc2d998e99e2262e,000a|0301||ff01-0023,0005|0301||ff01-0023,|||,000a|0301||ff01-0023,000a|0301||ff01-0023,000a|0301||ff01-0023,000a|0301||ff01-0023,0005|0301||ff01-0023,000a|0301||ff01-0023,000a|0301||ff01-0023
179.215.115.38,179.215.115.38,00000000000000000000000000000000000000000000000000000000000000,|||,|||,|||,|||,|||,|||,|||,|||,|||,|||
179.197.32.211,179.197.32.211,00000000000000000000000000000000000000000000000000000000000000,|||,|||,|||,|||,|||,|||,|||,|||,|||,|||
178.128.55.198,178.128.55.198,00000000000000000000000000000000000000000000000000000000000000,|||,|||,|||,|||,|||,|||,|||,|||,|||,|||
170.247.212.115,170.247.212.115,2ad2ad16d2ad2ad22c2ad2ad2ad2ad7e5e7dc6f569c9c16238278a408347ef,c030|0303|http/1.1|ff01-0000-000b-0023-0017-0010,c030|0303|http/1.0|ff01-0000-000b-0023-0017-0010,009f|0303|http/1.0|ff01-0000-0023-0017-0010,c030|0303|http/1.0|ff01-0000-000b-0023-0017-0010,c030|0303|http/1.0|ff01-0000-000b-0023-0017-0010,c014|0302|http/1.0|ff01-0000-000b-0023-0017-0010,c030|0303|http/1.1|ff01-0000-000b-0023-0017-0010,c030|0303|http/1.0|ff01-0000-000b-0023-0017-0010,c030|0303|http/1.0|ff01-0000-000b-0023-0017-0010,c030|0303|http/1.1|ff01-0000-000b-0023-0017-0010
142.93.176.9,142.93.176.9,00000000000000000000000000000000000000000000000000000000000000,|||,|||,|||,|||,|||,|||,|||,|||,|||,|||
179.104.42.163,179.104.42.163,00000000000000000000000000000000000000000000000000000000000000,|||,|||,|||,|||,|||,|||,|||,|||,|||,|||
179.60.141.4,179.60.141.4,00000000000000000000000000000000000000000000000000000000000000,|||,|||,|||,|||,|||,|||,|||,|||,|||,|||
179.208.132.204,179.208.132.204,00000000000000000000000000000000000000000000000000000000000000,|||,|||,|||,|||,|||,|||,|||,|||,|||,|||
179.60.127.234,179.60.127.234,00000000000000000000000000000000000000000000000000000000000000,|||,|||,|||,|||,|||,|||,|||,|||,|||,|||
175.24.206.131,175.24.206.131,29d29d00029d29d22c29d29d29d29d703dc1bf20eb9604decefea997eabff7,c02f|0303|http/1.1|ff01-0000-0001-000b-0023-0010-0017,c02f|0303|http/1.1|ff01-0000-0001-000b-0023-0010-0017,|||,c02f|0303|http/1.0|ff01-0000-0001-000b-0023-0010-0017,c02f|0303|http/1.0|ff01-0000-0001-000b-0023-0010-0017,c014|0302|http/1.1|ff01-0000-0001-000b-0023-0010-0017,c02f|0303|http/1.1|ff01-0000-0001-000b-0023-0010-0017,c02f|0303|http/1.1|ff01-0000-0001-000b-0023-0010-0017,c02f|0303|http/1.1|ff01-0000-0001-000b-0023-0010-0017,c02f|0303|http/1.1|ff01-0000-0001-000b-0023-0010-0017
142.93.173.133,142.93.173.133,00000000000000000000000000000000000000000000000000000000000000,|||,|||,|||,|||,|||,|||,|||,|||,|||,|||
142.93.45.143,142.93.45.143,00000000000000000000000000000000000000000000000000000000000000,|||,|||,|||,|||,|||,|||,|||,|||,|||,|||
142.93.163.114,142.93.163.114,00000000000000000000000000000000000000000000000000000000000000,|||,|||,|||,|||,|||,|||,|||,|||,|||,|||
142.132.136.58,142.132.136.58,00000000000000000000000000000000000000000000000000000000000000,|||,|||,|||,|||,|||,|||,|||,|||,|||,|||
175.24.184.69,175.24.184.69,07d2ad16d21d21d00042d41d00041de5fb3038104f457d92ba02e9311512c2,0033|0303||0001-0017-ff01,c030|0303||0001-0017-ff01,009f|0303||0001-0017-ff01,c013|0303||0001-0017-ff01,c013|0303||0001-0017-ff01,|||,1302|0303||002b-0033,1301|0303||002b-0033,|||,1301|0303||002b-0033
177.104.193.156,177.104.193.156,26d26d16d26d26d22c26d26d26d26dd7fc4c7c6ef19b77a4ca0787979cdc13,c028|0303||ff01,c028|0303||ff01,009f|0303||ff01,c028|0303||ff01,c028|0303||ff01,c014|0302||ff01,c028|0303||ff01,c028|0303||ff01,c028|0303||ff01,c028|0303||ff01
142.93.151.41,142.93.151.41,00000000000000000000000000000000000000000000000000000000000000,|||,|||,|||,|||,|||,|||,|||,|||,|||,|||
178.252.135.4,178.252.135.4,15d3fd16d29d29d00042d43d000000fbc10435df141b3459e26f69e76d5947,009e|0303|h2|ff01-0000-0001-0010-0017,cca8|0303|h2|ff01-0000-0001-000b-0010-0017,009f|0303|h2|ff01-0000-0001-0010-0017,c02f|0303||ff01-0000-0001-000b-0017,c02f|0303||ff01-0000-0001-000b-0017,|||,1302|0303||002b-0033,1303|0303||002b-0033,|||,|||
143.110.152.149,143.110.152.149,00000000000000000000000000000000000000000000000000000000000000,|||,|||,|||,|||,|||,|||,|||,|||,|||,|||
142.93.57.240,142.93.57.240,00000000000000000000000000000000000000000000000000000000000000,|||,|||,|||,|||,|||,|||,|||,|||,|||,|||
143.110.208.242,143.110.208.242,00000000000000000000000000000000000000000000000000000000000000,|||,|||,|||,|||,|||,|||,|||,|||,|||,|||
142.120.255.85,142.120.255.85,00000000000000000000000000000000000000000000000000000000000000,|||,|||,|||,|||,|||,|||,|||,|||,|||,|||
142.93.42.1,142.93.42.1,00000000000000000000000000000000000000000000000000000000000000,|||,|||,|||,|||,|||,|||,|||,|||,|||,|||
175.24.32.127,175.24.32.127,29d29d20d29d29d22c29d29d29d29d8e917db1de9d33002d70770504a55ef7,c02f|0303|http/1.1|0000-ff01-000b-0023-0010,c02f|0303|http/1.1|0000-ff01-000b-0023-0010,c012|0303|http/1.1|0000-ff01-000b-0023-0010,c02f|0303||0000-ff01-000b-0023,c02f|0303||0000-ff01-000b-0023,c014|0302|http/1.1|0000-ff01-000b-0023-0010,c02f|0303|http/1.1|0000-ff01-000b-0023-0010,c02f|0303|http/1.1|0000-ff01-000b-0023-0010,c02f|0303|http/1.1|0000-ff01-000b-0023-0010,c02f|0303|http/1.1|0000-ff01-000b-0023-0010
143.0.151.121,143.0.151.121,00000000000000000000000000000000000000000000000000000000000000,|||,|||,|||,|||,|||,|||,|||,|||,|||,|||
116.127.101.80,116.127.101.80,00000000000000000000000000000000000000000000000000000000000000,|||,|||,|||,|||,|||,|||,|||,|||,|||,|||
143.110.217.242,143.110.217.242,00000000000000000000000000000000000000000000000000000000000000,|||,|||,|||,|||,|||,|||,|||,|||,|||,|||
143.110.221.193,143.110.221.193,00000000000000000000000000000000000000000000000000000000000000,|||,|||,|||,|||,|||,|||,|||,|||,|||,|||
143.110.253.150,143.110.253.150,00000000000000000000000000000000000000000000000000000000000000,|||,|||,|||,|||,|||,|||,|||,|||,|||,|||
143.110.243.75,143.110.243.75,00000000000000000000000000000000000000000000000000000000000000,|||,|||,|||,|||,|||,|||,|||,|||,|||,|||
175.6.27.209,175.6.27.209,29d29d20d29d29d22c29d29d29d29d15a110e3e079cba2b9e84d88fe6e1939,c02f|0303||ff01-000b-0023,c02f|0303||ff01-000b-0023,c012|0303||ff01-000b-0023,c02f|0303||ff01-000b-0023,c02f|0303||ff01-000b-0023,c014|0302||ff01-000b-0023,c02f|0303||ff01-000b-0023,c02f|0303||ff01-000b-0023,c02f|0303||ff01-000b-0023,c02f|0303||ff01-000b-0023
143.110.218.187,143.110.218.187,00000000000000000000000000000000000000000000000000000000000000,|||,|||,|||,|||,|||,|||,|||,|||,|||,|||
143.137.67.81,143.137.67.81,00000000000000000000000000000000000000000000000000000000000000,|||,|||,|||,|||,|||,|||,|||,|||,|||,|||
143.137.12.14,143.137.12.14,00000000000000000000000000000000000000000000000000000000000000,|||,|||,|||,|||,|||,|||,|||,|||,|||,|||
143.198.105.37,143.198.105.37,00000000000000000000000000000000000000000000000000000000000000,|||,|||,|||,|||,|||,|||,|||,|||,|||,|||
143.198.107.198,143.198.107.198,00000000000000000000000000000000000000000000000000000000000000,|||,|||,|||,|||,|||,|||,|||,|||,|||,|||
175.24.32.106,175.24.32.106,00000000000000000000000000000000000000000000000000000000000000,|||,|||,|||,|||,|||,|||,|||,|||,|||,|||
142.93.220.31,142.93.220.31,00000000000000000000000000000000000000000000000000000000000000,|||,|||,|||,|||,|||,|||,|||,|||,|||,|||
140.210.21.32,140.210.21.32,00000000000000000000000000000000000000000000000000000000000000,|||,|||,|||,|||,|||,|||,|||,|||,|||,|||
159.223.139.87,159.223.139.87,00000000000000000000000000000000000000000000000000000000000000,|||,|||,|||,|||,|||,|||,|||,|||,|||,|||
177.47.194.102,177.47.194.102,2ad2ad16d2ad2ad22c42d42d0000006f254909a73bf62f6b28507e9fb451b5,c030|0303|http/1.1|ff01-0001-000b-0023-0010-0017,c030|0303|http/1.1|ff01-0001-000b-0023-0010-0017,009f|0303|http/1.1|ff01-0001-0023-0010-0017,c030|0303|http/1.1|ff01-0001-000b-0023-0010-0017,c030|0303|http/1.1|ff01-0001-000b-0023-0010-0017,c014|0302|http/1.1|ff01-0001-000b-0023-0010-0017,1302|0303||002b-0033,1302|0303||002b-0033,|||,|||
142.93.123.20,142.93.123.20,00000000000000000000000000000000000000000000000000000000000000,|||,|||,|||,|||,|||,|||,|||,|||,|||,|||
143.198.135.192,143.198.135.192,00000000000000000000000000000000000000000000000000000000000000,|||,|||,|||,|||,|||,|||,|||,|||,|||,|||
177.67.83.190,177.67.83.190,21d19d00021d21d21c42d43d000000624c0617d7b1f32125cdb5240cd23ec9,c013|0303||ff01-0000-0001-000b-0017,00c0|0303||ff01-0000-0001-0017,|||,c013|0303||ff01-0000-0001-000b-0017,c013|0303||ff01-0000-0001-000b-0017,c013|0302||ff01-0000-0001-000b-0017,1302|0303||002b-0033,1303|0303||002b-0033,|||,|||
143.198.234.134,143.198.234.134,00000000000000000000000000000000000000000000000000000000000000,|||,|||,|||,|||,|||,|||,|||,|||,|||,|||
143.198.69.13,143.198.69.13,00000000000000000000000000000000000000000000000000000000000000,|||,|||,|||,|||,|||,|||,|||,|||,|||,|||
143.198.186.238,143.198.186.238,00000000000000000000000000000000000000000000000000000000000000,|||,|||,|||,|||,|||,|||,|||,|||,|||,|||
143.198.114.253,143.198.114.253,00000000000000000000000000000000000000000000000000000000000000,|||,|||,|||,|||,|||,|||,|||,|||,|||,|||
143.198.43.130,143.198.43.130,00000000000000000000000000000000000000000000000000000000000000,|||,|||,|||,|||,|||,|||,|||,|||,|||,|||
143.198.36.18,143.198.36.18,00000000000000000000000000000000000000000000000000000000000000,|||,|||,|||,|||,|||,|||,|||,|||,|||,|||
143.198.96.13,143.198.96.13,00000000000000000000000000000000000000000000000000000000000000,|||,|||,|||,|||,|||,|||,|||,|||,|||,|||
143.198.238.162,143.198.238.162,00000000000000000000000000000000000000000000000000000000000000,|||,|||,|||,|||,|||,|||,|||,|||,|||,|||
143.198.72.219,143.198.72.219,00000000000000000000000000000000000000000000000000000000000000,|||,|||,|||,|||,|||,|||,|||,|||,|||,|||
143.198.43.118,143.198.43.118,00000000000000000000000000000000000000000000000000000000000000,|||,|||,|||,|||,|||,|||,|||,|||,|||,|||
177.71.170.189,177.71.170.189,21d19d00021d21d21c42d43d000000624c0617d7b1f32125cdb5240cd23ec9,c013|0303||ff01-0000-0001-000b-0017,00c0|0303||ff01-0000-0001-0017,|||,c013|0303||ff01-0000-0001-000b-0017,c013|0303||ff01-0000-0001-000b-0017,c013|0302||ff01-0000-0001-000b-0017,1302|0303||002b-0033,1303|0303||002b-0033,|||,|||
143.198.141.112,143.198.141.112,00000000000000000000000000000000000000000000000000000000000000,|||,|||,|||,|||,|||,|||,|||,|||,|||,|||
144.217.207.94,144.217.207.94,00000000000000000000000000000000000000000000000000000000000000,|||,|||,|||,|||,|||,|||,|||,|||,|||,|||
144.172.118.37,144.172.118.37,00000000000000000000000000000000000000000000000000000000000000,|||,|||,|||,|||,|||,|||,|||,|||,|||,|||
144.22.237.30,144.22.237.30,00000000000000000000000000000000000000000000000000000000000000,|||,|||,|||,|||,|||,|||,|||,|||,|||,|||
177.67.83.242,177.67.83.242,07d14d16d21d21d07c07d14d07d21d4e7f7ac134bbd10bac5c3afae8303e5e,0033|0303||ff01-0000-0017,009d|0303||ff01-0000-0017,009f|0303||ff01-0000-0017,c013|0303||ff01-0000-000b-0017,c013|0303||ff01-0000-000b-0017,0033|0302||ff01-0000-0017,0033|0303||ff01-0000-0017,009d|0303||ff01-0000-0017,0033|0303||ff01-0000-0017,c013|0303||ff01-0000-000b-0017
177.67.82.119,177.67.82.119,21d19d00021d21d21c42d43d000000624c0617d7b1f32125cdb5240cd23ec9,c013|0303||ff01-0000-0001-000b-0017,00c0|0303||ff01-0000-0001-0017,|||,c013|0303||ff01-0000-0001-000b-0017,c013|0303||ff01-0000-0001-000b-0017,c013|0302||ff01-0000-0001-000b-0017,1302|0303||002b-0033,1303|0303||002b-0033,|||,|||
144.126.214.221,144.126.214.221,00000000000000000000000000000000000000000000000000000000000000,|||,|||,|||,|||,|||,|||,|||,|||,|||,|||
143.244.183.129,143.244.183.129,00000000000000000000000000000000000000000000000000000000000000,|||,|||,|||,|||,|||,|||,|||,|||,|||,|||
143.92.63.138,143.92.63.138,00000000000000000000000000000000000000000000000000000000000000,|||,|||,|||,|||,|||,|||,|||,|||,|||,|||
179.60.127.106,179.60.127.106,00000000000000000000000000000000000000000000000000000000000000,|||,|||,|||,|||,|||,|||,|||,|||,|||,|||
143.255.34.236,143.255.34.236,00000000000000000000000000000000000000000000000000000000000000,|||,|||,|||,|||,|||,|||,|||,|||,|||,|||
143.244.139.21,143.244.139.21,00000000000000000000000000000000000000000000000000000000000000,|||,|||,|||,|||,|||,|||,|||,|||,|||,|||
143.92.58.78,143.92.58.78,00000000000000000000000000000000000000000000000000000000000000,|||,|||,|||,|||,|||,|||,|||,|||,|||,|||
143.244.166.13,143.244.166.13,00000000000000000000000000000000000000000000000000000000000000,|||,|||,|||,|||,|||,|||,|||,|||,|||,|||
177.67.82.103,177.67.82.103,21d19d00021d21d21c42d43d000000624c0617d7b1f32125cdb5240cd23ec9,c013|0303||ff01-0000-0001-000b-0017,00c0|0303||ff01-0000-0001-0017,|||,c013|0303||ff01-0000-0001-000b-0017,c013|0303||ff01-0000-0001-000b-0017,c013|0302||ff01-0000-0001-000b-0017,1302|0303||002b-0033,1303|0303||002b-0033,|||,|||
145.82.76.39,145.82.76.39,00000000000000000000000000000000000000000000000000000000000000,|||,|||,|||,|||,|||,|||,|||,|||,|||,|||
180.214.181.8,180.214.181.8,00000000000000000000000000000000000000000000000000000000000000,|||,|||,|||,|||,|||,|||,|||,|||,|||,|||
145.255.202.115,145.255.202.115,00000000000000000000000000000000000000000000000000000000000000,|||,|||,|||,|||,|||,|||,|||,|||,|||,|||
143.244.180.122,143.244.180.122,00000000000000000000000000000000000000000000000000000000000000,|||,|||,|||,|||,|||,|||,|||,|||,|||,|||
180.178.38.170,180.178.38.170,00000000000000000000000000000000000000000000000000000000000000,|||,|||,|||,|||,|||,|||,|||,|||,|||,|||
143.92.63.184,143.92.63.184,00000000000000000000000000000000000000000000000000000000000000,|||,|||,|||,|||,|||,|||,|||,|||,|||,|||
144.91.112.164,144.91.112.164,00000000000000000000000000000000000000000000000000000000000000,|||,|||,|||,|||,|||,|||,|||,|||,|||,|||
113.59.224.45,113.59.224.45,00000000000000000000000000000000000000000000000000000000000000,|||,|||,|||,|||,|||,|||,|||,|||,|||,|||
144.255.65.144,144.255.65.144,00000000000000000000000000000000000000000000000000000000000000,|||,|||,|||,|||,|||,|||,|||,|||,|||,|||
178.128.119.60,178.128.119.60,3fd3fd15d3fd3fd00042d42d00000061256d32ed7779c14686ad100544dc8d,cca8|0303|http/1.1|ff01-0001-000b-0023-0010-0017,cca8|0303|http/1.1|ff01-0001-000b-0023-0010-0017,009e|0303|http/1.1|ff01-0001-0023-0010-0017,cca8|0303|http/1.1|ff01-0001-000b-0023-0010-0017,cca8|0303|http/1.1|ff01-0001-000b-0023-0010-0017,|||,1302|0303||002b-0033,1302|0303||002b-0033,|||,|||
146.20.224.3,146.20.224.3,00000000000000000000000000000000000000000000000000000000000000,|||,|||,|||,|||,|||,|||,|||,|||,|||,|||
180.215.192.146,180.215.192.146,00000000000000000000000000000000000000000000000000000000000000,|||,|||,|||,|||,|||,|||,|||,|||,|||,|||
181.215.246.173,181.215.246.173,00000000000000000000000000000000000000000000000000000000000000,|||,|||,|||,|||,|||,|||,|||,|||,|||,|||
144.22.238.204,144.22.238.204,00000000000000000000000000000000000000000000000000000000000000,|||,|||,|||,|||,|||,|||,|||,|||,|||,|||
143.92.63.198,143.92.63.198,00000000000000000000000000000000000000000000000000000000000000,|||,|||,|||,|||,|||,|||,|||,|||,|||,|||
180.252.222.47,180.252.222.47,00000000000000000000000000000000000000000000000000000000000000,|||,|||,|||,|||,|||,|||,|||,|||,|||,|||
146.56.207.102,146.56.207.102,00000000000000000000000000000000000000000000000000000000000000,|||,|||,|||,|||,|||,|||,|||,|||,|||,|||
146.88.240.4,146.88.240.4,00000000000000000000000000000000000000000000000000000000000000,|||,|||,|||,|||,|||,|||,|||,|||,|||,|||
177.67.4.131,177.67.4.131,2ad2ad16d00000022c2ad2ad2ad2adbc07bc352a188303b518c8a273c71220,c030|0303|h2|0010-0017-ff01,c030|0303|h2|0010-0017-ff01,009f|0303|h2|0010-0017-ff01,|||,|||,c014|0302|h2|0010-0017-ff01,c030|0303|h2|0010-0017-ff01,c030|0303|h2|0010-0017-ff01,c030|0303|h2|0010-0017-ff01,c030|0303|h2|0010-0017-ff01
178.128.88.244,178.128.88.244,3fd3fd15d3fd3fd21c42d42d0000006f254909a73bf62f6b28507e9fb451b5,cca8|0303|http/1.1|ff01-0001-000b-0023-0010-0017,cca8|0303|http/1.1|ff01-0001-000b-0023-0010-0017,009e|0303|http/1.1|ff01-0001-0023-0010-0017,cca8|0303|http/1.1|ff01-0001-000b-0023-0010-0017,cca8|0303|http/1.1|ff01-0001-000b-0023-0010-0017,c013|0302|http/1.1|ff01-0001-000b-0023-0010-0017,1302|0303||002b-0033,1302|0303||002b-0033,|||,|||
180.76.115.61,180.76.115.61,00000000000000000000000000000000000000000000000000000000000000,|||,|||,|||,|||,|||,|||,|||,|||,|||,|||
145.128.235.166,145.128.235.166,00000000000000000000000000000000000000000000000000000000000000,|||,|||,|||,|||,|||,|||,|||,|||,|||,|||
147.135.65.26,147.135.65.26,00000000000000000000000000000000000000000000000000000000000000,|||,|||,|||,|||,|||,|||,|||,|||,|||,|||
180.247.252.252,180.247.252.252,00000000000000000000000000000000000000000000000000000000000000,|||,|||,|||,|||,|||,|||,|||,|||,|||,|||
180.76.168.19,180.76.168.19,00000000000000000000000000000000000000000000000000000000000000,|||,|||,|||,|||,|||,|||,|||,|||,|||,|||
181.48.46.107,181.48.46.107,00000000000000000000000000000000000000000000000000000000000000,|||,|||,|||,|||,|||,|||,|||,|||,|||,|||
180.76.178.192,180.76.178.192,00000000000000000000000000000000000000000000000000000000000000,|||,|||,|||,|||,|||,|||,|||,|||,|||,|||
180.76.50.175,180.76.50.175,00000000000000000000000000000000000000000000000000000000000000,|||,|||,|||,|||,|||,|||,|||,|||,|||,|||
180.76.240.8,180.76.240.8,00000000000000000000000000000000000000000000000000000000000000,|||,|||,|||,|||,|||,|||,|||,|||,|||,|||
180.180.235.188,180.180.235.188,00000000000000000000000000000000000000000000000000000000000000,|||,|||,|||,|||,|||,|||,|||,|||,|||,|||
181.174.60.2,181.174.60.2,00000000000000000000000000000000000000000000000000000000000000,|||,|||,|||,|||,|||,|||,|||,|||,|||,|||
181.188.105.127,181.188.105.127,00000000000000000000000000000000000000000000000000000000000000,|||,|||,|||,|||,|||,|||,|||,|||,|||,|||
177.5.211.98,177.5.211.98,2ad2ad16d00000022c2ad2ad2ad2adbc07bc352a188303b518c8a273c71220,c030|0303|h2|0010-0017-ff01,c030|0303|h2|0010-0017-ff01,009f|0303|h2|0010-0017-ff01,|||,|||,c014|0302|h2|0010-0017-ff01,c030|0303|h2|0010-0017-ff01,c030|0303|h2|0010-0017-ff01,c030|0303|h2|0010-0017-ff01,c030|0303|h2|0010-0017-ff01
181.48.160.182,181.48.160.182,00000000000000000000000000000000000000000000000000000000000000,|||,|||,|||,|||,|||,|||,|||,|||,|||,|||
147.182.148.109,147.182.148.109,00000000000000000000000000000000000000000000000000000000000000,|||,|||,|||,|||,|||,|||,|||,|||,|||,|||
146.88.240.248,146.88.240.248,00000000000000000000000000000000000000000000000000000000000000,|||,|||,|||,|||,|||,|||,|||,|||,|||,|||
147.182.146.234,147.182.146.234,00000000000000000000000000000000000000000000000000000000000000,|||,|||,|||,|||,|||,|||,|||,|||,|||,|||
180.180.157.78,180.180.157.78,00000000000000000000000000000000000000000000000000000000000000,|||,|||,|||,|||,|||,|||,|||,|||,|||,|||
147.12.129.102,147.12.129.102,00000000000000000000000000000000000000000000000000000000000000,|||,|||,|||,|||,|||,|||,|||,|||,|||,|||
146.56.178.46,146.56.178.46,00000000000000000000000000000000000000000000000000000000000000,|||,|||,|||,|||,|||,|||,|||,|||,|||,|||
180.76.231.209,180.76.231.209,00000000000000000000000000000000000000000000000000000000000000,|||,|||,|||,|||,|||,|||,|||,|||,|||,|||
147.182.150.203,147.182.150.203,00000000000000000000000000000000000000000000000000000000000000,|||,|||,|||,|||,|||,|||,|||,|||,|||,|||
147.182.150.76,147.182.150.76,00000000000000000000000000000000000000000000000000000000000000,|||,|||,|||,|||,|||,|||,|||,|||,|||,|||
147.182.146.210,147.182.146.210,00000000000000000000000000000000000000000000000000000000000000,|||,|||,|||,|||,|||,|||,|||,|||,|||,|||
146.56.116.217,146.56.116.217,00000000000000000000000000000000000000000000000000000000000000,|||,|||,|||,|||,|||,|||,|||,|||,|||,|||
180.76.186.168,180.76.186.168,00000000000000000000000000000000000000000000000000000000000000,|||,|||,|||,|||,|||,|||,|||,|||,|||,|||
147.182.154.125,147.182.154.125,00000000000000000000000000000000000000000000000000000000000000,|||,|||,|||,|||,|||,|||,|||,|||,|||,|||
147.182.150.93,147.182.150.93,00000000000000000000000000000000000000000000000000000000000000,|||,|||,|||,|||,|||,|||,|||,|||,|||,|||
180.76.96.207,180.76.96.207,00000000000000000000000000000000000000000000000000000000000000,|||,|||,|||,|||,|||,|||,|||,|||,|||,|||
180.180.146.18,180.180.146.18,00000000000000000000000000000000000000000000000000000000000000,|||,|||,|||,|||,|||,|||,|||,|||,|||,|||
147.182.158.82,147.182.158.82,00000000000000000000000000000000000000000000000000000000000000,|||,|||,|||,|||,|||,|||,|||,|||,|||,|||
147.182.150.84,147.182.150.84,00000000000000000000000000000000000000000000000000000000000000,|||,|||,|||,|||,|||,|||,|||,|||,|||,|||
147.182.158.221,147.182.158.221,00000000000000000000000000000000000000000000000000000000000000,|||,|||,|||,|||,|||,|||,|||,|||,|||,|||
147.182.154.74,147.182.154.74,00000000000000000000000000000000000000000000000000000000000000,|||,|||,|||,|||,|||,|||,|||,|||,|||,|||
147.182.154.78,147.182.154.78,00000000000000000000000000000000000000000000000000000000000000,|||,|||,|||,|||,|||,|||,|||,|||,|||,|||
147.182.158.100,147.182.158.100,00000000000000000000000000000000000000000000000000000000000000,|||,|||,|||,|||,|||,|||,|||,|||,|||,|||
181.188.192.218,181.188.192.218,00000000000000000000000000000000000000000000000000000000000000,|||,|||,|||,|||,|||,|||,|||,|||,|||,|||
181.57.167.193,181.57.167.193,00000000000000000000000000000000000000000000000000000000000000,|||,|||,|||,|||,|||,|||,|||,|||,|||,|||
147.182.150.112,147.182.150.112,00000000000000000000000000000000000000000000000000000000000000,|||,|||,|||,|||,|||,|||,|||,|||,|||,|||
147.182.158.29,147.182.158.29,00000000000000000000000000000000000000000000000000000000000000,|||,|||,|||,|||,|||,|||,|||,|||,|||,|||
181.48.170.146,181.48.170.146,00000000000000000000000000000000000000000000000000000000000000,|||,|||,|||,|||,|||,|||,|||,|||,|||,|||
147.182.176.69,147.182.176.69,00000000000000000000000000000000000000000000000000000000000000,|||,|||,|||,|||,|||,|||,|||,|||,|||,|||
147.182.138.15,147.182.138.15,00000000000000000000000000000000000000000000000000000000000000,|||,|||,|||,|||,|||,|||,|||,|||,|||,|||
182.237.9.88,182.237.9.88,00000000000000000000000000000000000000000000000000000000000000,|||,|||,|||,|||,|||,|||,|||,|||,|||,|||
147.182.221.10,147.182.221.10,00000000000000000000000000000000000000000000000000000000000000,|||,|||,|||,|||,|||,|||,|||,|||,|||,|||
147.182.204.214,147.182.204.214,00000000000000000000000000000000000000000000000000000000000000,|||,|||,|||,|||,|||,|||,|||,|||,|||,|||
147.182.175.21,147.182.175.21,00000000000000000000000000000000000000000000000000000000000000,|||,|||,|||,|||,|||,|||,|||,|||,|||,|||
147.182.208.239,147.182.208.239,00000000000000000000000000000000000000000000000000000000000000,|||,|||,|||,|||,|||,|||,|||,|||,|||,|||
149.241.55.70,149.241.55.70,00000000000000000000000000000000000000000000000000000000000000,|||,|||,|||,|||,|||,|||,|||,|||,|||,|||
147.203.255.20,147.203.255.20,00000000000000000000000000000000000000000000000000000000000000,|||,|||,|||,|||,|||,|||,|||,|||,|||,|||
148.70.14.215,148.70.14.215,00000000000000000000000000000000000000000000000000000000000000,|||,|||,|||,|||,|||,|||,|||,|||,|||,|||
180.177.76.4,180.177.76.4,00000000000000000000000000000000000000000000000000000000000000,|||,|||,|||,|||,|||,|||,|||,|||,|||,|||
129.28.157.130,129.28.157.130,2ad2ad16d2ad2ad22c42d42d00000078e356c38fb85055d97a8bed930c8956,c030|0303|h2|ff01-0001-000b-0023-0010-0017,c030|0303|h2|ff01-0001-000b-0023-0010-0017,009f|0303|h2|ff01-0001-0023-0010-0017,c030|0303|http/1.1|ff01-0001-000b-0023-0010-0017,c030|0303|http/1.1|ff01-0001-000b-0023-0010-0017,c014|0302|http/1.1|ff01-0001-000b-0023-0010-0017,1302|0303||002b-0033,1302|0303||002b-0033,|||,|||
147.182.204.40,147.182.204.40,00000000000000000000000000000000000000000000000000000000000000,|||,|||,|||,|||,|||,|||,|||,|||,|||,|||
147.30.42.161,147.30.42.161,00000000000000000000000000000000000000000000000000000000000000,|||,|||,|||,|||,|||,|||,|||,|||,|||,|||
147.182.251.53,147.182.251.53,00000000000000000000000000000000000000000000000000000000000000,|||,|||,|||,|||,|||,|||,|||,|||,|||,|||
180.218.16.136,180.218.16.136,00000000000000000000000000000000000000000000000000000000000000,|||,|||,|||,|||,|||,|||,|||,|||,|||,|||
149.28.92.254,149.28.92.254,00000000000000000000000000000000000000000000000000000000000000,|||,|||,|||,|||,|||,|||,|||,|||,|||,|||
148.64.74.214,148.64.74.214,00000000000000000000000000000000000000000000000000000000000000,|||,|||,|||,|||,|||,|||,|||,|||,|||,|||
149.3.73.242,149.3.73.242,00000000000000000000000000000000000000000000000000000000000000,|||,|||,|||,|||,|||,|||,|||,|||,|||,|||
180.218.212.209,180.218.212.209,00000000000000000000000000000000000000000000000000000000000000,|||,|||,|||,|||,|||,|||,|||,|||,|||,|||
149.28.123.170,149.28.123.170,00000000000000000000000000000000000000000000000000000000000000,|||,|||,|||,|||,|||,|||,|||,|||,|||,|||
181.13.218.52,181.13.218.52,00000000000000000000000000000000000000000000000000000000000000,|||,|||,|||,|||,|||,|||,|||,|||,|||,|||
180.76.38.101,180.76.38.101,00000000000000000000000000000000000000000000000000000000000000,|||,|||,|||,|||,|||,|||,|||,|||,|||,|||
180.76.38.247,180.76.38.247,00000000000000000000000000000000000000000000000000000000000000,|||,|||,|||,|||,|||,|||,|||,|||,|||,|||
180.76.36.184,180.76.36.184,00000000000000000000000000000000000000000000000000000000000000,|||,|||,|||,|||,|||,|||,|||,|||,|||,|||
181.217.189.189,181.217.189.189,00000000000000000000000000000000000000000000000000000000000000,|||,|||,|||,|||,|||,|||,|||,|||,|||,|||
182.53.202.184,182.53.202.184,00000000000000000000000000000000000000000000000000000000000000,|||,|||,|||,|||,|||,|||,|||,|||,|||,|||
150.136.95.118,150.136.95.118,00000000000000000000000000000000000000000000000000000000000000,|||,|||,|||,|||,|||,|||,|||,|||,|||,|||
149.56.95.95,149.56.95.95,00000000000000000000000000000000000000000000000000000000000000,|||,|||,|||,|||,|||,|||,|||,|||,|||,|||
150.158.156.238,150.158.156.238,00000000000000000000000000000000000000000000000000000000000000,|||,|||,|||,|||,|||,|||,|||,|||,|||,|||
150.139.223.182,150.139.223.182,00000000000000000000000000000000000000000000000000000000000000,|||,|||,|||,|||,|||,|||,|||,|||,|||,|||
180.225.98.236,180.225.98.236,00000000000000000000000000000000000000000000000000000000000000,|||,|||,|||,|||,|||,|||,|||,|||,|||,|||
148.70.171.31,148.70.171.31,00000000000000000000000000000000000000000000000000000000000000,|||,|||,|||,|||,|||,|||,|||,|||,|||,|||
181.212.6.146,181.212.6.146,00000000000000000000000000000000000000000000000000000000000000,|||,|||,|||,|||,|||,|||,|||,|||,|||,|||
180.232.99.46,180.232.99.46,00000000000000000000000000000000000000000000000000000000000000,|||,|||,|||,|||,|||,|||,|||,|||,|||,|||
181.13.146.48,181.13.146.48,00000000000000000000000000000000000000000000000000000000000000,|||,|||,|||,|||,|||,|||,|||,|||,|||,|||
150.138.92.184,150.138.92.184,00000000000000000000000000000000000000000000000000000000000000,|||,|||,|||,|||,|||,|||,|||,|||,|||,|||
150.158.193.126,150.158.193.126,00000000000000000000000000000000000000000000000000000000000000,|||,|||,|||,|||,|||,|||,|||,|||,|||,|||
185.142.236.34,185.142.236.34,00000000000000000000000000000000000000000000000000000000000000,|||,|||,|||,|||,|||,|||,|||,|||,|||,|||
150.158.30.249,150.158.30.249,00000000000000000000000000000000000000000000000000000000000000,|||,|||,|||,|||,|||,|||,|||,|||,|||,|||
151.177.78.167,151.177.78.167,00000000000000000000000000000000000000000000000000000000000000,|||,|||,|||,|||,|||,|||,|||,|||,|||,|||
185.142.236.35,185.142.236.35,00000000000000000000000000000000000000000000000000000000000000,|||,|||,|||,|||,|||,|||,|||,|||,|||,|||
182.180.101.122,182.180.101.122,00000000000000000000000000000000000000000000000000000000000000,|||,|||,|||,|||,|||,|||,|||,|||,|||,|||
181.117.210.16,181.117.210.16,00000000000000000000000000000000000000000000000000000000000000,|||,|||,|||,|||,|||,|||,|||,|||,|||,|||
185.142.236.36,185.142.236.36,00000000000000000000000000000000000000000000000000000000000000,|||,|||,|||,|||,|||,|||,|||,|||,|||,|||
185.142.236.38,185.142.236.38,00000000000000000000000000000000000000000000000000000000000000,|||,|||,|||,|||,|||,|||,|||,|||,|||,|||
180.92.238.71,180.92.238.71,00000000000000000000000000000000000000000000000000000000000000,|||,|||,|||,|||,|||,|||,|||,|||,|||,|||
181.36.41.165,181.36.41.165,00000000000000000000000000000000000000000000000000000000000000,|||,|||,|||,|||,|||,|||,|||,|||,|||,|||
150.158.33.131,150.158.33.131,00000000000000000000000000000000000000000000000000000000000000,|||,|||,|||,|||,|||,|||,|||,|||,|||,|||
150.158.22.172,150.158.22.172,00000000000000000000000000000000000000000000000000000000000000,|||,|||,|||,|||,|||,|||,|||,|||,|||,|||
181.46.15.165,181.46.15.165,00000000000000000000000000000000000000000000000000000000000000,|||,|||,|||,|||,|||,|||,|||,|||,|||,|||
180.76.160.121,180.76.160.121,00000000000000000000000000000000000000000000000000000000000000,|||,|||,|||,|||,|||,|||,|||,|||,|||,|||
181.13.10.28,181.13.10.28,00000000000000000000000000000000000000000000000000000000000000,|||,|||,|||,|||,|||,|||,|||,|||,|||,|||
185.156.73.12,185.156.73.12,00000000000000000000000000000000000000000000000000000000000000,|||,|||,|||,|||,|||,|||,|||,|||,|||,|||
150.158.99.122,150.158.99.122,00000000000000000000000000000000000000000000000000000000000000,|||,|||,|||,|||,|||,|||,|||,|||,|||,|||
179.185.73.194,179.185.73.194,05d02d20d21d20d05c05d02d05d20d74fcf6501ae7a92319e575bfafd2a827,0016|0303||ff01-0023,0005|0303||ff01-0023,c012|0303||ff01-000b-0023,c013|0303||ff01-000b-0023,c012|0303||ff01-000b-0023,0016|0302||ff01-0023,0016|0303||ff01-0023,0005|0303||ff01-0023,0016|0303||ff01-0023,c012|0303||ff01-000b-0023
150.158.48.138,150.158.48.138,00000000000000000000000000000000000000000000000000000000000000,|||,|||,|||,|||,|||,|||,|||,|||,|||,|||
151.0.52.113,151.0.52.113,00000000000000000000000000000000000000000000000000000000000000,|||,|||,|||,|||,|||,|||,|||,|||,|||,|||
180.76.118.254,180.76.118.254,00000000000000000000000000000000000000000000000000000000000000,|||,|||,|||,|||,|||,|||,|||,|||,|||,|||
151.243.132.220,151.243.132.220,00000000000000000000000000000000000000000000000000000000000000,|||,|||,|||,|||,|||,|||,|||,|||,|||,|||
181.30.39.64,181.30.39.64,00000000000000000000000000000000000000000000000000000000000000,|||,|||,|||,|||,|||,|||,|||,|||,|||,|||
151.177.81.31,151.177.81.31,00000000000000000000000000000000000000000000000000000000000000,|||,|||,|||,|||,|||,|||,|||,|||,|||,|||
150.158.42.43,150.158.42.43,00000000000000000000000000000000000000000000000000000000000000,|||,|||,|||,|||,|||,|||,|||,|||,|||,|||
185.142.55.200,185.142.55.200,00000000000000000000000000000000000000000000000000000000000000,|||,|||,|||,|||,|||,|||,|||,|||,|||,|||
150.158.76.200,150.158.76.200,00000000000000000000000000000000000000000000000000000000000000,|||,|||,|||,|||,|||,|||,|||,|||,|||,|||
182.61.136.227,182.61.136.227,00000000000000000000000000000000000000000000000000000000000000,|||,|||,|||,|||,|||,|||,|||,|||,|||,|||
182.92.166.95,182.92.166.95,00000000000000000000000000000000000000000000000000000000000000,|||,|||,|||,|||,|||,|||,|||,|||,|||,|||
180.76.185.144,180.76.185.144,00000000000000000000000000000000000000000000000000000000000000,|||,|||,|||,|||,|||,|||,|||,|||,|||,|||
185.142.55.149,185.142.55.149,00000000000000000000000000000000000000000000000000000000000000,|||,|||,|||,|||,|||,|||,|||,|||,|||,|||
185.136.205.67,185.136.205.67,00000000000000000000000000000000000000000000000000000000000000,|||,|||,|||,|||,|||,|||,|||,|||,|||,|||
151.225.113.198,151.225.113.198,00000000000000000000000000000000000000000000000000000000000000,|||,|||,|||,|||,|||,|||,|||,|||,|||,|||
150.158.75.223,150.158.75.223,00000000000000000000000000000000000000000000000000000000000000,|||,|||,|||,|||,|||,|||,|||,|||,|||,|||
185.162.235.167,185.162.235.167,00000000000000000000000000000000000000000000000000000000000000,|||,|||,|||,|||,|||,|||,|||,|||,|||,|||
181.120.29.40,181.120.29.40,00000000000000000000000000000000000000000000000000000000000000,|||,|||,|||,|||,|||,|||,|||,|||,|||,|||
182.61.47.63,182.61.47.63,00000000000000000000000000000000000000000000000000000000000000,|||,|||,|||,|||,|||,|||,|||,|||,|||,|||
182.61.41.183,182.61.41.183,00000000000000000000000000000000000000000000000000000000000000,|||,|||,|||,|||,|||,|||,|||,|||,|||,|||
180.76.108.48,180.76.108.48,00000000000000000000000000000000000000000000000000000000000000,|||,|||,|||,|||,|||,|||,|||,|||,|||,|||
182.61.35.150,182.61.35.150,00000000000000000000000000000000000000000000000000000000000000,|||,|||,|||,|||,|||,|||,|||,|||,|||,|||
182.61.16.254,182.61.16.254,00000000000000000000000000000000000000000000000000000000000000,|||,|||,|||,|||,|||,|||,|||,|||,|||,|||
168.138.129.187,168.138.129.187,00000000000000000000000000000000000000000000000000000000000000,|||,|||,|||,|||,|||,|||,|||,|||,|||,|||
180.76.51.120,180.76.51.120,00000000000000000000000000000000000000000000000000000000000000,|||,|||,|||,|||,|||,|||,|||,|||,|||,|||
151.236.222.179,151.236.222.179,00000000000000000000000000000000000000000000000000000000000000,|||,|||,|||,|||,|||,|||,|||,|||,|||,|||
151.106.18.140,151.106.18.140,00000000000000000000000000000000000000000000000000000000000000,|||,|||,|||,|||,|||,|||,|||,|||,|||,|||
180.76.188.16,180.76.188.16,00000000000000000000000000000000000000000000000000000000000000,|||,|||,|||,|||,|||,|||,|||,|||,|||,|||
151.177.98.87,151.177.98.87,00000000000000000000000000000000000000000000000000000000000000,|||,|||,|||,|||,|||,|||,|||,|||,|||,|||
182.61.48.20,182.61.48.20,00000000000000000000000000000000000000000000000000000000000000,|||,|||,|||,|||,|||,|||,|||,|||,|||,|||
150.230.148.50,150.230.148.50,00000000000000000000000000000000000000000000000000000000000000,|||,|||,|||,|||,|||,|||,|||,|||,|||,|||
185.151.240.144,185.151.240.144,00000000000000000000000000000000000000000000000000000000000000,|||,|||,|||,|||,|||,|||,|||,|||,|||,|||
150.158.98.10,150.158.98.10,00000000000000000000000000000000000000000000000000000000000000,|||,|||,|||,|||,|||,|||,|||,|||,|||,|||
185.162.235.21,185.162.235.21,00000000000000000000000000000000000000000000000000000000000000,|||,|||,|||,|||,|||,|||,|||,|||,|||,|||
185.162.235.134,185.162.235.134,00000000000000000000000000000000000000000000000000000000000000,|||,|||,|||,|||,|||,|||,|||,|||,|||,|||
185.163.110.104,185.163.110.104,00000000000000000000000000000000000000000000000000000000000000,|||,|||,|||,|||,|||,|||,|||,|||,|||,|||
185.162.235.131,185.162.235.131,00000000000000000000000000000000000000000000000000000000000000,|||,|||,|||,|||,|||,|||,|||,|||,|||,|||
182.61.46.103,182.61.46.103,00000000000000000000000000000000000000000000000000000000000000,|||,|||,|||,|||,|||,|||,|||,|||,|||,|||
150.158.148.52,150.158.148.52,00000000000000000000000000000000000000000000000000000000000000,|||,|||,|||,|||,|||,|||,|||,|||,|||,|||
182.92.97.73,182.92.97.73,00000000000000000000000000000000000000000000000000000000000000,|||,|||,|||,|||,|||,|||,|||,|||,|||,|||
185.163.110.101,185.163.110.101,00000000000000000000000000000000000000000000000000000000000000,|||,|||,|||,|||,|||,|||,|||,|||,|||,|||
150.107.74.242,150.107.74.242,00000000000000000000000000000000000000000000000000000000000000,|||,|||,|||,|||,|||,|||,|||,|||,|||,|||
181.171.106.82,181.171.106.82,00000000000000000000000000000000000000000000000000000000000000,|||,|||,|||,|||,|||,|||,|||,|||,|||,|||
178.128.206.34,178.128.206.34,3fd3fd15d3fd3fd21c42d42d0000006f254909a73bf62f6b28507e9fb451b5,cca8|0303|http/1.1|ff01-0001-000b-0023-0010-0017,cca8|0303|http/1.1|ff01-0001-000b-0023-0010-0017,009e|0303|http/1.1|ff01-0001-0023-0010-0017,cca8|0303|http/1.1|ff01-0001-000b-0023-0010-0017,cca8|0303|http/1.1|ff01-0001-000b-0023-0010-0017,c013|0302|http/1.1|ff01-0001-000b-0023-0010-0017,1302|0303||002b-0033,1302|0303||002b-0033,|||,|||
182.92.114.71,182.92.114.71,00000000000000000000000000000000000000000000000000000000000000,|||,|||,|||,|||,|||,|||,|||,|||,|||,|||
185.156.73.122,185.156.73.122,00000000000000000000000000000000000000000000000000000000000000,|||,|||,|||,|||,|||,|||,|||,|||,|||,|||
182.92.165.55,182.92.165.55,00000000000000000000000000000000000000000000000000000000000000,|||,|||,|||,|||,|||,|||,|||,|||,|||,|||
182.61.50.219,182.61.50.219,00000000000000000000000000000000000000000000000000000000000000,|||,|||,|||,|||,|||,|||,|||,|||,|||,|||
149.3.124.223,149.3.124.223,00000000000000000000000000000000000000000000000000000000000000,|||,|||,|||,|||,|||,|||,|||,|||,|||,|||
185.163.110.123,185.163.110.123,00000000000000000000000000000000000000000000000000000000000000,|||,|||,|||,|||,|||,|||,|||,|||,|||,|||
182.92.230.165,182.92.230.165,00000000000000000000000000000000000000000000000000000000000000,|||,|||,|||,|||,|||,|||,|||,|||,|||,|||
185.167.96.217,185.167.96.217,00000000000000000000000000000000000000000000000000000000000000,|||,|||,|||,|||,|||,|||,|||,|||,|||,|||
185.163.110.117,185.163.110.117,00000000000000000000000000000000000000000000000000000000000000,|||,|||,|||,|||,|||,|||,|||,|||,|||,|||
180.76.60.67,180.76.60.67,00000000000000000000000000000000000000000000000000000000000000,|||,|||,|||,|||,|||,|||,|||,|||,|||,|||
185.162.235.240,185.162.235.240,00000000000000000000000000000000000000000000000000000000000000,|||,|||,|||,|||,|||,|||,|||,|||,|||,|||
185.167.96.146,185.167.96.146,00000000000000000000000000000000000000000000000000000000000000,|||,|||,|||,|||,|||,|||,|||,|||,|||,|||
146.4.100.50,146.4.100.50,00000000000000000000000000000000000000000000000000000000000000,|||,|||,|||,|||,|||,|||,|||,|||,|||,|||
185.165.151.1,185.165.151.1,00000000000000000000000000000000000000000000000000000000000000,|||,|||,|||,|||,|||,|||,|||,|||,|||,|||
185.163.110.78,185.163.110.78,00000000000000000000000000000000000000000000000000000000000000,|||,|||,|||,|||,|||,|||,|||,|||,|||,|||
185.163.110.110,185.163.110.110,00000000000000000000000000000000000000000000000000000000000000,|||,|||,|||,|||,|||,|||,|||,|||,|||,|||
185.163.110.109,185.163.110.109,00000000000000000000000000000000000000000000000000000000000000,|||,|||,|||,|||,|||,|||,|||,|||,|||,|||
185.167.97.38,185.167.97.38,00000000000000000000000000000000000000000000000000000000000000,|||,|||,|||,|||,|||,|||,|||,|||,|||,|||
185.163.110.107,185.163.110.107,00000000000000000000000000000000000000000000000000000000000000,|||,|||,|||,|||,|||,|||,|||,|||,|||,|||
185.163.110.74,185.163.110.74,00000000000000000000000000000000000000000000000000000000000000,|||,|||,|||,|||,|||,|||,|||,|||,|||,|||
185.163.110.69,185.163.110.69,00000000000000000000000000000000000000000000000000000000000000,|||,|||,|||,|||,|||,|||,|||,|||,|||,|||
185.167.97.191,185.167.97.191,00000000000000000000000000000000000000000000000000000000000000,|||,|||,|||,|||,|||,|||,|||,|||,|||,|||
185.167.96.138,185.167.96.138,00000000000000000000000000000000000000000000000000000000000000,|||,|||,|||,|||,|||,|||,|||,|||,|||,|||
185.167.97.229,185.167.97.229,00000000000000000000000000000000000000000000000000000000000000,|||,|||,|||,|||,|||,|||,|||,|||,|||,|||
182.61.41.192,182.61.41.192,00000000000000000000000000000000000000000000000000000000000000,|||,|||,|||,|||,|||,|||,|||,|||,|||,|||
185.163.110.90,185.163.110.90,00000000000000000000000000000000000000000000000000000000000000,|||,|||,|||,|||,|||,|||,|||,|||,|||,|||
185.163.110.77,185.163.110.77,00000000000000000000000000000000000000000000000000000000000000,|||,|||,|||,|||,|||,|||,|||,|||,|||,|||
185.167.96.150,185.167.96.150,00000000000000000000000000000000000000000000000000000000000000,|||,|||,|||,|||,|||,|||,|||,|||,|||,|||
185.163.110.72,185.163.110.72,00000000000000000000000000000000000000000000000000000000000000,|||,|||,|||,|||,|||,|||,|||,|||,|||,|||
185.167.97.31,185.167.97.31,00000000000000000000000000000000000000000000000000000000000000,|||,|||,|||,|||,|||,|||,|||,|||,|||,|||
151.106.11.214,151.106.11.214,00000000000000000000000000000000000000000000000000000000000000,|||,|||,|||,|||,|||,|||,|||,|||,|||,|||
152.136.103.140,152.136.103.140,00000000000000000000000000000000000000000000000000000000000000,|||,|||,|||,|||,|||,|||,|||,|||,|||,|||
152.32.149.247,152.32.149.247,00000000000000000000000000000000000000000000000000000000000000,|||,|||,|||,|||,|||,|||,|||,|||,|||,|||
185.163.110.93,185.163.110.93,00000000000000000000000000000000000000000000000000000000000000,|||,|||,|||,|||,|||,|||,|||,|||,|||,|||
181.93.248.251,181.93.248.251,00000000000000000000000000000000000000000000000000000000000000,|||,|||,|||,|||,|||,|||,|||,|||,|||,|||
182.162.17.171,182.162.17.171,00000000000000000000000000000000000000000000000000000000000000,|||,|||,|||,|||,|||,|||,|||,|||,|||,|||
185.156.73.110,185.156.73.110,00000000000000000000000000000000000000000000000000000000000000,|||,|||,|||,|||,|||,|||,|||,|||,|||,|||
185.141.76.216,185.141.76.216,00000000000000000000000000000000000000000000000000000000000000,|||,|||,|||,|||,|||,|||,|||,|||,|||,|||
185.167.97.244,185.167.97.244,00000000000000000000000000000000000000000000000000000000000000,|||,|||,|||,|||,|||,|||,|||,|||,|||,|||
152.32.143.122,152.32.143.122,00000000000000000000000000000000000000000000000000000000000000,|||,|||,|||,|||,|||,|||,|||,|||,|||,|||
185.180.143.142,185.180.143.142,00000000000000000000000000000000000000000000000000000000000000,|||,|||,|||,|||,|||,|||,|||,|||,|||,|||
151.248.122.247,151.248.122.247,00000000000000000000000000000000000000000000000000000000000000,|||,|||,|||,|||,|||,|||,|||,|||,|||,|||
184.105.247.196,184.105.247.196,00000000000000000000000000000000000000000000000000000000000000,|||,|||,|||,|||,|||,|||,|||,|||,|||,|||
185.180.143.145,185.180.143.145,00000000000000000000000000000000000000000000000000000000000000,|||,|||,|||,|||,|||,|||,|||,|||,|||,|||
185.180.143.137,185.180.143.137,00000000000000000000000000000000000000000000000000000000000000,|||,|||,|||,|||,|||,|||,|||,|||,|||,|||
185.138.123.179,185.138.123.179,00000000000000000000000000000000000000000000000000000000000000,|||,|||,|||,|||,|||,|||,|||,|||,|||,|||
185.180.143.149,185.180.143.149,00000000000000000000000000000000000000000000000000000000000000,|||,|||,|||,|||,|||,|||,|||,|||,|||,|||
182.222.247.131,182.222.247.131,00000000000000000000000000000000000000000000000000000000000000,|||,|||,|||,|||,|||,|||,|||,|||,|||,|||
182.231.35.24,182.231.35.24,00000000000000000000000000000000000000000000000000000000000000,|||,|||,|||,|||,|||,|||,|||,|||,|||,|||
184.105.247.206,184.105.247.206,00000000000000000000000000000000000000000000000000000000000000,|||,|||,|||,|||,|||,|||,|||,|||,|||,|||
182.216.219.70,182.216.219.70,00000000000000000000000000000000000000000000000000000000000000,|||,|||,|||,|||,|||,|||,|||,|||,|||,|||
184.105.247.202,184.105.247.202,00000000000000000000000000000000000000000000000000000000000000,|||,|||,|||,|||,|||,|||,|||,|||,|||,|||
184.105.247.194,184.105.247.194,00000000000000000000000000000000000000000000000000000000000000,|||,|||,|||,|||,|||,|||,|||,|||,|||,|||
185.145.185.116,185.145.185.116,00000000000000000000000000000000000000000000000000000000000000,|||,|||,|||,|||,|||,|||,|||,|||,|||,|||
152.32.143.142,152.32.143.142,00000000000000000000000000000000000000000000000000000000000000,|||,|||,|||,|||,|||,|||,|||,|||,|||,|||
185.180.143.138,185.180.143.138,00000000000000000000000000000000000000000000000000000000000000,|||,|||,|||,|||,|||,|||,|||,|||,|||,|||
152.32.143.129,152.32.143.129,00000000000000000000000000000000000000000000000000000000000000,|||,|||,|||,|||,|||,|||,|||,|||,|||,|||
185.180.143.156,185.180.143.156,00000000000000000000000000000000000000000000000000000000000000,|||,|||,|||,|||,|||,|||,|||,|||,|||,|||
185.180.143.147,185.180.143.147,00000000000000000000000000000000000000000000000000000000000000,|||,|||,|||,|||,|||,|||,|||,|||,|||,|||
185.180.143.167,185.180.143.167,00000000000000000000000000000000000000000000000000000000000000,|||,|||,|||,|||,|||,|||,|||,|||,|||,|||
184.105.247.199,184.105.247.199,00000000000000000000000000000000000000000000000000000000000000,|||,|||,|||,|||,|||,|||,|||,|||,|||,|||
183.136.148.202,183.136.148.202,00000000000000000000000000000000000000000000000000000000000000,|||,|||,|||,|||,|||,|||,|||,|||,|||,|||
185.180.143.148,185.180.143.148,00000000000000000000000000000000000000000000000000000000000000,|||,|||,|||,|||,|||,|||,|||,|||,|||,|||
185.180.143.143,185.180.143.143,00000000000000000000000000000000000000000000000000000000000000,|||,|||,|||,|||,|||,|||,|||,|||,|||,|||
180.76.46.193,180.76.46.193,00000000000000000000000000000000000000000000000000000000000000,|||,|||,|||,|||,|||,|||,|||,|||,|||,|||
184.105.247.207,184.105.247.207,00000000000000000000000000000000000000000000000000000000000000,|||,|||,|||,|||,|||,|||,|||,|||,|||,|||
184.105.247.204,184.105.247.204,00000000000000000000000000000000000000000000000000000000000000,|||,|||,|||,|||,|||,|||,|||,|||,|||,|||
184.105.247.195,184.105.247.195,00000000000000000000000000000000000000000000000000000000000000,|||,|||,|||,|||,|||,|||,|||,|||,|||,|||
184.105.247.211,184.105.247.211,00000000000000000000000000000000000000000000000000000000000000,|||,|||,|||,|||,|||,|||,|||,|||,|||,|||
152.231.44.34,152.231.44.34,00000000000000000000000000000000000000000000000000000000000000,|||,|||,|||,|||,|||,|||,|||,|||,|||,|||
185.180.143.155,185.180.143.155,00000000000000000000000000000000000000000000000000000000000000,|||,|||,|||,|||,|||,|||,|||,|||,|||,|||
184.105.247.210,184.105.247.210,00000000000000000000000000000000000000000000000000000000000000,|||,|||,|||,|||,|||,|||,|||,|||,|||,|||
184.105.247.200,184.105.247.200,00000000000000000000000000000000000000000000000000000000000000,|||,|||,|||,|||,|||,|||,|||,|||,|||,|||
184.105.247.218,184.105.247.218,00000000000000000000000000000000000000000000000000000000000000,|||,|||,|||,|||,|||,|||,|||,|||,|||,|||
185.180.143.154,185.180.143.154,00000000000000000000000000000000000000000000000000000000000000,|||,|||,|||,|||,|||,|||,|||,|||,|||,|||
184.105.247.198,184.105.247.198,00000000000000000000000000000000000000000000000000000000000000,|||,|||,|||,|||,|||,|||,|||,|||,|||,|||
184.105.247.222,184.105.247.222,00000000000000000000000000000000000000000000000000000000000000,|||,|||,|||,|||,|||,|||,|||,|||,|||,|||
184.105.247.216,184.105.247.216,00000000000000000000000000000000000000000000000000000000000000,|||,|||,|||,|||,|||,|||,|||,|||,|||,|||
185.180.143.169,185.180.143.169,00000000000000000000000000000000000000000000000000000000000000,|||,|||,|||,|||,|||,|||,|||,|||,|||,|||
185.167.98.76,185.167.98.76,00000000000000000000000000000000000000000000000000000000000000,|||,|||,|||,|||,|||,|||,|||,|||,|||,|||
182.191.82.196,182.191.82.196,00000000000000000000000000000000000000000000000000000000000000,|||,|||,|||,|||,|||,|||,|||,|||,|||,|||
185.180.143.171,185.180.143.171,00000000000000000000000000000000000000000000000000000000000000,|||,|||,|||,|||,|||,|||,|||,|||,|||,|||
184.105.247.214,184.105.247.214,00000000000000000000000000000000000000000000000000000000000000,|||,|||,|||,|||,|||,|||,|||,|||,|||,|||
184.105.247.227,184.105.247.227,00000000000000000000000000000000000000000000000000000000000000,|||,|||,|||,|||,|||,|||,|||,|||,|||,|||
184.105.247.203,184.105.247.203,00000000000000000000000000000000000000000000000000000000000000,|||,|||,|||,|||,|||,|||,|||,|||,|||,|||
184.105.247.219,184.105.247.219,00000000000000000000000000000000000000000000000000000000000000,|||,|||,|||,|||,|||,|||,|||,|||,|||,|||
152.32.143.177,152.32.143.177,00000000000000000000000000000000000000000000000000000000000000,|||,|||,|||,|||,|||,|||,|||,|||,|||,|||
184.105.247.208,184.105.247.208,00000000000000000000000000000000000000000000000000000000000000,|||,|||,|||,|||,|||,|||,|||,|||,|||,|||
185.180.143.159,185.180.143.159,00000000000000000000000000000000000000000000000000000000000000,|||,|||,|||,|||,|||,|||,|||,|||,|||,|||
184.105.247.215,184.105.247.215,00000000000000000000000000000000000000000000000000000000000000,|||,|||,|||,|||,|||,|||,|||,|||,|||,|||
152.32.150.177,152.32.150.177,00000000000000000000000000000000000000000000000000000000000000,|||,|||,|||,|||,|||,|||,|||,|||,|||,|||
184.105.247.224,184.105.247.224,00000000000000000000000000000000000000000000000000000000000000,|||,|||,|||,|||,|||,|||,|||,|||,|||,|||
152.32.142.133,152.32.142.133,00000000000000000000000000000000000000000000000000000000000000,|||,|||,|||,|||,|||,|||,|||,|||,|||,|||
184.105.247.220,184.105.247.220,00000000000000000000000000000000000000000000000000000000000000,|||,|||,|||,|||,|||,|||,|||,|||,|||,|||
184.105.247.236,184.105.247.236,00000000000000000000000000000000000000000000000000000000000000,|||,|||,|||,|||,|||,|||,|||,|||,|||,|||
185.179.51.22,185.179.51.22,00000000000000000000000000000000000000000000000000000000000000,|||,|||,|||,|||,|||,|||,|||,|||,|||,|||
181.73.183.114,181.73.183.114,00000000000000000000000000000000000000000000000000000000000000,|||,|||,|||,|||,|||,|||,|||,|||,|||,|||
185.180.143.165,185.180.143.165,00000000000000000000000000000000000000000000000000000000000000,|||,|||,|||,|||,|||,|||,|||,|||,|||,|||
152.168.72.253,152.168.72.253,00000000000000000000000000000000000000000000000000000000000000,|||,|||,|||,|||,|||,|||,|||,|||,|||,|||
184.105.177.188,184.105.177.188,00000000000000000000000000000000000000000000000000000000000000,|||,|||,|||,|||,|||,|||,|||,|||,|||,|||
180.76.108.217,180.76.108.217,00000000000000000000000000000000000000000000000000000000000000,|||,|||,|||,|||,|||,|||,|||,|||,|||,|||
185.180.143.166,185.180.143.166,00000000000000000000000000000000000000000000000000000000000000,|||,|||,|||,|||,|||,|||,|||,|||,|||,|||
184.105.247.235,184.105.247.235,00000000000000000000000000000000000000000000000000000000000000,|||,|||,|||,|||,|||,|||,|||,|||,|||,|||
184.105.247.223,184.105.247.223,00000000000000000000000000000000000000000000000000000000000000,|||,|||,|||,|||,|||,|||,|||,|||,|||,|||
185.164.41.0,185.164.41.0,00000000000000000000000000000000000000000000000000000000000000,|||,|||,|||,|||,|||,|||,|||,|||,|||,|||
185.162.131.53,185.162.131.53,29d29d15d29d29d21c29d29d29d29d47321614530b94a96fa03d06e666d6d6,c02f|0303|http/1.1|ff01-000b-0023-0010,c02f|0303|http/1.1|ff01-000b-0023-0010,009e|0303|http/1.1|ff01-0023-0010,c02f|0303||ff01-000b-0023,c02f|0303||ff01-000b-0023,c013|0302|http/1.1|ff01-000b-0023-0010,c02f|0303|http/1.1|ff01-000b-0023-0010,c02f|0303|http/1.1|ff01-000b-0023-0010,c02f|0303|http/1.1|ff01-000b-0023-0010,c02f|0303|http/1.1|ff01-000b-0023-0010
152.32.157.116,152.32.157.116,00000000000000000000000000000000000000000000000000000000000000,|||,|||,|||,|||,|||,|||,|||,|||,|||,|||
184.105.247.232,184.105.247.232,00000000000000000000000000000000000000000000000000000000000000,|||,|||,|||,|||,|||,|||,|||,|||,|||,|||
184.105.247.228,184.105.247.228,00000000000000000000000000000000000000000000000000000000000000,|||,|||,|||,|||,|||,|||,|||,|||,|||,|||
184.105.247.212,184.105.247.212,00000000000000000000000000000000000000000000000000000000000000,|||,|||,|||,|||,|||,|||,|||,|||,|||,|||
184.105.247.240,184.105.247.240,00000000000000000000000000000000000000000000000000000000000000,|||,|||,|||,|||,|||,|||,|||,|||,|||,|||
184.105.247.230,184.105.247.230,00000000000000000000000000000000000000000000000000000000000000,|||,|||,|||,|||,|||,|||,|||,|||,|||,|||
152.32.154.27,152.32.154.27,00000000000000000000000000000000000000000000000000000000000000,|||,|||,|||,|||,|||,|||,|||,|||,|||,|||
185.172.110.205,185.172.110.205,00000000000000000000000000000000000000000000000000000000000000,|||,|||,|||,|||,|||,|||,|||,|||,|||,|||
152.32.142.74,152.32.142.74,00000000000000000000000000000000000000000000000000000000000000,|||,|||,|||,|||,|||,|||,|||,|||,|||,|||
184.105.247.238,184.105.247.238,00000000000000000000000000000000000000000000000000000000000000,|||,|||,|||,|||,|||,|||,|||,|||,|||,|||
184.105.247.251,184.105.247.251,00000000000000000000000000000000000000000000000000000000000000,|||,|||,|||,|||,|||,|||,|||,|||,|||,|||
152.32.155.235,152.32.155.235,00000000000000000000000000000000000000000000000000000000000000,|||,|||,|||,|||,|||,|||,|||,|||,|||,|||
152.136.37.94,152.136.37.94,00000000000000000000000000000000000000000000000000000000000000,|||,|||,|||,|||,|||,|||,|||,|||,|||,|||
184.105.247.234,184.105.247.234,00000000000000000000000000000000000000000000000000000000000000,|||,|||,|||,|||,|||,|||,|||,|||,|||,|||
185.180.143.163,185.180.143.163,00000000000000000000000000000000000000000000000000000000000000,|||,|||,|||,|||,|||,|||,|||,|||,|||,|||
152.32.143.202,152.32.143.202,00000000000000000000000000000000000000000000000000000000000000,|||,|||,|||,|||,|||,|||,|||,|||,|||,|||
185.180.143.170,185.180.143.170,00000000000000000000000000000000000000000000000000000000000000,|||,|||,|||,|||,|||,|||,|||,|||,|||,|||
185.180.143.172,185.180.143.172,00000000000000000000000000000000000000000000000000000000000000,|||,|||,|||,|||,|||,|||,|||,|||,|||,|||
185.180.143.158,185.180.143.158,00000000000000000000000000000000000000000000000000000000000000,|||,|||,|||,|||,|||,|||,|||,|||,|||,|||
184.105.247.254,184.105.247.254,00000000000000000000000000000000000000000000000000000000000000,|||,|||,|||,|||,|||,|||,|||,|||,|||,|||
152.32.140.29,152.32.140.29,00000000000000000000000000000000000000000000000000000000000000,|||,|||,|||,|||,|||,|||,|||,|||,|||,|||
152.32.180.172,152.32.180.172,00000000000000000000000000000000000000000000000000000000000000,|||,|||,|||,|||,|||,|||,|||,|||,|||,|||
120.238.64.123,120.238.64.123,21d19d00021d21d21c21d19d21d21d3b0d229d76f2fd7cb8e23bb87da38a20,c013|0303|http/1.1|ff01-0000-0001-000b-0023-0010-0017,00c0|0303|http/1.1|ff01-0000-0001-0023-0010-0017,|||,c013|0303||ff01-0000-0001-000b-0023-0017,c013|0303||ff01-0000-0001-000b-0023-0017,c013|0302|http/1.1|ff01-0000-0001-000b-0023-0010-0017,c013|0303|http/1.1|ff01-0000-0001-000b-0023-0010-0017,00c0|0303|http/1.1|ff01-0000-0001-0023-0010-0017,c013|0303|http/1.1|ff01-0000-0001-000b-0023-0010-0017,c013|0303|http/1.1|ff01-0000-0001-000b-0023-0010-0017
152.32.192.63,152.32.192.63,00000000000000000000000000000000000000000000000000000000000000,|||,|||,|||,|||,|||,|||,|||,|||,|||,|||
184.105.247.239,184.105.247.239,00000000000000000000000000000000000000000000000000000000000000,|||,|||,|||,|||,|||,|||,|||,|||,|||,|||
184.105.247.247,184.105.247.247,00000000000000000000000000000000000000000000000000000000000000,|||,|||,|||,|||,|||,|||,|||,|||,|||,|||
184.69.55.116,184.69.55.116,00000000000000000000000000000000000000000000000000000000000000,|||,|||,|||,|||,|||,|||,|||,|||,|||,|||
134.122.134.185,134.122.134.185,00000000000000000000000000000000000000000000000000000000000000,|||,|||,|||,|||,|||,|||,|||,|||,|||,|||
184.104.210.46,184.104.210.46,00000000000000000000000000000000000000000000000000000000000000,|||,|||,|||,|||,|||,|||,|||,|||,|||,|||
184.105.247.252,184.105.247.252,00000000000000000000000000000000000000000000000000000000000000,|||,|||,|||,|||,|||,|||,|||,|||,|||,|||
184.74.237.155,184.74.237.155,00000000000000000000000000000000000000000000000000000000000000,|||,|||,|||,|||,|||,|||,|||,|||,|||,|||
184.105.247.244,184.105.247.244,00000000000000000000000000000000000000000000000000000000000000,|||,|||,|||,|||,|||,|||,|||,|||,|||,|||
181.88.198.77,181.88.198.77,00000000000000000000000000000000000000000000000000000000000000,|||,|||,|||,|||,|||,|||,|||,|||,|||,|||
152.32.140.142,152.32.140.142,00000000000000000000000000000000000000000000000000000000000000,|||,|||,|||,|||,|||,|||,|||,|||,|||,|||
184.105.247.248,184.105.247.248,00000000000000000000000000000000000000000000000000000000000000,|||,|||,|||,|||,|||,|||,|||,|||,|||,|||
185.112.150.150,185.112.150.150,29d3fd00029d29d00042d43d0000006bf6a1f7e1611ff60eb2d72b6d52af86,c02f|0303|http/1.1|ff01-0001-000b-0010-0017,cca8|0303|http/1.1|ff01-0001-000b-0010-0017,|||,c02f|0303||ff01-0001-000b-0017,c02f|0303||ff01-0001-000b-0017,|||,1302|0303||002b-0033,1303|0303||002b-0033,|||,|||
152.32.180.28,152.32.180.28,00000000000000000000000000000000000000000000000000000000000000,|||,|||,|||,|||,|||,|||,|||,|||,|||,|||
152.32.180.197,152.32.180.197,00000000000000000000000000000000000000000000000000000000000000,|||,|||,|||,|||,|||,|||,|||,|||,|||,|||
185.136.205.65,185.136.205.65,00000000000000000000000000000000000000000000000000000000000000,|||,|||,|||,|||,|||,|||,|||,|||,|||,|||
180.247.190.53,180.247.190.53,00000000000000000000000000000000000000000000000000000000000000,|||,|||,|||,|||,|||,|||,|||,|||,|||,|||
152.32.198.195,152.32.198.195,00000000000000000000000000000000000000000000000000000000000000,|||,|||,|||,|||,|||,|||,|||,|||,|||,|||
152.170.97.13,152.170.97.13,00000000000000000000000000000000000000000000000000000000000000,|||,|||,|||,|||,|||,|||,|||,|||,|||,|||
152.32.181.91,152.32.181.91,00000000000000000000000000000000000000000000000000000000000000,|||,|||,|||,|||,|||,|||,|||,|||,|||,|||
152.32.199.219,152.32.199.219,00000000000000000000000000000000000000000000000000000000000000,|||,|||,|||,|||,|||,|||,|||,|||,|||,|||
152.32.181.17,152.32.181.17,00000000000000000000000000000000000000000000000000000000000000,|||,|||,|||,|||,|||,|||,|||,|||,|||,|||
152.32.190.85,152.32.190.85,00000000000000000000000000000000000000000000000000000000000000,|||,|||,|||,|||,|||,|||,|||,|||,|||,|||
184.105.247.243,184.105.247.243,00000000000000000000000000000000000000000000000000000000000000,|||,|||,|||,|||,|||,|||,|||,|||,|||,|||
152.32.150.67,152.32.150.67,00000000000000000000000000000000000000000000000000000000000000,|||,|||,|||,|||,|||,|||,|||,|||,|||,|||
183.105.164.174,183.105.164.174,00000000000000000000000000000000000000000000000000000000000000,|||,|||,|||,|||,|||,|||,|||,|||,|||,|||
185.181.102.18,185.181.102.18,00000000000000000000000000000000000000000000000000000000000000,|||,|||,|||,|||,|||,|||,|||,|||,|||,|||
182.92.2.226,182.92.2.226,00000000000000000000000000000000000000000000000000000000000000,|||,|||,|||,|||,|||,|||,|||,|||,|||,|||
152.32.216.16,152.32.216.16,00000000000000000000000000000000000000000000000000000000000000,|||,|||,|||,|||,|||,|||,|||,|||,|||,|||
183.105.164.240,183.105.164.240,00000000000000000000000000000000000000000000000000000000000000,|||,|||,|||,|||,|||,|||,|||,|||,|||,|||
183.106.2.236,183.106.2.236,00000000000000000000000000000000000000000000000000000000000000,|||,|||,|||,|||,|||,|||,|||,|||,|||,|||
183.105.164.166,183.105.164.166,00000000000000000000000000000000000000000000000000000000000000,|||,|||,|||,|||,|||,|||,|||,|||,|||,|||
152.32.199.200,152.32.199.200,00000000000000000000000000000000000000000000000000000000000000,|||,|||,|||,|||,|||,|||,|||,|||,|||,|||
152.32.200.195,152.32.200.195,00000000000000000000000000000000000000000000000000000000000000,|||,|||,|||,|||,|||,|||,|||,|||,|||,|||
184.105.247.246,184.105.247.246,00000000000000000000000000000000000000000000000000000000000000,|||,|||,|||,|||,|||,|||,|||,|||,|||,|||
152.32.220.209,152.32.220.209,00000000000000000000000000000000000000000000000000000000000000,|||,|||,|||,|||,|||,|||,|||,|||,|||,|||
152.32.200.141,152.32.200.141,00000000000000000000000000000000000000000000000000000000000000,|||,|||,|||,|||,|||,|||,|||,|||,|||,|||
183.61.5.198,183.61.5.198,00000000000000000000000000000000000000000000000000000000000000,|||,|||,|||,|||,|||,|||,|||,|||,|||,|||
185.165.190.17,185.165.190.17,00000000000000000000000000000000000000000000000000000000000000,|||,|||,|||,|||,|||,|||,|||,|||,|||,|||
185.165.190.34,185.165.190.34,00000000000000000000000000000000000000000000000000000000000000,|||,|||,|||,|||,|||,|||,|||,|||,|||,|||
183.62.55.94,183.62.55.94,00000000000000000000000000000000000000000000000000000000000000,|||,|||,|||,|||,|||,|||,|||,|||,|||,|||
185.191.34.144,185.191.34.144,00000000000000000000000000000000000000000000000000000000000000,|||,|||,|||,|||,|||,|||,|||,|||,|||,|||
185.172.129.18,185.172.129.18,00000000000000000000000000000000000000000000000000000000000000,|||,|||,|||,|||,|||,|||,|||,|||,|||,|||
182.61.14.203,182.61.14.203,00000000000000000000000000000000000000000000000000000000000000,|||,|||,|||,|||,|||,|||,|||,|||,|||,|||
185.195.201.148,185.195.201.148,00000000000000000000000000000000000000000000000000000000000000,|||,|||,|||,|||,|||,|||,|||,|||,|||,|||
152.32.200.151,152.32.200.151,00000000000000000000000000000000000000000000000000000000000000,|||,|||,|||,|||,|||,|||,|||,|||,|||,|||
152.32.200.184,152.32.200.184,00000000000000000000000000000000000000000000000000000000000000,|||,|||,|||,|||,|||,|||,|||,|||,|||,|||
182.92.215.5,182.92.215.5,00000000000000000000000000000000000000000000000000000000000000,|||,|||,|||,|||,|||,|||,|||,|||,|||,|||
185.220.205.13,185.220.205.13,00000000000000000000000000000000000000000000000000000000000000,|||,|||,|||,|||,|||,|||,|||,|||,|||,|||
185.22.98.135,185.22.98.135,00000000000000000000000000000000000000000000000000000000000000,|||,|||,|||,|||,|||,|||,|||,|||,|||,|||
182.160.122.130,182.160.122.130,00000000000000000000000000000000000000000000000000000000000000,|||,|||,|||,|||,|||,|||,|||,|||,|||,|||
185.180.143.14,185.180.143.14,00000000000000000000000000000000000000000000000000000000000000,|||,|||,|||,|||,|||,|||,|||,|||,|||,|||
183.82.123.15,183.82.123.15,00000000000000000000000000000000000000000000000000000000000000,|||,|||,|||,|||,|||,|||,|||,|||,|||,|||
153.35.93.38,153.35.93.38,00000000000000000000000000000000000000000000000000000000000000,|||,|||,|||,|||,|||,|||,|||,|||,|||,|||
184.167.12.81,184.167.12.81,00000000000000000000000000000000000000000000000000000000000000,|||,|||,|||,|||,|||,|||,|||,|||,|||,|||
185.177.218.183,185.177.218.183,00000000000000000000000000000000000000000000000000000000000000,|||,|||,|||,|||,|||,|||,|||,|||,|||,|||
152.32.255.215,152.32.255.215,00000000000000000000000000000000000000000000000000000000000000,|||,|||,|||,|||,|||,|||,|||,|||,|||,|||
184.70.247.134,184.70.247.134,00000000000000000000000000000000000000000000000000000000000000,|||,|||,|||,|||,|||,|||,|||,|||,|||,|||
185.216.140.27,185.216.140.27,00000000000000000000000000000000000000000000000000000000000000,|||,|||,|||,|||,|||,|||,|||,|||,|||,|||
153.120.138.109,153.120.138.109,00000000000000000000000000000000000000000000000000000000000000,|||,|||,|||,|||,|||,|||,|||,|||,|||,|||
185.180.143.13,185.180.143.13,00000000000000000000000000000000000000000000000000000000000000,|||,|||,|||,|||,|||,|||,|||,|||,|||,|||
185.215.165.226,185.215.165.226,00000000000000000000000000000000000000000000000000000000000000,|||,|||,|||,|||,|||,|||,|||,|||,|||,|||
182.93.78.19,182.93.78.19,00000000000000000000000000000000000000000000000000000000000000,|||,|||,|||,|||,|||,|||,|||,|||,|||,|||
185.191.34.68,185.191.34.68,00000000000000000000000000000000000000000000000000000000000000,|||,|||,|||,|||,|||,|||,|||,|||,|||,|||
185.215.165.225,185.215.165.225,00000000000000000000000000000000000000000000000000000000000000,|||,|||,|||,|||,|||,|||,|||,|||,|||,|||
154.180.120.134,154.180.120.134,00000000000000000000000000000000000000000000000000000000000000,|||,|||,|||,|||,|||,|||,|||,|||,|||,|||
153.0.195.191,153.0.195.191,00000000000000000000000000000000000000000000000000000000000000,|||,|||,|||,|||,|||,|||,|||,|||,|||,|||
185.220.205.196,185.220.205.196,00000000000000000000000000000000000000000000000000000000000000,|||,|||,|||,|||,|||,|||,|||,|||,|||,|||
152.32.249.159,152.32.249.159,00000000000000000000000000000000000000000000000000000000000000,|||,|||,|||,|||,|||,|||,|||,|||,|||,|||
153.166.73.83,153.166.73.83,00000000000000000000000000000000000000000000000000000000000000,|||,|||,|||,|||,|||,|||,|||,|||,|||,|||
185.212.131.64,185.212.131.64,00000000000000000000000000000000000000000000000000000000000000,|||,|||,|||,|||,|||,|||,|||,|||,|||,|||
185.180.143.22,185.180.143.22,00000000000000000000000000000000000000000000000000000000000000,|||,|||,|||,|||,|||,|||,|||,|||,|||,|||
185.220.204.178,185.220.204.178,00000000000000000000000000000000000000000000000000000000000000,|||,|||,|||,|||,|||,|||,|||,|||,|||,|||
153.222.61.94,153.222.61.94,00000000000000000000000000000000000000000000000000000000000000,|||,|||,|||,|||,|||,|||,|||,|||,|||,|||
154.163.5.2,154.163.5.2,00000000000000000000000000000000000000000000000000000000000000,|||,|||,|||,|||,|||,|||,|||,|||,|||,|||
153.201.161.129,153.201.161.129,00000000000000000000000000000000000000000000000000000000000000,|||,|||,|||,|||,|||,|||,|||,|||,|||,|||
154.127.53.154,154.127.53.154,00000000000000000000000000000000000000000000000000000000000000,|||,|||,|||,|||,|||,|||,|||,|||,|||,|||
185.22.98.140,185.22.98.140,00000000000000000000000000000000000000000000000000000000000000,|||,|||,|||,|||,|||,|||,|||,|||,|||,|||
185.180.143.16,185.180.143.16,00000000000000000000000000000000000000000000000000000000000000,|||,|||,|||,|||,|||,|||,|||,|||,|||,|||
185.215.165.227,185.215.165.227,00000000000000000000000000000000000000000000000000000000000000,|||,|||,|||,|||,|||,|||,|||,|||,|||,|||
185.180.143.26,185.180.143.26,00000000000000000000000000000000000000000000000000000000000000,|||,|||,|||,|||,|||,|||,|||,|||,|||,|||
120.53.104.191,120.53.104.191,00000000000000000000000000000000000000000000000000000000000000,|||,|||,|||,|||,|||,|||,|||,|||,|||,|||
185.180.143.29,185.180.143.29,00000000000000000000000000000000000000000000000000000000000000,|||,|||,|||,|||,|||,|||,|||,|||,|||,|||
185.180.143.27,185.180.143.27,00000000000000000000000000000000000000000000000000000000000000,|||,|||,|||,|||,|||,|||,|||,|||,|||,|||
154.181.218.47,154.181.218.47,00000000000000000000000000000000000000000000000000000000000000,|||,|||,|||,|||,|||,|||,|||,|||,|||,|||
185.180.143.28,185.180.143.28,00000000000000000000000000000000000000000000000000000000000000,|||,|||,|||,|||,|||,|||,|||,|||,|||,|||
185.180.143.21,185.180.143.21,00000000000000000000000000000000000000000000000000000000000000,|||,|||,|||,|||,|||,|||,|||,|||,|||,|||
185.219.52.80,185.219.52.80,00000000000000000000000000000000000000000000000000000000000000,|||,|||,|||,|||,|||,|||,|||,|||,|||,|||
185.180.143.30,185.180.143.30,00000000000000000000000000000000000000000000000000000000000000,|||,|||,|||,|||,|||,|||,|||,|||,|||,|||
154.198.211.136,154.198.211.136,00000000000000000000000000000000000000000000000000000000000000,|||,|||,|||,|||,|||,|||,|||,|||,|||,|||
185.220.205.106,185.220.205.106,00000000000000000000000000000000000000000000000000000000000000,|||,|||,|||,|||,|||,|||,|||,|||,|||,|||
185.219.52.202,185.219.52.202,00000000000000000000000000000000000000000000000000000000000000,|||,|||,|||,|||,|||,|||,|||,|||,|||,|||
154.223.133.217,154.223.133.217,00000000000000000000000000000000000000000000000000000000000000,|||,|||,|||,|||,|||,|||,|||,|||,|||,|||
185.180.143.31,185.180.143.31,00000000000000000000000000000000000000000000000000000000000000,|||,|||,|||,|||,|||,|||,|||,|||,|||,|||
154.212.139.173,154.212.139.173,00000000000000000000000000000000000000000000000000000000000000,|||,|||,|||,|||,|||,|||,|||,|||,|||,|||
185.180.143.35,185.180.143.35,00000000000000000000000000000000000000000000000000000000000000,|||,|||,|||,|||,|||,|||,|||,|||,|||,|||
182.76.43.41,182.76.43.41,07d0bd0fd21d21d07c42d43d0000009424803a662b126a748cf4f90707a33c,0033|0303|http/1.1|ff01-0001-0023-0010-0017,003d|0303|http/1.1|ff01-0001-0023-0010-0017,006b|0303|http/1.1|ff01-0001-0023-0010-0017,c013|0303|http/1.1|ff01-0001-000b-0023-0010-0017,c013|0303|http/1.1|ff01-0001-000b-0023-0010-0017,0033|0302|http/1.1|ff01-0001-0023-0010-0017,1302|0303||002b-0033,1303|0303||002b-0033,|||,|||
183.80.86.104,183.80.86.104,00000000000000000000000000000000000000000000000000000000000000,|||,|||,|||,|||,|||,|||,|||,|||,|||,|||
185.211.5.160,185.211.5.160,00000000000000000000000000000000000000000000000000000000000000,|||,|||,|||,|||,|||,|||,|||,|||,|||,|||
185.237.165.173,185.237.165.173,00000000000000000000000000000000000000000000000000000000000000,|||,|||,|||,|||,|||,|||,|||,|||,|||,|||
185.180.143.32,185.180.143.32,00000000000000000000000000000000000000000000000000000000000000,|||,|||,|||,|||,|||,|||,|||,|||,|||,|||
185.180.143.38,185.180.143.38,00000000000000000000000000000000000000000000000000000000000000,|||,|||,|||,|||,|||,|||,|||,|||,|||,|||
185.156.72.225,185.156.72.225,00000000000000000000000000000000000000000000000000000000000000,|||,|||,|||,|||,|||,|||,|||,|||,|||,|||
185.215.165.224,185.215.165.224,00000000000000000000000000000000000000000000000000000000000000,|||,|||,|||,|||,|||,|||,|||,|||,|||,|||
185.56.83.100,185.56.83.100,00000000000000000000000000000000000000000000000000000000000000,|||,|||,|||,|||,|||,|||,|||,|||,|||,|||
185.232.67.11,185.232.67.11,00000000000000000000000000000000000000000000000000000000000000,|||,|||,|||,|||,|||,|||,|||,|||,|||,|||
185.180.143.7,185.180.143.7,00000000000000000000000000000000000000000000000000000000000000,|||,|||,|||,|||,|||,|||,|||,|||,|||,|||
185.191.32.211,185.191.32.211,00000000000000000000000000000000000000000000000000000000000000,|||,|||,|||,|||,|||,|||,|||,|||,|||,|||
152.32.234.44,152.32.234.44,00000000000000000000000000000000000000000000000000000000000000,|||,|||,|||,|||,|||,|||,|||,|||,|||,|||
185.191.34.194,185.191.34.194,00000000000000000000000000000000000000000000000000000000000000,|||,|||,|||,|||,|||,|||,|||,|||,|||,|||
185.180.143.33,185.180.143.33,00000000000000000000000000000000000000000000000000000000000000,|||,|||,|||,|||,|||,|||,|||,|||,|||,|||
153.0.150.42,153.0.150.42,00000000000000000000000000000000000000000000000000000000000000,|||,|||,|||,|||,|||,|||,|||,|||,|||,|||
185.180.143.8,185.180.143.8,00000000000000000000000000000000000000000000000000000000000000,|||,|||,|||,|||,|||,|||,|||,|||,|||,|||
185.73.126.190,185.73.126.190,00000000000000000000000000000000000000000000000000000000000000,|||,|||,|||,|||,|||,|||,|||,|||,|||,|||
154.27.79.49,154.27.79.49,00000000000000000000000000000000000000000000000000000000000000,|||,|||,|||,|||,|||,|||,|||,|||,|||,|||
185.180.143.37,185.180.143.37,00000000000000000000000000000000000000000000000000000000000000,|||,|||,|||,|||,|||,|||,|||,|||,|||,|||
185.180.143.36,185.180.143.36,00000000000000000000000000000000000000000000000000000000000000,|||,|||,|||,|||,|||,|||,|||,|||,|||,|||
154.89.5.94,154.89.5.94,00000000000000000000000000000000000000000000000000000000000000,|||,|||,|||,|||,|||,|||,|||,|||,|||,|||
185.73.126.150,185.73.126.150,00000000000000000000000000000000000000000000000000000000000000,|||,|||,|||,|||,|||,|||,|||,|||,|||,|||
154.89.5.86,154.89.5.86,00000000000000000000000000000000000000000000000000000000000000,|||,|||,|||,|||,|||,|||,|||,|||,|||,|||
185.222.6.207,185.222.6.207,00000000000000000000000000000000000000000000000000000000000000,|||,|||,|||,|||,|||,|||,|||,|||,|||,|||
154.89.5.85,154.89.5.85,00000000000000000000000000000000000000000000000000000000000000,|||,|||,|||,|||,|||,|||,|||,|||,|||,|||
155.4.122.10,155.4.122.10,00000000000000000000000000000000000000000000000000000000000000,|||,|||,|||,|||,|||,|||,|||,|||,|||,|||
185.73.115.144,185.73.115.144,00000000000000000000000000000000000000000000000000000000000000,|||,|||,|||,|||,|||,|||,|||,|||,|||,|||
185.73.126.95,185.73.126.95,00000000000000000000000000000000000000000000000000000000000000,|||,|||,|||,|||,|||,|||,|||,|||,|||,|||
180.76.245.142,180.76.245.142,3fd3fd0003fd3fd21c42d42d000000307ee0eb468e9fdb5cfcd698a80a67ef,cca8|0303|h2|ff01-0000-0001-000b-0023-0010-0017,cca8|0303|h2|ff01-0000-0001-000b-0023-0010-0017,|||,cca8|0303||ff01-0000-0001-000b-0023-0017,cca8|0303||ff01-0000-0001-000b-0023-0017,c013|0302|h2|ff01-0000-0001-000b-0023-0010-0017,1302|0303||002b-0033,1302|0303||002b-0033,|||,|||
156.216.79.43,156.216.79.43,00000000000000000000000000000000000000000000000000000000000000,|||,|||,|||,|||,|||,|||,|||,|||,|||,|||
185.90.136.70,185.90.136.70,00000000000000000000000000000000000000000000000000000000000000,|||,|||,|||,|||,|||,|||,|||,|||,|||,|||
152.32.253.152,152.32.253.152,00000000000000000000000000000000000000000000000000000000000000,|||,|||,|||,|||,|||,|||,|||,|||,|||,|||
185.73.126.93,185.73.126.93,00000000000000000000000000000000000000000000000000000000000000,|||,|||,|||,|||,|||,|||,|||,|||,|||,|||
150.158.20.116,150.158.20.116,00000000000000000000000000000000000000000000000000000000000000,|||,|||,|||,|||,|||,|||,|||,|||,|||,|||
185.73.126.186,185.73.126.186,00000000000000000000000000000000000000000000000000000000000000,|||,|||,|||,|||,|||,|||,|||,|||,|||,|||
156.200.177.167,156.200.177.167,00000000000000000000000000000000000000000000000000000000000000,|||,|||,|||,|||,|||,|||,|||,|||,|||,|||
118.24.153.214,118.24.153.214,00000000000000000000000000000000000000000000000000000000000000,|||,|||,|||,|||,|||,|||,|||,|||,|||,|||
180.76.185.254,180.76.185.254,21d10d00021d21d21c21d10d21d21dfa4f2d467cfc282d8a9029b2af1af43b,c013|0303|http/1.1|0000-ff01-000b-0023-0010,0084|0303|http/1.1|0000-ff01-0023-0010,|||,c013|0303||0000-ff01-000b-0023,c013|0303||0000-ff01-000b-0023,c013|0302|http/1.1|0000-ff01-000b-0023-0010,c013|0303|http/1.1|0000-ff01-000b-0023-0010,0084|0303|http/1.1|0000-ff01-0023-0010,c013|0303|http/1.1|0000-ff01-000b-0023-0010,c013|0303|http/1.1|0000-ff01-000b-0023-0010
185.65.134.166,185.65.134.166,00000000000000000000000000000000000000000000000000000000000000,|||,|||,|||,|||,|||,|||,|||,|||,|||,|||
155.137.190.176,155.137.190.176,00000000000000000000000000000000000000000000000000000000000000,|||,|||,|||,|||,|||,|||,|||,|||,|||,|||
110.34.26.231,110.34.26.231,00000000000000000000000000000000000000000000000000000000000000,|||,|||,|||,|||,|||,|||,|||,|||,|||,|||
185.7.214.143,185.7.214.143,00000000000000000000000000000000000000000000000000000000000000,|||,|||,|||,|||,|||,|||,|||,|||,|||,|||
157.230.95.244,157.230.95.244,00000000000000000000000000000000000000000000000000000000000000,|||,|||,|||,|||,|||,|||,|||,|||,|||,|||
185.215.52.181,185.215.52.181,00000000000000000000000000000000000000000000000000000000000000,|||,|||,|||,|||,|||,|||,|||,|||,|||,|||
181.176.189.186,181.176.189.186,00000000000000000000000000000000000000000000000000000000000000,|||,|||,|||,|||,|||,|||,|||,|||,|||,|||
181.176.189.194,181.176.189.194,00000000000000000000000000000000000000000000000000000000000000,|||,|||,|||,|||,|||,|||,|||,|||,|||,|||
185.7.214.244,185.7.214.244,00000000000000000000000000000000000000000000000000000000000000,|||,|||,|||,|||,|||,|||,|||,|||,|||,|||
155.4.158.104,155.4.158.104,00000000000000000000000000000000000000000000000000000000000000,|||,|||,|||,|||,|||,|||,|||,|||,|||,|||
185.218.125.40,185.218.125.40,15d3fd16d29d29d00042d43d000000fe02290512647416dcf0a400ccbc0b6b,009e|0303|http/1.1|ff01-0000-0001-0010-0017,cca8|0303|http/1.1|ff01-0000-0001-000b-0010-0017,009f|0303|http/1.1|ff01-0000-0001-0010-0017,c02f|0303||ff01-0000-0001-000b-0017,c02f|0303||ff01-0000-0001-000b-0017,|||,1302|0303||002b-0033,1303|0303||002b-0033,|||,|||
185.73.126.94,185.73.126.94,00000000000000000000000000000000000000000000000000000000000000,|||,|||,|||,|||,|||,|||,|||,|||,|||,|||
185.245.182.203,185.245.182.203,00000000000000000000000000000000000000000000000000000000000000,|||,|||,|||,|||,|||,|||,|||,|||,|||,|||
185.49.168.8,185.49.168.8,00000000000000000000000000000000000000000000000000000000000000,|||,|||,|||,|||,|||,|||,|||,|||,|||,|||
185.180.143.101,185.180.143.101,00000000000000000000000000000000000000000000000000000000000000,|||,|||,|||,|||,|||,|||,|||,|||,|||,|||
185.156.72.209,185.156.72.209,00000000000000000000000000000000000000000000000000000000000000,|||,|||,|||,|||,|||,|||,|||,|||,|||,|||
183.97.252.208,183.97.252.208,00000000000000000000000000000000000000000000000000000000000000,|||,|||,|||,|||,|||,|||,|||,|||,|||,|||
185.180.143.100,185.180.143.100,00000000000000000000000000000000000000000000000000000000000000,|||,|||,|||,|||,|||,|||,|||,|||,|||,|||
185.94.188.130,185.94.188.130,00000000000000000000000000000000000000000000000000000000000000,|||,|||,|||,|||,|||,|||,|||,|||,|||,|||
185.94.189.182,185.94.189.182,00000000000000000000000000000000000000000000000000000000000000,|||,|||,|||,|||,|||,|||,|||,|||,|||,|||
180.76.141.180,180.76.141.180,00000000000000000000000000000000000000000000000000000000000000,|||,|||,|||,|||,|||,|||,|||,|||,|||,|||
183.102.104.5,183.102.104.5,00000000000000000000000000000000000000000000000000000000000000,|||,|||,|||,|||,|||,|||,|||,|||,|||,|||
185.232.21.250,185.232.21.250,00000000000000000000000000000000000000000000000000000000000000,|||,|||,|||,|||,|||,|||,|||,|||,|||,|||
157.245.10.24,157.245.10.24,00000000000000000000000000000000000000000000000000000000000000,|||,|||,|||,|||,|||,|||,|||,|||,|||,|||
154.72.204.211,154.72.204.211,00000000000000000000000000000000000000000000000000000000000000,|||,|||,|||,|||,|||,|||,|||,|||,|||,|||
156.19.53.75,156.19.53.75,00000000000000000000000000000000000000000000000000000000000000,|||,|||,|||,|||,|||,|||,|||,|||,|||,|||
185.65.135.169,185.65.135.169,00000000000000000000000000000000000000000000000000000000000000,|||,|||,|||,|||,|||,|||,|||,|||,|||,|||
185.56.80.46,185.56.80.46,00000000000000000000000000000000000000000000000000000000000000,|||,|||,|||,|||,|||,|||,|||,|||,|||,|||
185.200.36.44,185.200.36.44,00000000000000000000000000000000000000000000000000000000000000,|||,|||,|||,|||,|||,|||,|||,|||,|||,|||
185.180.143.72,185.180.143.72,00000000000000000000000000000000000000000000000000000000000000,|||,|||,|||,|||,|||,|||,|||,|||,|||,|||
185.81.157.51,185.81.157.51,00000000000000000000000000000000000000000000000000000000000000,|||,|||,|||,|||,|||,|||,|||,|||,|||,|||
157.100.174.63,157.100.174.63,00000000000000000000000000000000000000000000000000000000000000,|||,|||,|||,|||,|||,|||,|||,|||,|||,|||
185.56.80.18,185.56.80.18,00000000000000000000000000000000000000000000000000000000000000,|||,|||,|||,|||,|||,|||,|||,|||,|||,|||
157.230.46.26,157.230.46.26,00000000000000000000000000000000000000000000000000000000000000,|||,|||,|||,|||,|||,|||,|||,|||,|||,|||
185.229.103.233,185.229.103.233,00000000000000000000000000000000000000000000000000000000000000,|||,|||,|||,|||,|||,|||,|||,|||,|||,|||
185.55.65.78,185.55.65.78,00000000000000000000000000000000000000000000000000000000000000,|||,|||,|||,|||,|||,|||,|||,|||,|||,|||
157.230.248.157,157.230.248.157,00000000000000000000000000000000000000000000000000000000000000,|||,|||,|||,|||,|||,|||,|||,|||,|||,|||
158.255.7.204,158.255.7.204,00000000000000000000000000000000000000000000000000000000000000,|||,|||,|||,|||,|||,|||,|||,|||,|||,|||
157.245.78.98,157.245.78.98,00000000000000000000000000000000000000000000000000000000000000,|||,|||,|||,|||,|||,|||,|||,|||,|||,|||
157.245.106.22,157.245.106.22,00000000000000000000000000000000000000000000000000000000000000,|||,|||,|||,|||,|||,|||,|||,|||,|||,|||
157.130.91.186,157.130.91.186,00000000000000000000000000000000000000000000000000000000000000,|||,|||,|||,|||,|||,|||,|||,|||,|||,|||
185.180.143.75,185.180.143.75,00000000000000000000000000000000000000000000000000000000000000,|||,|||,|||,|||,|||,|||,|||,|||,|||,|||
178.128.127.19,178.128.127.19,2ad2ad0002ad2ad0002ad2ad2ad2adf6f3c902b3a0092d408e36b46143ed0d,c030|0303|h2|ff01-0001-000b-0023-0010-0017,c030|0303|h2|ff01-0001-000b-0023-0010-0017,|||,c030|0303|http/1.1|ff01-0001-000b-0023-0010-0017,c030|0303|http/1.1|ff01-0001-000b-0023-0010-0017,|||,c030|0303|h2|ff01-0001-000b-0023-0010-0017,c030|0303|h2|ff01-0001-000b-0023-0010-0017,c030|0303|h2|ff01-0001-000b-0023-0010-0017,c030|0303|h2|ff01-0001-000b-0023-0010-0017
185.180.143.74,185.180.143.74,00000000000000000000000000000000000000000000000000000000000000,|||,|||,|||,|||,|||,|||,|||,|||,|||,|||
159.0.223.224,159.0.223.224,00000000000000000000000000000000000000000000000000000000000000,|||,|||,|||,|||,|||,|||,|||,|||,|||,|||
185.180.143.83,185.180.143.83,00000000000000000000000000000000000000000000000000000000000000,|||,|||,|||,|||,|||,|||,|||,|||,|||,|||
185.180.143.90,185.180.143.90,00000000000000000000000000000000000000000000000000000000000000,|||,|||,|||,|||,|||,|||,|||,|||,|||,|||
185.180.143.82,185.180.143.82,00000000000000000000000000000000000000000000000000000000000000,|||,|||,|||,|||,|||,|||,|||,|||,|||,|||
185.180.143.84,185.180.143.84,00000000000000000000000000000000000000000000000000000000000000,|||,|||,|||,|||,|||,|||,|||,|||,|||,|||
185.180.143.88,185.180.143.88,00000000000000000000000000000000000000000000000000000000000000,|||,|||,|||,|||,|||,|||,|||,|||,|||,|||
185.180.143.86,185.180.143.86,00000000000000000000000000000000000000000000000000000000000000,|||,|||,|||,|||,|||,|||,|||,|||,|||,|||
185.180.143.73,185.180.143.73,00000000000000000000000000000000000000000000000000000000000000,|||,|||,|||,|||,|||,|||,|||,|||,|||,|||
185.180.143.92,185.180.143.92,00000000000000000000000000000000000000000000000000000000000000,|||,|||,|||,|||,|||,|||,|||,|||,|||,|||
185.180.143.76,185.180.143.76,00000000000000000000000000000000000000000000000000000000000000,|||,|||,|||,|||,|||,|||,|||,|||,|||,|||
185.180.143.87,185.180.143.87,00000000000000000000000000000000000000000000000000000000000000,|||,|||,|||,|||,|||,|||,|||,|||,|||,|||
185.180.143.94,185.180.143.94,00000000000000000000000000000000000000000000000000000000000000,|||,|||,|||,|||,|||,|||,|||,|||,|||,|||
185.180.143.93,185.180.143.93,00000000000000000000000000000000000000000000000000000000000000,|||,|||,|||,|||,|||,|||,|||,|||,|||,|||
185.180.143.95,185.180.143.95,00000000000000000000000000000000000000000000000000000000000000,|||,|||,|||,|||,|||,|||,|||,|||,|||,|||
185.180.143.96,185.180.143.96,00000000000000000000000000000000000000000000000000000000000000,|||,|||,|||,|||,|||,|||,|||,|||,|||,|||
185.180.143.89,185.180.143.89,00000000000000000000000000000000000000000000000000000000000000,|||,|||,|||,|||,|||,|||,|||,|||,|||,|||
157.230.103.245,157.230.103.245,00000000000000000000000000000000000000000000000000000000000000,|||,|||,|||,|||,|||,|||,|||,|||,|||,|||
156.57.8.21,156.57.8.21,00000000000000000000000000000000000000000000000000000000000000,|||,|||,|||,|||,|||,|||,|||,|||,|||,|||
159.0.217.28,159.0.217.28,00000000000000000000000000000000000000000000000000000000000000,|||,|||,|||,|||,|||,|||,|||,|||,|||,|||
159.192.96.152,159.192.96.152,00000000000000000000000000000000000000000000000000000000000000,|||,|||,|||,|||,|||,|||,|||,|||,|||,|||
185.44.76.189,185.44.76.189,21d14d00021d21d21c21d14d21d21dcade67768786e23ca695466fb7f94658,c013|0303||ff01-000b-0023-0017,009d|0303||ff01-0023-0017,|||,c013|0303||ff01-000b-0023-0017,c013|0303||ff01-000b-0023-0017,c013|0302||ff01-000b-0023-0017,c013|0303||ff01-000b-0023-0017,009d|0303||ff01-0023-0017,c013|0303||ff01-000b-0023-0017,c013|0303||ff01-000b-0023-0017
185.173.35.25,185.173.35.25,00000000000000000000000000000000000000000000000000000000000000,|||,|||,|||,|||,|||,|||,|||,|||,|||,|||
182.16.28.134,182.16.28.134,06d06d07d06d06d06c06d06d06d06dd7fc4c7c6ef19b77a4ca0787979cdc13,002f|0303||ff01,002f|0303||ff01,0033|0303||ff01,002f|0303||ff01,002f|0303||ff01,002f|0302||ff01,002f|0303||ff01,002f|0303||ff01,002f|0303||ff01,002f|0303||ff01
183.83.190.102,183.83.190.102,00000000000000000000000000000000000000000000000000000000000000,|||,|||,|||,|||,|||,|||,|||,|||,|||,|||
157.230.247.151,157.230.247.151,00000000000000000000000000000000000000000000000000000000000000,|||,|||,|||,|||,|||,|||,|||,|||,|||,|||
159.203.107.181,159.203.107.181,00000000000000000000000000000000000000000000000000000000000000,|||,|||,|||,|||,|||,|||,|||,|||,|||,|||
181.30.28.165,181.30.28.165,00000000000000000000000000000000000000000000000000000000000000,|||,|||,|||,|||,|||,|||,|||,|||,|||,|||
185.173.35.1,185.173.35.1,00000000000000000000000000000000000000000000000000000000000000,|||,|||,|||,|||,|||,|||,|||,|||,|||,|||
185.173.35.21,185.173.35.21,00000000000000000000000000000000000000000000000000000000000000,|||,|||,|||,|||,|||,|||,|||,|||,|||,|||
185.173.35.13,185.173.35.13,00000000000000000000000000000000000000000000000000000000000000,|||,|||,|||,|||,|||,|||,|||,|||,|||,|||
178.128.211.67,178.128.211.67,29d29d00029d29d00042d42d0000000a5f02847ec7d262f8dcbfaa6508ecf9,c02f|0303|h2|ff01-0001-000b-0023-0010-0017,c02f|0303|h2|ff01-0001-000b-0023-0010-0017,|||,c02f|0303|http/1.1|ff01-0001-000b-0023-0010-0017,c02f|0303|http/1.1|ff01-0001-000b-0023-0010-0017,|||,1302|0303||002b-0033,1302|0303||002b-0033,|||,|||
182.18.139.82,182.18.139.82,26d26d16d26d26d22c26d26d26d26dfd9c9d14e4f4f67f94f0359f8b28f532,c028|0303||0017-ff01,c028|0303||0017-ff01,009f|0303||0017-ff01,c028|0303||0017-ff01,c028|0303||0017-ff01,c014|0302||0017-ff01,c028|0303||0017-ff01,c028|0303||0017-ff01,c028|0303||0017-ff01,c028|0303||0017-ff01
185.173.35.37,185.173.35.37,00000000000000000000000000000000000000000000000000000000000000,|||,|||,|||,|||,|||,|||,|||,|||,|||,|||
159.203.165.156,159.203.165.156,00000000000000000000000000000000000000000000000000000000000000,|||,|||,|||,|||,|||,|||,|||,|||,|||,|||
181.30.28.202,181.30.28.202,2ad2ad16d2ad2ad22c42d42d0000006f254909a73bf62f6b28507e9fb451b5,c030|0303|http/1.1|ff01-0001-000b-0023-0010-0017,c030|0303|http/1.1|ff01-0001-000b-0023-0010-0017,009f|0303|http/1.1|ff01-0001-0023-0010-0017,c030|0303|http/1.1|ff01-0001-000b-0023-0010-0017,c030|0303|http/1.1|ff01-0001-000b-0023-0010-0017,c014|0302|http/1.1|ff01-0001-000b-0023-0010-0017,1302|0303||002b-0033,1302|0303||002b-0033,|||,|||
185.173.35.33,185.173.35.33,00000000000000000000000000000000000000000000000000000000000000,|||,|||,|||,|||,|||,|||,|||,|||,|||,|||
185.173.35.17,185.173.35.17,00000000000000000000000000000000000000000000000000000000000000,|||,|||,|||,|||,|||,|||,|||,|||,|||,|||
185.180.143.79,185.180.143.79,00000000000000000000000000000000000000000000000000000000000000,|||,|||,|||,|||,|||,|||,|||,|||,|||,|||
185.245.86.226,185.245.86.226,00000000000000000000000000000000000000000000000000000000000000,|||,|||,|||,|||,|||,|||,|||,|||,|||,|||
185.173.35.41,185.173.35.41,00000000000000000000000000000000000000000000000000000000000000,|||,|||,|||,|||,|||,|||,|||,|||,|||,|||
159.203.126.225,159.203.126.225,00000000000000000000000000000000000000000000000000000000000000,|||,|||,|||,|||,|||,|||,|||,|||,|||,|||
159.196.170.133,159.196.170.133,00000000000000000000000000000000000000000000000000000000000000,|||,|||,|||,|||,|||,|||,|||,|||,|||,|||
185.173.35.53,185.173.35.53,00000000000000000000000000000000000000000000000000000000000000,|||,|||,|||,|||,|||,|||,|||,|||,|||,|||
159.118.15.116,159.118.15.116,00000000000000000000000000000000000000000000000000000000000000,|||,|||,|||,|||,|||,|||,|||,|||,|||,|||
185.180.143.97,185.180.143.97,00000000000000000000000000000000000000000000000000000000000000,|||,|||,|||,|||,|||,|||,|||,|||,|||,|||
158.140.181.58,158.140.181.58,00000000000000000000000000000000000000000000000000000000000000,|||,|||,|||,|||,|||,|||,|||,|||,|||,|||
159.138.24.33,159.138.24.33,00000000000000000000000000000000000000000000000000000000000000,|||,|||,|||,|||,|||,|||,|||,|||,|||,|||
177.21.237.100,177.21.237.100,00000000000000000000000000000000000000000000000000000000000000,|||,|||,|||,|||,|||,|||,|||,|||,|||,|||
157.245.59.13,157.245.59.13,00000000000000000000000000000000000000000000000000000000000000,|||,|||,|||,|||,|||,|||,|||,|||,|||,|||
158.222.214.1,158.222.214.1,00000000000000000000000000000000000000000000000000000000000000,|||,|||,|||,|||,|||,|||,|||,|||,|||,|||
185.22.175.132,185.22.175.132,00000000000000000000000000000000000000000000000000000000000000,|||,|||,|||,|||,|||,|||,|||,|||,|||,|||
185.180.143.98,185.180.143.98,00000000000000000000000000000000000000000000000000000000000000,|||,|||,|||,|||,|||,|||,|||,|||,|||,|||
185.173.35.57,185.173.35.57,00000000000000000000000000000000000000000000000000000000000000,|||,|||,|||,|||,|||,|||,|||,|||,|||,|||
185.173.35.5,185.173.35.5,00000000000000000000000000000000000000000000000000000000000000,|||,|||,|||,|||,|||,|||,|||,|||,|||,|||
159.117.172.95,159.117.172.95,00000000000000000000000000000000000000000000000000000000000000,|||,|||,|||,|||,|||,|||,|||,|||,|||,|||
185.173.35.61,185.173.35.61,00000000000000000000000000000000000000000000000000000000000000,|||,|||,|||,|||,|||,|||,|||,|||,|||,|||
185.173.35.9,185.173.35.9,00000000000000000000000000000000000000000000000000000000000000,|||,|||,|||,|||,|||,|||,|||,|||,|||,|||
185.46.163.163,185.46.163.163,2ad2ad16d2ad2ad22c2ad2ad2ad2ad47321614530b94a96fa03d06e666d6d6,c030|0303|http/1.1|ff01-000b-0023-0010,c030|0303|http/1.1|ff01-000b-0023-0010,009f|0303|http/1.1|ff01-0023-0010,c030|0303||ff01-000b-0023,c030|0303||ff01-000b-0023,c014|0302|http/1.1|ff01-000b-0023-0010,c030|0303|http/1.1|ff01-000b-0023-0010,c030|0303|http/1.1|ff01-000b-0023-0010,c030|0303|http/1.1|ff01-000b-0023-0010,c030|0303|http/1.1|ff01-000b-0023-0010
185.180.143.99,185.180.143.99,00000000000000000000000000000000000000000000000000000000000000,|||,|||,|||,|||,|||,|||,|||,|||,|||,|||
181.164.244.231,181.164.244.231,08d08d00008d08d08c08d08d08d08d9674c6b4e623ae36cc2d998e99e2262e,0035|0303||ff01-0023,0035|0303||ff01-0023,|||,0035|0303||ff01-0023,0035|0303||ff01-0023,0035|0302||ff01-0023,0035|0303||ff01-0023,0035|0303||ff01-0023,0035|0303||ff01-0023,0035|0303||ff01-0023
159.203.67.231,159.203.67.231,00000000000000000000000000000000000000000000000000000000000000,|||,|||,|||,|||,|||,|||,|||,|||,|||,|||
159.223.118.239,159.223.118.239,00000000000000000000000000000000000000000000000000000000000000,|||,|||,|||,|||,|||,|||,|||,|||,|||,|||
159.203.115.142,159.203.115.142,00000000000000000000000000000000000000000000000000000000000000,|||,|||,|||,|||,|||,|||,|||,|||,|||,|||
181.30.28.36,181.30.28.36,21d19d00021d21d21c42d43d000000624c0617d7b1f32125cdb5240cd23ec9,c013|0303||ff01-0000-0001-000b-0017,00c0|0303||ff01-0000-0001-0017,|||,c013|0303||ff01-0000-0001-000b-0017,c013|0303||ff01-0000-0001-000b-0017,c013|0302||ff01-0000-0001-000b-0017,1302|0303||002b-0033,1303|0303||002b-0033,|||,|||
185.191.32.138,185.191.32.138,00000000000000000000000000000000000000000000000000000000000000,|||,|||,|||,|||,|||,|||,|||,|||,|||,|||
159.203.75.168,159.203.75.168,00000000000000000000000000000000000000000000000000000000000000,|||,|||,|||,|||,|||,|||,|||,|||,|||,|||
185.173.35.45,185.173.35.45,00000000000000000000000000000000000000000000000000000000000000,|||,|||,|||,|||,|||,|||,|||,|||,|||,|||
159.203.68.99,159.203.68.99,00000000000000000000000000000000000000000000000000000000000000,|||,|||,|||,|||,|||,|||,|||,|||,|||,|||
182.150.1.19,182.150.1.19,00000000000000000000000000000000000000000000000000000000000000,|||,|||,|||,|||,|||,|||,|||,|||,|||,|||
185.50.148.85,185.50.148.85,00000000000000000000000000000000000000000000000000000000000000,|||,|||,|||,|||,|||,|||,|||,|||,|||,|||
181.88.198.86,181.88.198.86,00000000000000000000000000000000000000000000000000000000000000,|||,|||,|||,|||,|||,|||,|||,|||,|||,|||
185.255.92.141,185.255.92.141,3fd3fd15d3fd3fd21c3fd3fd3fd3fdc110bab2c0a19e5d4e587c17ce497b15,cca8|0303|http/1.1|ff01-0001-000b-0023-0010-0017,cca8|0303|http/1.1|ff01-0001-000b-0023-0010-0017,009e|0303|http/1.1|ff01-0001-0023-0010-0017,cca8|0303||ff01-0001-000b-0023-0017,cca8|0303||ff01-0001-000b-0023-0017,c013|0302|http/1.1|ff01-0001-000b-0023-0010-0017,cca8|0303|http/1.1|ff01-0001-000b-0023-0010-0017,cca8|0303|http/1.1|ff01-0001-000b-0023-0010-0017,cca8|0303|http/1.1|ff01-0001-000b-0023-0010-0017,cca8|0303|http/1.1|ff01-0001-000b-0023-0010-0017
159.223.118.36,159.223.118.36,00000000000000000000000000000000000000000000000000000000000000,|||,|||,|||,|||,|||,|||,|||,|||,|||,|||
159.203.115.144,159.203.115.144,00000000000000000000000000000000000000000000000000000000000000,|||,|||,|||,|||,|||,|||,|||,|||,|||,|||
185.126.200.195,185.126.200.195,3fd3fd15d3fd3fd21c3fd3fd3fd3fdc110bab2c0a19e5d4e587c17ce497b15,cca8|0303|http/1.1|ff01-0001-000b-0023-0010-0017,cca8|0303|http/1.1|ff01-0001-000b-0023-0010-0017,009e|0303|http/1.1|ff01-0001-0023-0010-0017,cca8|0303||ff01-0001-000b-0023-0017,cca8|0303||ff01-0001-000b-0023-0017,c013|0302|http/1.1|ff01-0001-000b-0023-0010-0017,cca8|0303|http/1.1|ff01-0001-000b-0023-0010-0017,cca8|0303|http/1.1|ff01-0001-000b-0023-0010-0017,cca8|0303|http/1.1|ff01-0001-000b-0023-0010-0017,cca8|0303|http/1.1|ff01-0001-000b-0023-0010-0017
182.92.176.69,182.92.176.69,00000000000000000000000000000000000000000000000000000000000000,|||,|||,|||,|||,|||,|||,|||,|||,|||,|||
159.223.185.67,159.223.185.67,00000000000000000000000000000000000000000000000000000000000000,|||,|||,|||,|||,|||,|||,|||,|||,|||,|||
159.223.123.141,159.223.123.141,00000000000000000000000000000000000000000000000000000000000000,|||,|||,|||,|||,|||,|||,|||,|||,|||,|||
159.223.73.64,159.223.73.64,00000000000000000000000000000000000000000000000000000000000000,|||,|||,|||,|||,|||,|||,|||,|||,|||,|||
159.223.30.132,159.223.30.132,00000000000000000000000000000000000000000000000000000000000000,|||,|||,|||,|||,|||,|||,|||,|||,|||,|||
159.223.21.165,159.223.21.165,00000000000000000000000000000000000000000000000000000000000000,|||,|||,|||,|||,|||,|||,|||,|||,|||,|||
158.177.239.25,158.177.239.25,00000000000000000000000000000000000000000000000000000000000000,|||,|||,|||,|||,|||,|||,|||,|||,|||,|||
185.97.113.72,185.97.113.72,00000000000000000000000000000000000000000000000000000000000000,|||,|||,|||,|||,|||,|||,|||,|||,|||,|||
159.223.36.202,159.223.36.202,00000000000000000000000000000000000000000000000000000000000000,|||,|||,|||,|||,|||,|||,|||,|||,|||,|||
159.223.165.2,159.223.165.2,00000000000000000000000000000000000000000000000000000000000000,|||,|||,|||,|||,|||,|||,|||,|||,|||,|||
159.223.10.176,159.223.10.176,00000000000000000000000000000000000000000000000000000000000000,|||,|||,|||,|||,|||,|||,|||,|||,|||,|||
159.223.48.244,159.223.48.244,00000000000000000000000000000000000000000000000000000000000000,|||,|||,|||,|||,|||,|||,|||,|||,|||,|||
185.242.5.46,185.242.5.46,00000000000000000000000000000000000000000000000000000000000000,|||,|||,|||,|||,|||,|||,|||,|||,|||,|||
159.223.127.250,159.223.127.250,00000000000000000000000000000000000000000000000000000000000000,|||,|||,|||,|||,|||,|||,|||,|||,|||,|||
183.101.198.247,183.101.198.247,00000000000000000000000000000000000000000000000000000000000000,|||,|||,|||,|||,|||,|||,|||,|||,|||,|||
185.226.116.73,185.226.116.73,2ad2ad16d00000022c2ad2ad2ad2ad46ff59a659b30fd8aeaa6755c67691b4,c030|0303|h2|0010-0017-ff01,c030|0303|h2|0010-0017-ff01,009f|0303|h2|0010-0017-ff01,|||,|||,c014|0302|http/1.1|0010-0017-ff01,c030|0303|h2|0010-0017-ff01,c030|0303|h2|0010-0017-ff01,c030|0303|h2|0010-0017-ff01,c030|0303|h2|0010-0017-ff01
159.223.115.194,159.223.115.194,00000000000000000000000000000000000000000000000000000000000000,|||,|||,|||,|||,|||,|||,|||,|||,|||,|||
188.112.136.112,188.112.136.112,00000000000000000000000000000000000000000000000000000000000000,|||,|||,|||,|||,|||,|||,|||,|||,|||,|||
188.119.112.225,188.119.112.225,00000000000000000000000000000000000000000000000000000000000000,|||,|||,|||,|||,|||,|||,|||,|||,|||,|||
159.203.11.120,159.203.11.120,00000000000000000000000000000000000000000000000000000000000000,|||,|||,|||,|||,|||,|||,|||,|||,|||,|||
159.223.128.137,159.223.128.137,00000000000000000000000000000000000000000000000000000000000000,|||,|||,|||,|||,|||,|||,|||,|||,|||,|||
123.207.94.32,123.207.94.32,00000000000000000000000000000000000000000000000000000000000000,|||,|||,|||,|||,|||,|||,|||,|||,|||,|||
159.223.47.36,159.223.47.36,00000000000000000000000000000000000000000000000000000000000000,|||,|||,|||,|||,|||,|||,|||,|||,|||,|||
188.166.125.38,188.166.125.38,00000000000000000000000000000000000000000000000000000000000000,|||,|||,|||,|||,|||,|||,|||,|||,|||,|||
159.203.71.160,159.203.71.160,00000000000000000000000000000000000000000000000000000000000000,|||,|||,|||,|||,|||,|||,|||,|||,|||,|||
159.223.44.197,159.223.44.197,00000000000000000000000000000000000000000000000000000000000000,|||,|||,|||,|||,|||,|||,|||,|||,|||,|||
180.76.166.90,180.76.166.90,29d29d20d29d29d22c29d29d29d29d8e917db1de9d33002d70770504a55ef7,c02f|0303|http/1.1|0000-ff01-000b-0023-0010,c02f|0303|http/1.1|0000-ff01-000b-0023-0010,c012|0303|http/1.1|0000-ff01-000b-0023-0010,c02f|0303||0000-ff01-000b-0023,c02f|0303||0000-ff01-000b-0023,c014|0302|http/1.1|0000-ff01-000b-0023-0010,c02f|0303|http/1.1|0000-ff01-000b-0023-0010,c02f|0303|http/1.1|0000-ff01-000b-0023-0010,c02f|0303|http/1.1|0000-ff01-000b-0023-0010,c02f|0303|http/1.1|0000-ff01-000b-0023-0010
159.223.39.101,159.223.39.101,00000000000000000000000000000000000000000000000000000000000000,|||,|||,|||,|||,|||,|||,|||,|||,|||,|||
188.166.149.36,188.166.149.36,00000000000000000000000000000000000000000000000000000000000000,|||,|||,|||,|||,|||,|||,|||,|||,|||,|||
188.166.104.176,188.166.104.176,00000000000000000000000000000000000000000000000000000000000000,|||,|||,|||,|||,|||,|||,|||,|||,|||,|||
188.166.105.14,188.166.105.14,00000000000000000000000000000000000000000000000000000000000000,|||,|||,|||,|||,|||,|||,|||,|||,|||,|||
159.65.158.254,159.65.158.254,00000000000000000000000000000000000000000000000000000000000000,|||,|||,|||,|||,|||,|||,|||,|||,|||,|||
188.127.251.15,188.127.251.15,00000000000000000000000000000000000000000000000000000000000000,|||,|||,|||,|||,|||,|||,|||,|||,|||,|||
159.65.178.193,159.65.178.193,00000000000000000000000000000000000000000000000000000000000000,|||,|||,|||,|||,|||,|||,|||,|||,|||,|||
159.45.221.180,159.45.221.180,00000000000000000000000000000000000000000000000000000000000000,|||,|||,|||,|||,|||,|||,|||,|||,|||,|||
188.112.136.6,188.112.136.6,00000000000000000000000000000000000000000000000000000000000000,|||,|||,|||,|||,|||,|||,|||,|||,|||,|||
159.65.24.90,159.65.24.90,00000000000000000000000000000000000000000000000000000000000000,|||,|||,|||,|||,|||,|||,|||,|||,|||,|||
184.168.124.202,184.168.124.202,21d19d00021d21d21c21d19d21d21d3b0d229d76f2fd7cb8e23bb87da38a20,c013|0303|http/1.1|ff01-0000-0001-000b-0023-0010-0017,00c0|0303|http/1.1|ff01-0000-0001-0023-0010-0017,|||,c013|0303||ff01-0000-0001-000b-0023-0017,c013|0303||ff01-0000-0001-000b-0023-0017,c013|0302|http/1.1|ff01-0000-0001-000b-0023-0010-0017,c013|0303|http/1.1|ff01-0000-0001-000b-0023-0010-0017,00c0|0303|http/1.1|ff01-0000-0001-0023-0010-0017,c013|0303|http/1.1|ff01-0000-0001-000b-0023-0010-0017,c013|0303|http/1.1|ff01-0000-0001-000b-0023-0010-0017
159.65.154.197,159.65.154.197,00000000000000000000000000000000000000000000000000000000000000,|||,|||,|||,|||,|||,|||,|||,|||,|||,|||
188.166.20.26,188.166.20.26,00000000000000000000000000000000000000000000000000000000000000,|||,|||,|||,|||,|||,|||,|||,|||,|||,|||
188.166.39.19,188.166.39.19,00000000000000000000000000000000000000000000000000000000000000,|||,|||,|||,|||,|||,|||,|||,|||,|||,|||
159.65.156.110,159.65.156.110,00000000000000000000000000000000000000000000000000000000000000,|||,|||,|||,|||,|||,|||,|||,|||,|||,|||
186.1.15.72,186.1.15.72,00000000000000000000000000000000000000000000000000000000000000,|||,|||,|||,|||,|||,|||,|||,|||,|||,|||
185.51.204.174,185.51.204.174,00000000000000000000000000000000000000000000000000000000000000,|||,|||,|||,|||,|||,|||,|||,|||,|||,|||
188.166.25.186,188.166.25.186,00000000000000000000000000000000000000000000000000000000000000,|||,|||,|||,|||,|||,|||,|||,|||,|||,|||
159.65.173.168,159.65.173.168,00000000000000000000000000000000000000000000000000000000000000,|||,|||,|||,|||,|||,|||,|||,|||,|||,|||
188.166.78.53,188.166.78.53,00000000000000000000000000000000000000000000000000000000000000,|||,|||,|||,|||,|||,|||,|||,|||,|||,|||
159.75.2.217,159.75.2.217,00000000000000000000000000000000000000000000000000000000000000,|||,|||,|||,|||,|||,|||,|||,|||,|||,|||
188.166.164.250,188.166.164.250,00000000000000000000000000000000000000000000000000000000000000,|||,|||,|||,|||,|||,|||,|||,|||,|||,|||
188.166.64.136,188.166.64.136,00000000000000000000000000000000000000000000000000000000000000,|||,|||,|||,|||,|||,|||,|||,|||,|||,|||
159.89.110.192,159.89.110.192,00000000000000000000000000000000000000000000000000000000000000,|||,|||,|||,|||,|||,|||,|||,|||,|||,|||
139.155.1.129,139.155.1.129,00000000000000000000000000000000000000000000000000000000000000,|||,|||,|||,|||,|||,|||,|||,|||,|||,|||
159.89.127.232,159.89.127.232,00000000000000000000000000000000000000000000000000000000000000,|||,|||,|||,|||,|||,|||,|||,|||,|||,|||
188.190.31.93,188.190.31.93,00000000000000000000000000000000000000000000000000000000000000,|||,|||,|||,|||,|||,|||,|||,|||,|||,|||
159.65.40.12,159.65.40.12,00000000000000000000000000000000000000000000000000000000000000,|||,|||,|||,|||,|||,|||,|||,|||,|||,|||
159.89.123.81,159.89.123.81,00000000000000000000000000000000000000000000000000000000000000,|||,|||,|||,|||,|||,|||,|||,|||,|||,|||
188.138.1.148,188.138.1.148,05d10d20d21d20d05c05d10d05d20d74fcf6501ae7a92319e575bfafd2a827,0016|0303||ff01-0023,0084|0303||ff01-0023,c012|0303||ff01-000b-0023,c013|0303||ff01-000b-0023,c012|0303||ff01-000b-0023,0016|0302||ff01-0023,0016|0303||ff01-0023,0084|0303||ff01-0023,0016|0303||ff01-0023,c012|0303||ff01-000b-0023
159.223.98.145,159.223.98.145,00000000000000000000000000000000000000000000000000000000000000,|||,|||,|||,|||,|||,|||,|||,|||,|||,|||
178.128.120.71,178.128.120.71,29d29d00029d29d21c29d29d29d29d9fd3d8bf102e8b602a7adaf15a7c0dbc,c02f|0303|h2|0000-ff01-000b-0010,c02f|0303|h2|0000-ff01-000b-0010,|||,c02f|0303||0000-ff01-000b,c02f|0303||0000-ff01-000b,c013|0302|h2|0000-ff01-000b-0010,c02f|0303|h2|0000-ff01-000b-0010,c02f|0303|h2|0000-ff01-000b-0010,c02f|0303|h2|0000-ff01-000b-0010,c02f|0303|h2|0000-ff01-000b-0010
159.89.12.100,159.89.12.100,00000000000000000000000000000000000000000000000000000000000000,|||,|||,|||,|||,|||,|||,|||,|||,|||,|||
159.89.26.35,159.89.26.35,00000000000000000000000000000000000000000000000000000000000000,|||,|||,|||,|||,|||,|||,|||,|||,|||,|||
188.13.165.158,188.13.165.158,00000000000000000000000000000000000000000000000000000000000000,|||,|||,|||,|||,|||,|||,|||,|||,|||,|||
180.76.38.99,180.76.38.99,00000000000000000000000000000000000000000000000000000000000000,|||,|||,|||,|||,|||,|||,|||,|||,|||,|||
186.116.233.212,186.116.233.212,00000000000000000000000000000000000000000000000000000000000000,|||,|||,|||,|||,|||,|||,|||,|||,|||,|||
188.226.174.45,188.226.174.45,00000000000000000000000000000000000000000000000000000000000000,|||,|||,|||,|||,|||,|||,|||,|||,|||,|||
160.119.54.143,160.119.54.143,00000000000000000000000000000000000000000000000000000000000000,|||,|||,|||,|||,|||,|||,|||,|||,|||,|||
185.124.240.140,185.124.240.140,21d14d00021d21d21c21d14d21d21dcade67768786e23ca695466fb7f94658,c013|0303||ff01-000b-0023-0017,009d|0303||ff01-0023-0017,|||,c013|0303||ff01-000b-0023-0017,c013|0303||ff01-000b-0023-0017,c013|0302||ff01-000b-0023-0017,c013|0303||ff01-000b-0023-0017,009d|0303||ff01-0023-0017,c013|0303||ff01-000b-0023-0017,c013|0303||ff01-000b-0023-0017
159.65.35.202,159.65.35.202,00000000000000000000000000000000000000000000000000000000000000,|||,|||,|||,|||,|||,|||,|||,|||,|||,|||
159.223.61.33,159.223.61.33,00000000000000000000000000000000000000000000000000000000000000,|||,|||,|||,|||,|||,|||,|||,|||,|||,|||
159.75.119.218,159.75.119.218,00000000000000000000000000000000000000000000000000000000000000,|||,|||,|||,|||,|||,|||,|||,|||,|||,|||
188.225.86.196,188.225.86.196,00000000000000000000000000000000000000000000000000000000000000,|||,|||,|||,|||,|||,|||,|||,|||,|||,|||
93.43.107.219,93.43.107.219,00000000000000000000000000000000000000000000000000000000000000,|||,|||,|||,|||,|||,|||,|||,|||,|||,|||
188.166.170.232,188.166.170.232,00000000000000000000000000000000000000000000000000000000000000,|||,|||,|||,|||,|||,|||,|||,|||,|||,|||
182.73.153.222,182.73.153.222,2ad2ad0002ad2ad22c2ad2ad2ad2ad4d38a7b5ffb0e5536d09513d9de81205,c030|0303||ff01-000b-0023,c030|0303||ff01-000b-0023,|||,c030|0303||ff01-000b-0023,c030|0303||ff01-000b-0023,c014|0302||ff01-000b-0023,c030|0303||ff01-000b-0023,c030|0303||ff01-000b-0023,c030|0303||ff01-000b-0023,c030|0303||ff01-000b-0023
188.166.107.221,188.166.107.221,00000000000000000000000000000000000000000000000000000000000000,|||,|||,|||,|||,|||,|||,|||,|||,|||,|||
160.176.21.30,160.176.21.30,00000000000000000000000000000000000000000000000000000000000000,|||,|||,|||,|||,|||,|||,|||,|||,|||,|||
161.0.100.12,161.0.100.12,00000000000000000000000000000000000000000000000000000000000000,|||,|||,|||,|||,|||,|||,|||,|||,|||,|||
160.174.129.174,160.174.129.174,00000000000000000000000000000000000000000000000000000000000000,|||,|||,|||,|||,|||,|||,|||,|||,|||,|||
182.66.64.138,182.66.64.138,2ad2ad0002ad2ad22c2ad2ad2ad2ad4d38a7b5ffb0e5536d09513d9de81205,c030|0303||ff01-000b-0023,c030|0303||ff01-000b-0023,|||,c030|0303||ff01-000b-0023,c030|0303||ff01-000b-0023,c014|0302||ff01-000b-0023,c030|0303||ff01-000b-0023,c030|0303||ff01-000b-0023,c030|0303||ff01-000b-0023,c030|0303||ff01-000b-0023
188.166.164.180,188.166.164.180,29d29d00029d29d22c29d29d29d29dce7a321e4956e8298ba917e9f2c22849,c02f|0303|http/1.1|ff01-0001-000b-0023-0010-0017,c02f|0303|http/1.1|ff01-0001-000b-0023-0010-0017,|||,c02f|0303||ff01-0001-000b-0023-0017,c02f|0303||ff01-0001-000b-0023-0017,c014|0302|http/1.1|ff01-0001-000b-0023-0010-0017,c02f|0303|http/1.1|ff01-0001-000b-0023-0010-0017,c02f|0303|http/1.1|ff01-0001-000b-0023-0010-0017,c02f|0303|http/1.1|ff01-0001-000b-0023-0010-0017,c02f|0303|http/1.1|ff01-0001-000b-0023-0010-0017
188.166.38.149,188.166.38.149,00000000000000000000000000000000000000000000000000000000000000,|||,|||,|||,|||,|||,|||,|||,|||,|||,|||
188.68.40.241,188.68.40.241,00000000000000000000000000000000000000000000000000000000000000,|||,|||,|||,|||,|||,|||,|||,|||,|||,|||
160.238.228.35,160.238.228.35,00000000000000000000000000000000000000000000000000000000000000,|||,|||,|||,|||,|||,|||,|||,|||,|||,|||
159.65.189.53,159.65.189.53,00000000000000000000000000000000000000000000000000000000000000,|||,|||,|||,|||,|||,|||,|||,|||,|||,|||
161.35.101.47,161.35.101.47,00000000000000000000000000000000000000000000000000000000000000,|||,|||,|||,|||,|||,|||,|||,|||,|||,|||
159.65.247.232,159.65.247.232,00000000000000000000000000000000000000000000000000000000000000,|||,|||,|||,|||,|||,|||,|||,|||,|||,|||
188.166.162.209,188.166.162.209,2ad2ad0002ad2ad00042d42d000000301510f56407964db9434a9bb0d4ee4a,c030|0303|http/1.1|ff01-0000-0001-000b-0023-0010-0017,c030|0303|http/1.1|ff01-0000-0001-000b-0023-0010-0017,|||,c030|0303||ff01-0000-0001-000b-0023-0017,c030|0303||ff01-0000-0001-000b-0023-0017,|||,1302|0303||002b-0033,1302|0303||002b-0033,|||,|||
160.226.213.247,160.226.213.247,00000000000000000000000000000000000000000000000000000000000000,|||,|||,|||,|||,|||,|||,|||,|||,|||,|||
188.166.22.196,188.166.22.196,2ad2ad0002ad2ad0002ad2ad2ad2ade1a3c0d7ca6ad8388057924be83dfc6a,c030|0303|http/1.1|ff01-0000-0001-000b-0023-0010-0017,c030|0303|http/1.1|ff01-0000-0001-000b-0023-0010-0017,|||,c030|0303||ff01-0000-0001-000b-0023-0017,c030|0303||ff01-0000-0001-000b-0023-0017,|||,c030|0303|http/1.1|ff01-0000-0001-000b-0023-0010-0017,c030|0303|http/1.1|ff01-0000-0001-000b-0023-0010-0017,c030|0303|http/1.1|ff01-0000-0001-000b-0023-0010-0017,c030|0303|http/1.1|ff01-0000-0001-000b-0023-0010-0017
188.166.76.6,188.166.76.6,15d3fd16d21d21d00042d43d000000fbc10435df141b3459e26f69e76d5947,009e|0303|h2|ff01-0000-0001-0010-0017,cca8|0303|h2|ff01-0000-0001-000b-0010-0017,009f|0303|h2|ff01-0000-0001-0010-0017,c013|0303||ff01-0000-0001-000b-0017,c013|0303||ff01-0000-0001-000b-0017,|||,1302|0303||002b-0033,1303|0303||002b-0033,|||,|||
159.89.206.212,159.89.206.212,00000000000000000000000000000000000000000000000000000000000000,|||,|||,|||,|||,|||,|||,|||,|||,|||,|||
175.178.73.59,175.178.73.59,00000000000000000000000000000000000000000000000000000000000000,|||,|||,|||,|||,|||,|||,|||,|||,|||,|||
159.65.48.131,159.65.48.131,00000000000000000000000000000000000000000000000000000000000000,|||,|||,|||,|||,|||,|||,|||,|||,|||,|||
188.166.93.101,188.166.93.101,2ad2ad0002ad2ad00042d42d0000002059a3b916699461c5923779b77cf06b,c030|0303|h2|ff01-0000-0001-000b-0023-0010-0017,c030|0303|h2|ff01-0000-0001-000b-0023-0010-0017,|||,c030|0303|http/1.0|ff01-0000-0001-000b-0023-0010-0017,c030|0303|http/1.0|ff01-0000-0001-000b-0023-0010-0017,|||,1302|0303||002b-0033,1302|0303||002b-0033,|||,|||
188.166.24.168,188.166.24.168,3fd21b20d3fd3fd21c3fd21b21b3fd09a00b24483586e69e1b2e49cc2ece92,cca8|0303||0023-ff01-000b,c013|0301||0023-ff01-000b,c012|0303||0023-ff01-000b,cca8|0303||0023-ff01-000b,cca8|0303||0023-ff01-000b,c013|0302||0023-ff01-000b,cca8|0303||0023-ff01-000b,c013|0301||0023-ff01-000b,c013|0301||0023-ff01-000b,cca8|0303||0023-ff01-000b
187.155.54.9,187.155.54.9,00000000000000000000000000000000000000000000000000000000000000,|||,|||,|||,|||,|||,|||,|||,|||,|||,|||
159.75.97.157,159.75.97.157,00000000000000000000000000000000000000000000000000000000000000,|||,|||,|||,|||,|||,|||,|||,|||,|||,|||
159.89.160.239,159.89.160.239,00000000000000000000000000000000000000000000000000000000000000,|||,|||,|||,|||,|||,|||,|||,|||,|||,|||
188.166.77.189,188.166.77.189,2ad2ad0002ad2ad00042d42d000000301510f56407964db9434a9bb0d4ee4a,c030|0303|http/1.1|ff01-0000-0001-000b-0023-0010-0017,c030|0303|http/1.1|ff01-0000-0001-000b-0023-0010-0017,|||,c030|0303||ff01-0000-0001-000b-0023-0017,c030|0303||ff01-0000-0001-000b-0023-0017,|||,1302|0303||002b-0033,1302|0303||002b-0033,|||,|||
188.166.68.201,188.166.68.201,3fd21b20d3fd3fd21c3fd21b21b3fd09a00b24483586e69e1b2e49cc2ece92,cca8|0303||0023-ff01-000b,c013|0301||0023-ff01-000b,c012|0303||0023-ff01-000b,cca8|0303||0023-ff01-000b,cca8|0303||0023-ff01-000b,c013|0302||0023-ff01-000b,cca8|0303||0023-ff01-000b,c013|0301||0023-ff01-000b,c013|0301||0023-ff01-000b,cca8|0303||0023-ff01-000b
188.166.44.136,188.166.44.136,3fd21b20d3fd3fd21c3fd21b21b3fd09a00b24483586e69e1b2e49cc2ece92,cca8|0303||0023-ff01-000b,c013|0301||0023-ff01-000b,c012|0303||0023-ff01-000b,cca8|0303||0023-ff01-000b,cca8|0303||0023-ff01-000b,c013|0302||0023-ff01-000b,cca8|0303||0023-ff01-000b,c013|0301||0023-ff01-000b,c013|0301||0023-ff01-000b,cca8|0303||0023-ff01-000b
188.166.98.102,188.166.98.102,21d19d00021d21d21c21d19d21d21da1a818a999858855445ec8a8fdd38eb5,c013|0303|h2|ff01-0000-0001-000b-0023-0010-0017,00c0|0303|h2|ff01-0000-0001-0023-0010-0017,|||,c013|0303||ff01-0000-0001-000b-0023-0017,c013|0303||ff01-0000-0001-000b-0023-0017,c013|0302|h2|ff01-0000-0001-000b-0023-0010-0017,c013|0303|h2|ff01-0000-0001-000b-0023-0010-0017,00c0|0303|h2|ff01-0000-0001-0023-0010-0017,c013|0303|h2|ff01-0000-0001-000b-0023-0010-0017,c013|0303|h2|ff01-0000-0001-000b-0023-0010-0017
161.35.158.171,161.35.158.171,00000000000000000000000000000000000000000000000000000000000000,|||,|||,|||,|||,|||,|||,|||,|||,|||,|||
182.140.244.185,182.140.244.185,21d10d00021d21d21c21d10d21d21dfa4f2d467cfc282d8a9029b2af1af43b,c013|0303|http/1.1|0000-ff01-000b-0023-0010,0084|0303|http/1.1|0000-ff01-0023-0010,|||,c013|0303||0000-ff01-000b-0023,c013|0303||0000-ff01-000b-0023,c013|0302|http/1.1|0000-ff01-000b-0023-0010,c013|0303|http/1.1|0000-ff01-000b-0023-0010,0084|0303|http/1.1|0000-ff01-0023-0010,c013|0303|http/1.1|0000-ff01-000b-0023-0010,c013|0303|http/1.1|0000-ff01-000b-0023-0010
188.166.64.162,188.166.64.162,15d3fd16d21d21d00042d43d000000fe02290512647416dcf0a400ccbc0b6b,009e|0303|http/1.1|ff01-0000-0001-0010-0017,cca8|0303|http/1.1|ff01-0000-0001-000b-0010-0017,009f|0303|http/1.1|ff01-0000-0001-0010-0017,c013|0303||ff01-0000-0001-000b-0017,c013|0303||ff01-0000-0001-000b-0017,|||,1302|0303||002b-0033,1303|0303||002b-0033,|||,|||
187.177.131.238,187.177.131.238,00000000000000000000000000000000000000000000000000000000000000,|||,|||,|||,|||,|||,|||,|||,|||,|||,|||
188.93.64.222,188.93.64.222,00000000000000000000000000000000000000000000000000000000000000,|||,|||,|||,|||,|||,|||,|||,|||,|||,|||
161.35.219.232,161.35.219.232,00000000000000000000000000000000000000000000000000000000000000,|||,|||,|||,|||,|||,|||,|||,|||,|||,|||
161.35.199.104,161.35.199.104,00000000000000000000000000000000000000000000000000000000000000,|||,|||,|||,|||,|||,|||,|||,|||,|||,|||
188.75.16.76,188.75.16.76,00000000000000000000000000000000000000000000000000000000000000,|||,|||,|||,|||,|||,|||,|||,|||,|||,|||
186.69.28.126,186.69.28.126,00000000000000000000000000000000000000000000000000000000000000,|||,|||,|||,|||,|||,|||,|||,|||,|||,|||
161.35.188.119,161.35.188.119,00000000000000000000000000000000000000000000000000000000000000,|||,|||,|||,|||,|||,|||,|||,|||,|||,|||
183.108.171.134,183.108.171.134,29d29d00029d29d22c29d29d29d29d881e59db99b9f67f908be168829ecef9,c02f|0303|http/1.1|ff01-000b-0023-0010,c02f|0303|http/1.1|ff01-000b-0023-0010,|||,c02f|0303||ff01-000b-0023,c02f|0303||ff01-000b-0023,c014|0302|http/1.1|ff01-000b-0023-0010,c02f|0303|http/1.1|ff01-000b-0023-0010,c02f|0303|http/1.1|ff01-000b-0023-0010,c02f|0303|http/1.1|ff01-000b-0023-0010,c02f|0303|http/1.1|ff01-000b-0023-0010
187.147.38.246,187.147.38.246,00000000000000000000000000000000000000000000000000000000000000,|||,|||,|||,|||,|||,|||,|||,|||,|||,|||
186.226.61.58,186.226.61.58,00000000000000000000000000000000000000000000000000000000000000,|||,|||,|||,|||,|||,|||,|||,|||,|||,|||
188.49.59.16,188.49.59.16,00000000000000000000000000000000000000000000000000000000000000,|||,|||,|||,|||,|||,|||,|||,|||,|||,|||
161.35.69.163,161.35.69.163,00000000000000000000000000000000000000000000000000000000000000,|||,|||,|||,|||,|||,|||,|||,|||,|||,|||
159.65.178.68,159.65.178.68,00000000000000000000000000000000000000000000000000000000000000,|||,|||,|||,|||,|||,|||,|||,|||,|||,|||
183.82.121.174,183.82.121.174,00000000000000000000000000000000000000000000000000000000000000,|||,|||,|||,|||,|||,|||,|||,|||,|||,|||
162.14.103.5,162.14.103.5,00000000000000000000000000000000000000000000000000000000000000,|||,|||,|||,|||,|||,|||,|||,|||,|||,|||
187.19.146.154,187.19.146.154,00000000000000000000000000000000000000000000000000000000000000,|||,|||,|||,|||,|||,|||,|||,|||,|||,|||
187.114.214.30,187.114.214.30,00000000000000000000000000000000000000000000000000000000000000,|||,|||,|||,|||,|||,|||,|||,|||,|||,|||
183.66.208.6,183.66.208.6,29d29d20d29d29d22c29d29d29d29df51c60823f963b0fe11deab8efc70b4b,c02f|0303|http/1.1|ff01-000b-0023-0010,c02f|0303|http/1.1|ff01-000b-0023-0010,c012|0303|http/1.1|ff01-000b-0023-0010,c02f|0303||ff01-000b-0023,c02f|0303||ff01-000b-0023,c014|0302|http/1.1|ff01-000b-0023-0010,c02f|0303|http/1.1|ff01-000b-0023-0010,c02f|0303|http/1.1|ff01-000b-0023-0010,c02f|0303|http/1.1|ff01-000b-0023-0010,c02f|0303|http/1.1|ff01-000b-0023-0010
186.224.22.24,186.224.22.24,00000000000000000000000000000000000000000000000000000000000000,|||,|||,|||,|||,|||,|||,|||,|||,|||,|||
187.131.33.112,187.131.33.112,00000000000000000000000000000000000000000000000000000000000000,|||,|||,|||,|||,|||,|||,|||,|||,|||,|||
187.224.60.43,187.224.60.43,00000000000000000000000000000000000000000000000000000000000000,|||,|||,|||,|||,|||,|||,|||,|||,|||,|||
187.211.63.251,187.211.63.251,00000000000000000000000000000000000000000000000000000000000000,|||,|||,|||,|||,|||,|||,|||,|||,|||,|||
186.122.179.80,186.122.179.80,00000000000000000000000000000000000000000000000000000000000000,|||,|||,|||,|||,|||,|||,|||,|||,|||,|||
161.97.132.39,161.97.132.39,00000000000000000000000000000000000000000000000000000000000000,|||,|||,|||,|||,|||,|||,|||,|||,|||,|||
161.35.135.234,161.35.135.234,00000000000000000000000000000000000000000000000000000000000000,|||,|||,|||,|||,|||,|||,|||,|||,|||,|||
161.81.213.144,161.81.213.144,00000000000000000000000000000000000000000000000000000000000000,|||,|||,|||,|||,|||,|||,|||,|||,|||,|||
186.189.229.219,186.189.229.219,00000000000000000000000000000000000000000000000000000000000000,|||,|||,|||,|||,|||,|||,|||,|||,|||,|||
187.153.106.71,187.153.106.71,00000000000000000000000000006bbc98f8e001b5ed0d7b91de1cdd769719,|||,|||,|||,|||,|||,|||,|||,|||,|||,002f|0301||ff01
186.211.103.84,186.211.103.84,00000000000000000000000000000000000000000000000000000000000000,|||,|||,|||,|||,|||,|||,|||,|||,|||,|||
161.35.206.66,161.35.206.66,00000000000000000000000000000000000000000000000000000000000000,|||,|||,|||,|||,|||,|||,|||,|||,|||,|||
187.156.153.37,187.156.153.37,00000000000000000000000000000000000000000000000000000000000000,|||,|||,|||,|||,|||,|||,|||,|||,|||,|||
161.97.171.96,161.97.171.96,00000000000000000000000000000000000000000000000000000000000000,|||,|||,|||,|||,|||,|||,|||,|||,|||,|||
187.102.200.189,187.102.200.189,00000000000000000000000000000000000000000000000000000000000000,|||,|||,|||,|||,|||,|||,|||,|||,|||,|||
186.19.204.146,186.19.204.146,00000000000000000000000000000000000000000000000000000000000000,|||,|||,|||,|||,|||,|||,|||,|||,|||,|||
187.102.200.182,187.102.200.182,00000000000000000000000000000000000000000000000000000000000000,|||,|||,|||,|||,|||,|||,|||,|||,|||,|||
186.13.128.27,186.13.128.27,00000000000000000000000000000000000000000000000000000000000000,|||,|||,|||,|||,|||,|||,|||,|||,|||,|||
186.158.206.19,186.158.206.19,00000000000000000000000000000000000000000000000000000000000000,|||,|||,|||,|||,|||,|||,|||,|||,|||,|||
186.235.82.254,186.235.82.254,00000000000000000000000000000000000000000000000000000000000000,|||,|||,|||,|||,|||,|||,|||,|||,|||,|||
186.218.97.165,186.218.97.165,00000000000000000000000000000000000000000000000000000000000000,|||,|||,|||,|||,|||,|||,|||,|||,|||,|||
188.80.24.65,188.80.24.65,00000000000000000000000000000000000000000000000000000000000000,|||,|||,|||,|||,|||,|||,|||,|||,|||,|||
188.82.63.185,188.82.63.185,00000000000000000000000000000000000000000000000000000000000000,|||,|||,|||,|||,|||,|||,|||,|||,|||,|||
186.13.43.165,186.13.43.165,00000000000000000000000000000000000000000000000000000000000000,|||,|||,|||,|||,|||,|||,|||,|||,|||,|||
162.142.125.82,162.142.125.82,00000000000000000000000000000000000000000000000000000000000000,|||,|||,|||,|||,|||,|||,|||,|||,|||,|||
187.188.145.38,187.188.145.38,00000000000000000000000000000000000000000000000000000000000000,|||,|||,|||,|||,|||,|||,|||,|||,|||,|||
162.144.80.139,162.144.80.139,00000000000000000000000000000000000000000000000000000000000000,|||,|||,|||,|||,|||,|||,|||,|||,|||,|||
186.13.11.47,186.13.11.47,00000000000000000000000000000000000000000000000000000000000000,|||,|||,|||,|||,|||,|||,|||,|||,|||,|||
188.148.25.92,188.148.25.92,07d19d1ad21d21d07c42d43d000000270a013a3e21e28897e76e8fe13e2f7d,0033|0303|h2|ff01-0001-0023-0010-0017,00c0|0303|h2|ff01-0001-0023-0010-0017,00c4|0303|h2|ff01-0001-0023-0010-0017,c013|0303|http/1.1|ff01-0001-000b-0023-0010-0017,c013|0303|http/1.1|ff01-0001-000b-0023-0010-0017,0033|0302|http/1.1|ff01-0001-0023-0010-0017,1302|0303||002b-0033,1303|0303||002b-0033,|||,|||
186.13.11.130,186.13.11.130,00000000000000000000000000000000000000000000000000000000000000,|||,|||,|||,|||,|||,|||,|||,|||,|||,|||
124.222.58.48,124.222.58.48,00000000000000000000000000000000000000000000000000000000000000,|||,|||,|||,|||,|||,|||,|||,|||,|||,|||
162.218.65.219,162.218.65.219,00000000000000000000000000000000000000000000000000000000000000,|||,|||,|||,|||,|||,|||,|||,|||,|||,|||
192.145.127.42,192.145.127.42,00000000000000000000000000000000000000000000000000000000000000,|||,|||,|||,|||,|||,|||,|||,|||,|||,|||
181.30.28.223,181.30.28.223,00000000000000000000000000000000000000000000000000000000000000,|||,|||,|||,|||,|||,|||,|||,|||,|||,|||
162.142.125.88,162.142.125.88,00000000000000000000000000000000000000000000000000000000000000,|||,|||,|||,|||,|||,|||,|||,|||,|||,|||
162.221.197.132,162.221.197.132,00000000000000000000000000000000000000000000000000000000000000,|||,|||,|||,|||,|||,|||,|||,|||,|||,|||
187.235.198.192,187.235.198.192,00000000000000000000000000000000000000000000000000000000000000,|||,|||,|||,|||,|||,|||,|||,|||,|||,|||
162.216.16.182,162.216.16.182,00000000000000000000000000000000000000000000000000000000000000,|||,|||,|||,|||,|||,|||,|||,|||,|||,|||
185.242.5.150,185.242.5.150,21d14d00021d21d21c21d14d21d21dcade67768786e23ca695466fb7f94658,c013|0303||ff01-000b-0023-0017,009d|0303||ff01-0023-0017,|||,c013|0303||ff01-000b-0023-0017,c013|0303||ff01-000b-0023-0017,c013|0302||ff01-000b-0023-0017,c013|0303||ff01-000b-0023-0017,009d|0303||ff01-0023-0017,c013|0303||ff01-000b-0023-0017,c013|0303||ff01-000b-0023-0017
162.232.12.217,162.232.12.217,00000000000000000000000000000000000000000000000000000000000000,|||,|||,|||,|||,|||,|||,|||,|||,|||,|||
187.213.141.240,187.213.141.240,00000000000000000000000000000000000000000000000000000000000000,|||,|||,|||,|||,|||,|||,|||,|||,|||,|||
186.220.113.155,186.220.113.155,00000000000000000000000000000000000000000000000000000000000000,|||,|||,|||,|||,|||,|||,|||,|||,|||,|||
187.60.222.74,187.60.222.74,00000000000000000000000000000000000000000000000000000000000000,|||,|||,|||,|||,|||,|||,|||,|||,|||,|||
183.103.77.33,183.103.77.33,00000000000000000000000000000000000000000000000000000000000000,|||,|||,|||,|||,|||,|||,|||,|||,|||,|||
162.62.191.220,162.62.191.220,00000000000000000000000000000000000000000000000000000000000000,|||,|||,|||,|||,|||,|||,|||,|||,|||,|||
163.123.142.138,163.123.142.138,00000000000000000000000000000000000000000000000000000000000000,|||,|||,|||,|||,|||,|||,|||,|||,|||,|||
163.172.147.100,163.172.147.100,00000000000000000000000000000000000000000000000000000000000000,|||,|||,|||,|||,|||,|||,|||,|||,|||,|||
162.62.191.231,162.62.191.231,00000000000000000000000000000000000000000000000000000000000000,|||,|||,|||,|||,|||,|||,|||,|||,|||,|||
163.172.211.184,163.172.211.184,00000000000000000000000000000000000000000000000000000000000000,|||,|||,|||,|||,|||,|||,|||,|||,|||,|||
164.100.203.92,164.100.203.92,00000000000000000000000000000000000000000000000000000000000000,|||,|||,|||,|||,|||,|||,|||,|||,|||,|||
163.44.62.67,163.44.62.67,00000000000000000000000000000000000000000000000000000000000000,|||,|||,|||,|||,|||,|||,|||,|||,|||,|||
180.76.99.153,180.76.99.153,00000000000000000000000000000000000000000000000000000000000000,|||,|||,|||,|||,|||,|||,|||,|||,|||,|||
188.220.151.45,188.220.151.45,29d29d00029d29d21c29d29d29d29d4d38a7b5ffb0e5536d09513d9de81205,c02f|0303||ff01-000b-0023,c02f|0303||ff01-000b-0023,|||,c02f|0303||ff01-000b-0023,c02f|0303||ff01-000b-0023,c013|0302||ff01-000b-0023,c02f|0303||ff01-000b-0023,c02f|0303||ff01-000b-0023,c02f|0303||ff01-000b-0023,c02f|0303||ff01-000b-0023
164.52.12.162,164.52.12.162,00000000000000000000000000000000000000000000000000000000000000,|||,|||,|||,|||,|||,|||,|||,|||,|||,|||
162.221.197.134,162.221.197.134,00000000000000000000000000000000000000000000000000000000000000,|||,|||,|||,|||,|||,|||,|||,|||,|||,|||
162.221.197.136,162.221.197.136,00000000000000000000000000000000000000000000000000000000000000,|||,|||,|||,|||,|||,|||,|||,|||,|||,|||
183.98.34.174,183.98.34.174,3fd21b20d3fd3fd21c43d21b21b43d494e0df9532e75299f15ba73156cee38,cca8|0303|h2|0023-ff01-0010-000b,c013|0301|h2|0023-ff01-0010-000b,c012|0303|h2|0023-ff01-0010-000b,cca8|0303||0023-ff01-000b,cca8|0303||0023-ff01-000b,c013|0302|h2|0023-ff01-0010-000b,1303|0303||002b-0033,c013|0301|h2|0023-ff01-0010-000b,c013|0301|h2|0023-ff01-0010-000b,1303|0303||002b-0033
175.168.217.16,175.168.217.16,00000000000000000000000000000000000000000000000000000000000000,|||,|||,|||,|||,|||,|||,|||,|||,|||,|||
192.236.160.99,192.236.160.99,00000000000000000000000000000000000000000000000000000000000000,|||,|||,|||,|||,|||,|||,|||,|||,|||,|||
152.67.33.244,152.67.33.244,00000000000000000000000000000000000000000000000000000000000000,|||,|||,|||,|||,|||,|||,|||,|||,|||,|||
187.95.194.123,187.95.194.123,00000000000000000000000000000000000000000000000000000000000000,|||,|||,|||,|||,|||,|||,|||,|||,|||,|||
162.221.197.135,162.221.197.135,00000000000000000000000000000000000000000000000000000000000000,|||,|||,|||,|||,|||,|||,|||,|||,|||,|||
189.147.240.48,189.147.240.48,00000000000000000000000000000000000000000000000000000000000000,|||,|||,|||,|||,|||,|||,|||,|||,|||,|||
162.62.61.98,162.62.61.98,00000000000000000000000000000000000000000000000000000000000000,|||,|||,|||,|||,|||,|||,|||,|||,|||,|||
164.90.183.136,164.90.183.136,00000000000000000000000000000000000000000000000000000000000000,|||,|||,|||,|||,|||,|||,|||,|||,|||,|||
164.90.187.31,164.90.187.31,00000000000000000000000000000000000000000000000000000000000000,|||,|||,|||,|||,|||,|||,|||,|||,|||,|||
163.142.179.207,163.142.179.207,00000000000000000000000000000000000000000000000000000000000000,|||,|||,|||,|||,|||,|||,|||,|||,|||,|||
164.90.183.22,164.90.183.22,00000000000000000000000000000000000000000000000000000000000000,|||,|||,|||,|||,|||,|||,|||,|||,|||,|||
164.90.212.44,164.90.212.44,00000000000000000000000000000000000000000000000000000000000000,|||,|||,|||,|||,|||,|||,|||,|||,|||,|||
164.90.184.159,164.90.184.159,00000000000000000000000000000000000000000000000000000000000000,|||,|||,|||,|||,|||,|||,|||,|||,|||,|||
163.123.142.137,163.123.142.137,00000000000000000000000000000000000000000000000000000000000000,|||,|||,|||,|||,|||,|||,|||,|||,|||,|||
183.220.144.41,183.220.144.41,29d29d00029d29d22c29d29d29d29d6a7bd8f51d54bfc07e1cd34e5ca50bb3,c02f|0303|http/1.1|0000-ff01-000b-0023-0010,c02f|0303|http/1.1|0000-ff01-000b-0023-0010,|||,c02f|0303||0000-ff01-000b-0023,c02f|0303||0000-ff01-000b-0023,c014|0302|http/1.1|0000-ff01-000b-0023-0010,c02f|0303|http/1.1|0000-ff01-000b-0023-0010,c02f|0303|http/1.1|0000-ff01-000b-0023-0010,c02f|0303|http/1.1|0000-ff01-000b-0023-0010,c02f|0303|http/1.1|0000-ff01-000b-0023-0010
164.90.203.223,164.90.203.223,00000000000000000000000000000000000000000000000000000000000000,|||,|||,|||,|||,|||,|||,|||,|||,|||,|||
187.94.221.253,187.94.221.253,00000000000000000000000000000000000000000000000000000000000000,|||,|||,|||,|||,|||,|||,|||,|||,|||,|||
182.235.29.125,182.235.29.125,00000000000000000000000000000000000000000000000000000000000000,|||,|||,|||,|||,|||,|||,|||,|||,|||,|||
164.70.241.160,164.70.241.160,00000000000000000000000000000000000000000000000000000000000000,|||,|||,|||,|||,|||,|||,|||,|||,|||,|||
162.62.33.200,162.62.33.200,00000000000000000000000000000000000000000000000000000000000000,|||,|||,|||,|||,|||,|||,|||,|||,|||,|||
183.230.113.51,183.230.113.51,2ad2ad0002ad2ad22c2ad2ad2ad2ad97f9e40af617d2ca91b3f3087dd0d133,c030|0303|http/1.1|ff01-000b-0023-0017-0010,c030|0303|http/1.1|ff01-000b-0023-0017-0010,|||,c030|0303||ff01-000b-0023-0017,c030|0303||ff01-000b-0023-0017,c014|0302|http/1.1|ff01-000b-0023-0017-0010,c030|0303|http/1.1|ff01-000b-0023-0017-0010,c030|0303|http/1.1|ff01-000b-0023-0017-0010,c030|0303|http/1.1|ff01-000b-0023-0017-0010,c030|0303|http/1.1|ff01-000b-0023-0017-0010
165.16.113.172,165.16.113.172,00000000000000000000000000000000000000000000000000000000000000,|||,|||,|||,|||,|||,|||,|||,|||,|||,|||
164.92.210.82,164.92.210.82,00000000000000000000000000000000000000000000000000000000000000,|||,|||,|||,|||,|||,|||,|||,|||,|||,|||
164.92.241.37,164.92.241.37,00000000000000000000000000000000000000000000000000000000000000,|||,|||,|||,|||,|||,|||,|||,|||,|||,|||
164.92.194.69,164.92.194.69,00000000000000000000000000000000000000000000000000000000000000,|||,|||,|||,|||,|||,|||,|||,|||,|||,|||
165.16.242.109,165.16.242.109,00000000000000000000000000000000000000000000000000000000000000,|||,|||,|||,|||,|||,|||,|||,|||,|||,|||
164.92.229.32,164.92.229.32,00000000000000000000000000000000000000000000000000000000000000,|||,|||,|||,|||,|||,|||,|||,|||,|||,|||
189.140.184.156,189.140.184.156,00000000000000000000000000000000000000000000000000000000000000,|||,|||,|||,|||,|||,|||,|||,|||,|||,|||
164.90.213.64,164.90.213.64,00000000000000000000000000000000000000000000000000000000000000,|||,|||,|||,|||,|||,|||,|||,|||,|||,|||
183.230.113.52,183.230.113.52,2ad2ad16d2ad2ad22c2ad2ad2ad2ad579b2ec9bfaf00aff9d6fe780b7932ae,c030|0303||0000-ff01-000b-0023,c030|0303||0000-ff01-000b-0023,009f|0303||0000-ff01-0023,c030|0303||0000-ff01-000b-0023,c030|0303||0000-ff01-000b-0023,c014|0302||0000-ff01-000b-0023,c030|0303||0000-ff01-000b-0023,c030|0303||0000-ff01-000b-0023,c030|0303||0000-ff01-000b-0023,c030|0303||0000-ff01-000b-0023
164.92.244.224,164.92.244.224,00000000000000000000000000000000000000000000000000000000000000,|||,|||,|||,|||,|||,|||,|||,|||,|||,|||
164.90.208.180,164.90.208.180,00000000000000000000000000000000000000000000000000000000000000,|||,|||,|||,|||,|||,|||,|||,|||,|||,|||
164.90.222.155,164.90.222.155,00000000000000000000000000000000000000000000000000000000000000,|||,|||,|||,|||,|||,|||,|||,|||,|||,|||
189.180.101.85,189.180.101.85,00000000000000000000000000000000000000000000000000000000000000,|||,|||,|||,|||,|||,|||,|||,|||,|||,|||
188.166.214.176,188.166.214.176,00000000000000000000000000000000000000000000000000000000000000,|||,|||,|||,|||,|||,|||,|||,|||,|||,|||
189.113.183.242,189.113.183.242,00000000000000000000000000000000000000000000000000000000000000,|||,|||,|||,|||,|||,|||,|||,|||,|||,|||
165.22.209.214,165.22.209.214,00000000000000000000000000000000000000000000000000000000000000,|||,|||,|||,|||,|||,|||,|||,|||,|||,|||
165.22.110.171,165.22.110.171,00000000000000000000000000000000000000000000000000000000000000,|||,|||,|||,|||,|||,|||,|||,|||,|||,|||
165.16.113.175,165.16.113.175,00000000000000000000000000000000000000000000000000000000000000,|||,|||,|||,|||,|||,|||,|||,|||,|||,|||
164.90.212.81,164.90.212.81,00000000000000000000000000000000000000000000000000000000000000,|||,|||,|||,|||,|||,|||,|||,|||,|||,|||
188.131.142.33,188.131.142.33,00000000000000000000000000000000000000000000000000000000000000,|||,|||,|||,|||,|||,|||,|||,|||,|||,|||
188.166.239.2,188.166.239.2,00000000000000000000000000000000000000000000000000000000000000,|||,|||,|||,|||,|||,|||,|||,|||,|||,|||
189.162.84.32,189.162.84.32,00000000000000000000000000000000000000000000000000000000000000,|||,|||,|||,|||,|||,|||,|||,|||,|||,|||
164.90.213.77,164.90.213.77,00000000000000000000000000000000000000000000000000000000000000,|||,|||,|||,|||,|||,|||,|||,|||,|||,|||
189.191.236.19,189.191.236.19,00000000000000000000000000000000000000000000000000000000000000,|||,|||,|||,|||,|||,|||,|||,|||,|||,|||
189.234.84.202,189.234.84.202,00000000000000000000000000000000000000000000000000000000000000,|||,|||,|||,|||,|||,|||,|||,|||,|||,|||
165.22.215.49,165.22.215.49,00000000000000000000000000000000000000000000000000000000000000,|||,|||,|||,|||,|||,|||,|||,|||,|||,|||
189.130.0.168,189.130.0.168,00000000000000000000000000000000000000000000000000000000000000,|||,|||,|||,|||,|||,|||,|||,|||,|||,|||
164.90.208.105,164.90.208.105,00000000000000000000000000000000000000000000000000000000000000,|||,|||,|||,|||,|||,|||,|||,|||,|||,|||
165.22.232.42,165.22.232.42,00000000000000000000000000000000000000000000000000000000000000,|||,|||,|||,|||,|||,|||,|||,|||,|||,|||
189.229.100.46,189.229.100.46,00000000000000000000000000000000000000000000000000000000000000,|||,|||,|||,|||,|||,|||,|||,|||,|||,|||
165.22.224.237,165.22.224.237,00000000000000000000000000000000000000000000000000000000000000,|||,|||,|||,|||,|||,|||,|||,|||,|||,|||
164.90.213.151,164.90.213.151,00000000000000000000000000000000000000000000000000000000000000,|||,|||,|||,|||,|||,|||,|||,|||,|||,|||
165.22.237.231,165.22.237.231,00000000000000000000000000000000000000000000000000000000000000,|||,|||,|||,|||,|||,|||,|||,|||,|||,|||
164.90.220.26,164.90.220.26,00000000000000000000000000000000000000000000000000000000000000,|||,|||,|||,|||,|||,|||,|||,|||,|||,|||
183.105.245.235,183.105.245.235,00000000000000000000000000000000000000000000000000000000000000,|||,|||,|||,|||,|||,|||,|||,|||,|||,|||
189.231.130.17,189.231.130.17,00000000000000000000000000000000000000000000000000000000000000,|||,|||,|||,|||,|||,|||,|||,|||,|||,|||
192.227.229.178,192.227.229.178,00000000000000000000000000000000000000000000000000000000000000,|||,|||,|||,|||,|||,|||,|||,|||,|||,|||
189.242.157.151,189.242.157.151,00000000000000000000000000000000000000000000000000000000000000,|||,|||,|||,|||,|||,|||,|||,|||,|||,|||
165.22.65.233,165.22.65.233,00000000000000000000000000000000000000000000000000000000000000,|||,|||,|||,|||,|||,|||,|||,|||,|||,|||
190.14.198.43,190.14.198.43,00000000000000000000000000000000000000000000000000000000000000,|||,|||,|||,|||,|||,|||,|||,|||,|||,|||
165.227.180.224,165.227.180.224,00000000000000000000000000000000000000000000000000000000000000,|||,|||,|||,|||,|||,|||,|||,|||,|||,|||
186.75.127.106,186.75.127.106,2ad2ad16d2ad2ad0002ad2ad2ad2adf61ff80be599affbc2aaaf4e292b2300,c030|0303|http/1.1|ff01-000b-0023-0010,c030|0303|http/1.1|ff01-000b-0023-0010,009f|0303|http/1.1|ff01-0023-0010,c030|0303|http/1.1|ff01-000b-0023-0010,c030|0303|http/1.1|ff01-000b-0023-0010,|||,c030|0303|http/1.1|ff01-000b-0023-0010,c030|0303|http/1.1|ff01-000b-0023-0010,c030|0303|http/1.1|ff01-000b-0023-0010,c030|0303|http/1.1|ff01-000b-0023-0010
165.22.54.121,165.22.54.121,00000000000000000000000000000000000000000000000000000000000000,|||,|||,|||,|||,|||,|||,|||,|||,|||,|||
187.217.70.38,187.217.70.38,08d08d00008d08d08c08d08d08d08d9674c6b4e623ae36cc2d998e99e2262e,0035|0303||ff01-0023,0035|0303||ff01-0023,|||,0035|0303||ff01-0023,0035|0303||ff01-0023,0035|0302||ff01-0023,0035|0303||ff01-0023,0035|0303||ff01-0023,0035|0303||ff01-0023,0035|0303||ff01-0023
190.213.4.242,190.213.4.242,00000000000000000000000000000000000000000000000000000000000000,|||,|||,|||,|||,|||,|||,|||,|||,|||,|||
186.4.132.170,186.4.132.170,05b02b09b04b04b05b05b02b05b04be3b0c44298fc1c149afbf4c8996fb924,0016|0301||,0005|0301||,0039|0301||,000a|0301||,000a|0301||,0016|0301||,0016|0301||,0005|0301||,0016|0301||,000a|0301||
190.4.31.25,190.4.31.25,00000000000000000000000000000000000000000000000000000000000000,|||,|||,|||,|||,|||,|||,|||,|||,|||,|||
165.22.231.194,165.22.231.194,00000000000000000000000000000000000000000000000000000000000000,|||,|||,|||,|||,|||,|||,|||,|||,|||,|||
190.99.116.75,190.99.116.75,00000000000000000000000000000000000000000000000000000000000000,|||,|||,|||,|||,|||,|||,|||,|||,|||,|||
165.227.99.254,165.227.99.254,00000000000000000000000000000000000000000000000000000000000000,|||,|||,|||,|||,|||,|||,|||,|||,|||,|||
165.232.112.165,165.232.112.165,00000000000000000000000000000000000000000000000000000000000000,|||,|||,|||,|||,|||,|||,|||,|||,|||,|||
190.145.61.109,190.145.61.109,00000000000000000000000000000000000000000000000000000000000000,|||,|||,|||,|||,|||,|||,|||,|||,|||,|||
189.84.253.155,189.84.253.155,00000000000000000000000000000000000000000000000000000000000000,|||,|||,|||,|||,|||,|||,|||,|||,|||,|||
165.227.223.64,165.227.223.64,00000000000000000000000000000000000000000000000000000000000000,|||,|||,|||,|||,|||,|||,|||,|||,|||,|||
190.119.170.246,190.119.170.246,00000000000000000000000000000000000000000000000000000000000000,|||,|||,|||,|||,|||,|||,|||,|||,|||,|||
165.227.233.47,165.227.233.47,00000000000000000000000000000000000000000000000000000000000000,|||,|||,|||,|||,|||,|||,|||,|||,|||,|||
187.213.98.112,187.213.98.112,26d26d16d26d26d22c26d26d26d26dd7fc4c7c6ef19b77a4ca0787979cdc13,c028|0303||ff01,c028|0303||ff01,009f|0303||ff01,c028|0303||ff01,c028|0303||ff01,c014|0302||ff01,c028|0303||ff01,c028|0303||ff01,c028|0303||ff01,c028|0303||ff01
190.60.250.189,190.60.250.189,00000000000000000000000000000000000000000000000000000000000000,|||,|||,|||,|||,|||,|||,|||,|||,|||,|||
165.227.172.218,165.227.172.218,00000000000000000000000000000000000000000000000000000000000000,|||,|||,|||,|||,|||,|||,|||,|||,|||,|||
165.232.145.231,165.232.145.231,00000000000000000000000000000000000000000000000000000000000000,|||,|||,|||,|||,|||,|||,|||,|||,|||,|||
165.232.185.59,165.232.185.59,00000000000000000000000000000000000000000000000000000000000000,|||,|||,|||,|||,|||,|||,|||,|||,|||,|||
165.232.150.207,165.232.150.207,00000000000000000000000000000000000000000000000000000000000000,|||,|||,|||,|||,|||,|||,|||,|||,|||,|||
192.241.135.131,192.241.135.131,00000000000000000000000000000000000000000000000000000000000000,|||,|||,|||,|||,|||,|||,|||,|||,|||,|||
165.232.187.180,165.232.187.180,00000000000000000000000000000000000000000000000000000000000000,|||,|||,|||,|||,|||,|||,|||,|||,|||,|||
187.37.105.99,187.37.105.99,00000000000000000000000000000000000000000000000000000000000000,|||,|||,|||,|||,|||,|||,|||,|||,|||,|||
165.232.112.171,165.232.112.171,00000000000000000000000000000000000000000000000000000000000000,|||,|||,|||,|||,|||,|||,|||,|||,|||,|||
165.232.188.147,165.232.188.147,00000000000000000000000000000000000000000000000000000000000000,|||,|||,|||,|||,|||,|||,|||,|||,|||,|||
165.227.39.79,165.227.39.79,00000000000000000000000000000000000000000000000000000000000000,|||,|||,|||,|||,|||,|||,|||,|||,|||,|||
190.85.108.74,190.85.108.74,00000000000000000000000000000000000000000000000000000000000000,|||,|||,|||,|||,|||,|||,|||,|||,|||,|||
165.73.18.157,165.73.18.157,00000000000000000000000000000000000000000000000000000000000000,|||,|||,|||,|||,|||,|||,|||,|||,|||,|||
190.202.144.251,190.202.144.251,00000000000000000000000000000000000000000000000000000000000000,|||,|||,|||,|||,|||,|||,|||,|||,|||,|||
165.232.182.67,165.232.182.67,00000000000000000000000000000000000000000000000000000000000000,|||,|||,|||,|||,|||,|||,|||,|||,|||,|||
165.232.182.218,165.232.182.218,00000000000000000000000000000000000000000000000000000000000000,|||,|||,|||,|||,|||,|||,|||,|||,|||,|||
165.56.9.142,165.56.9.142,00000000000000000000000000000000000000000000000000000000000000,|||,|||,|||,|||,|||,|||,|||,|||,|||,|||
187.19.166.253,187.19.166.253,00000000000000000000000000000000000000000000000000000000000000,|||,|||,|||,|||,|||,|||,|||,|||,|||,|||
190.101.76.91,190.101.76.91,00000000000000000000000000000000000000000000000000000000000000,|||,|||,|||,|||,|||,|||,|||,|||,|||,|||
192.227.150.16,192.227.150.16,00000000000000000000000000000000000000000000000000000000000000,|||,|||,|||,|||,|||,|||,|||,|||,|||,|||
190.219.113.83,190.219.113.83,00000000000000000000000000000000000000000000000000000000000000,|||,|||,|||,|||,|||,|||,|||,|||,|||,|||
190.57.138.34,190.57.138.34,00000000000000000000000000000000000000000000000000000000000000,|||,|||,|||,|||,|||,|||,|||,|||,|||,|||
189.5.216.233,189.5.216.233,00000000000000000000000000000000000000000000000000000000000000,|||,|||,|||,|||,|||,|||,|||,|||,|||,|||
190.123.193.93,190.123.193.93,00000000000000000000000000000000000000000000000000000000000000,|||,|||,|||,|||,|||,|||,|||,|||,|||,|||
167.172.146.28,167.172.146.28,00000000000000000000000000000000000000000000000000000000000000,|||,|||,|||,|||,|||,|||,|||,|||,|||,|||
190.141.190.66,190.141.190.66,00000000000000000000000000000000000000000000000000000000000000,|||,|||,|||,|||,|||,|||,|||,|||,|||,|||
167.172.131.242,167.172.131.242,00000000000000000000000000000000000000000000000000000000000000,|||,|||,|||,|||,|||,|||,|||,|||,|||,|||
167.172.50.116,167.172.50.116,00000000000000000000000000000000000000000000000000000000000000,|||,|||,|||,|||,|||,|||,|||,|||,|||,|||
167.172.227.12,167.172.227.12,00000000000000000000000000000000000000000000000000000000000000,|||,|||,|||,|||,|||,|||,|||,|||,|||,|||
190.208.22.227,190.208.22.227,00000000000000000000000000000000000000000000000000000000000000,|||,|||,|||,|||,|||,|||,|||,|||,|||,|||
167.172.36.222,167.172.36.222,00000000000000000000000000000000000000000000000000000000000000,|||,|||,|||,|||,|||,|||,|||,|||,|||,|||
188.166.63.22,188.166.63.22,29d29d15d29d29d00042d42d0000009435214b849738c4ebab4534b5d158dd,c02f|0303|h2|ff01-0001-000b-0023-0010-0017,c02f|0303|h2|ff01-0001-000b-0023-0010-0017,009e|0303|h2|ff01-0001-0023-0010-0017,c02f|0303|http/1.1|ff01-0001-000b-0023-0010-0017,c02f|0303|http/1.1|ff01-0001-000b-0023-0010-0017,|||,1302|0303||002b-0033,1302|0303||002b-0033,|||,|||
190.111.101.80,190.111.101.80,00000000000000000000000000000000000000000000000000000000000000,|||,|||,|||,|||,|||,|||,|||,|||,|||,|||
167.172.231.88,167.172.231.88,00000000000000000000000000000000000000000000000000000000000000,|||,|||,|||,|||,|||,|||,|||,|||,|||,|||
167.114.23.156,167.114.23.156,00000000000000000000000000000000000000000000000000000000000000,|||,|||,|||,|||,|||,|||,|||,|||,|||,|||
167.172.99.116,167.172.99.116,00000000000000000000000000000000000000000000000000000000000000,|||,|||,|||,|||,|||,|||,|||,|||,|||,|||
186.1.165.141,186.1.165.141,26d26d16d26d26d22c26d26d26d26dfd9c9d14e4f4f67f94f0359f8b28f532,c028|0303||0017-ff01,c028|0303||0017-ff01,009f|0303||0017-ff01,c028|0303||0017-ff01,c028|0303||0017-ff01,c014|0302||0017-ff01,c028|0303||0017-ff01,c028|0303||0017-ff01,c028|0303||0017-ff01,c028|0303||0017-ff01
167.172.251.69,167.172.251.69,00000000000000000000000000000000000000000000000000000000000000,|||,|||,|||,|||,|||,|||,|||,|||,|||,|||
167.172.85.160,167.172.85.160,00000000000000000000000000000000000000000000000000000000000000,|||,|||,|||,|||,|||,|||,|||,|||,|||,|||
187.131.18.24,187.131.18.24,07d0bd0fd21d21d07c42d43d0000009424803a662b126a748cf4f90707a33c,0033|0303|http/1.1|ff01-0001-0023-0010-0017,003d|0303|http/1.1|ff01-0001-0023-0010-0017,006b|0303|http/1.1|ff01-0001-0023-0010-0017,c013|0303|http/1.1|ff01-0001-000b-0023-0010-0017,c013|0303|http/1.1|ff01-0001-000b-0023-0010-0017,0033|0302|http/1.1|ff01-0001-0023-0010-0017,1302|0303||002b-0033,1303|0303||002b-0033,|||,|||
167.179.89.209,167.179.89.209,00000000000000000000000000000000000000000000000000000000000000,|||,|||,|||,|||,|||,|||,|||,|||,|||,|||
190.224.32.143,190.224.32.143,00000000000000000000000000000000000000000000000000000000000000,|||,|||,|||,|||,|||,|||,|||,|||,|||,|||
190.89.178.52,190.89.178.52,00000000000000000000000000000000000000000000000000000000000000,|||,|||,|||,|||,|||,|||,|||,|||,|||,|||
191.180.103.11,191.180.103.11,00000000000000000000000000000000000000000000000000000000000000,|||,|||,|||,|||,|||,|||,|||,|||,|||,|||
189.145.223.91,189.145.223.91,00000000000000000000000000000000000000000000000000000000000000,|||,|||,|||,|||,|||,|||,|||,|||,|||,|||
190.96.47.2,190.96.47.2,00000000000000000000000000000000000000000000000000000000000000,|||,|||,|||,|||,|||,|||,|||,|||,|||,|||
189.5.144.66,189.5.144.66,00000000000000000000000000000000000000000000000000000000000000,|||,|||,|||,|||,|||,|||,|||,|||,|||,|||
190.11.116.163,190.11.116.163,00000000000000000000000000000000000000000000000000000000000000,|||,|||,|||,|||,|||,|||,|||,|||,|||,|||
167.71.103.6,167.71.103.6,00000000000000000000000000000000000000000000000000000000000000,|||,|||,|||,|||,|||,|||,|||,|||,|||,|||
191.191.96.249,191.191.96.249,00000000000000000000000000000000000000000000000000000000000000,|||,|||,|||,|||,|||,|||,|||,|||,|||,|||
186.215.65.122,186.215.65.122,0ad0ad0000ad0ad06c0ad0ad0ad0ad898ed0748554b5d9925df15eb7186a8a,003c|0303||0023-ff01,003c|0303||0023-ff01,|||,003c|0303||0023-ff01,003c|0303||0023-ff01,002f|0302||0023-ff01,003c|0303||0023-ff01,003c|0303||0023-ff01,003c|0303||0023-ff01,003c|0303||0023-ff01
167.250.141.86,167.250.141.86,00000000000000000000000000000000000000000000000000000000000000,|||,|||,|||,|||,|||,|||,|||,|||,|||,|||
192.241.175.218,192.241.175.218,3fd3fd15d3fd3fd21c3fd3fd3fd3fdc110bab2c0a19e5d4e587c17ce497b15,cca8|0303|http/1.1|ff01-0001-000b-0023-0010-0017,cca8|0303|http/1.1|ff01-0001-000b-0023-0010-0017,009e|0303|http/1.1|ff01-0001-0023-0010-0017,cca8|0303||ff01-0001-000b-0023-0017,cca8|0303||ff01-0001-000b-0023-0017,c013|0302|http/1.1|ff01-0001-000b-0023-0010-0017,cca8|0303|http/1.1|ff01-0001-000b-0023-0010-0017,cca8|0303|http/1.1|ff01-0001-000b-0023-0010-0017,cca8|0303|http/1.1|ff01-0001-000b-0023-0010-0017,cca8|0303|http/1.1|ff01-0001-000b-0023-0010-0017
180.153.180.108,180.153.180.108,3fd21b20d3fd3fd21c43d21b21b43d494e0df9532e75299f15ba73156cee38,cca8|0303|h2|0023-ff01-0010-000b,c013|0301|h2|0023-ff01-0010-000b,c012|0303|h2|0023-ff01-0010-000b,cca8|0303||0023-ff01-000b,cca8|0303||0023-ff01-000b,c013|0302|h2|0023-ff01-0010-000b,1303|0303||002b-0033,c013|0301|h2|0023-ff01-0010-000b,c013|0301|h2|0023-ff01-0010-000b,1303|0303||002b-0033
167.71.10.103,167.71.10.103,00000000000000000000000000000000000000000000000000000000000000,|||,|||,|||,|||,|||,|||,|||,|||,|||,|||
192.144.220.13,192.144.220.13,00000000000000000000000000000000000000000000000000000000000000,|||,|||,|||,|||,|||,|||,|||,|||,|||,|||
191.241.233.141,191.241.233.141,00000000000000000000000000000000000000000000000000000000000000,|||,|||,|||,|||,|||,|||,|||,|||,|||,|||
167.71.200.233,167.71.200.233,00000000000000000000000000000000000000000000000000000000000000,|||,|||,|||,|||,|||,|||,|||,|||,|||,|||
167.71.167.88,167.71.167.88,00000000000000000000000000000000000000000000000000000000000000,|||,|||,|||,|||,|||,|||,|||,|||,|||,|||
167.71.168.221,167.71.168.221,00000000000000000000000000000000000000000000000000000000000000,|||,|||,|||,|||,|||,|||,|||,|||,|||,|||
167.71.38.234,167.71.38.234,00000000000000000000000000000000000000000000000000000000000000,|||,|||,|||,|||,|||,|||,|||,|||,|||,|||
167.172.176.12,167.172.176.12,00000000000000000000000000000000000000000000000000000000000000,|||,|||,|||,|||,|||,|||,|||,|||,|||,|||
167.71.83.34,167.71.83.34,00000000000000000000000000000000000000000000000000000000000000,|||,|||,|||,|||,|||,|||,|||,|||,|||,|||
167.71.225.4,167.71.225.4,00000000000000000000000000000000000000000000000000000000000000,|||,|||,|||,|||,|||,|||,|||,|||,|||,|||
167.179.113.163,167.179.113.163,00000000000000000000000000000000000000000000000000000000000000,|||,|||,|||,|||,|||,|||,|||,|||,|||,|||
167.71.241.19,167.71.241.19,00000000000000000000000000000000000000000000000000000000000000,|||,|||,|||,|||,|||,|||,|||,|||,|||,|||
134.122.134.168,134.122.134.168,00000000000000000000000000000000000000000000000000000000000000,|||,|||,|||,|||,|||,|||,|||,|||,|||,|||
167.71.189.70,167.71.189.70,00000000000000000000000000000000000000000000000000000000000000,|||,|||,|||,|||,|||,|||,|||,|||,|||,|||
167.71.79.45,167.71.79.45,00000000000000000000000000000000000000000000000000000000000000,|||,|||,|||,|||,|||,|||,|||,|||,|||,|||
180.76.140.184,180.76.140.184,29d29d15d29d29d1fc29d29d29d29dc80334825071f8ff93376ac14c5a331f,c02f|0303||ff01-000b-0023,c02f|0303||ff01-000b-0023,009e|0303||ff01-0023,c02f|0303||ff01-000b-0023,c02f|0303||ff01-000b-0023,c011|0302||ff01-000b-0023,c02f|0303||ff01-000b-0023,c02f|0303||ff01-000b-0023,c02f|0303||ff01-000b-0023,c02f|0303||ff01-000b-0023
192.241.148.42,192.241.148.42,07d10d11d21d21d07c07d10d07d21d7f94927a800698f72ad8146900120abe,0033|0303|http/1.1|ff01-0023-0010,0084|0303|http/1.1|ff01-0023-0010,0088|0303|http/1.1|ff01-0023-0010,c013|0303|http/1.1|ff01-000b-0023-0010,c013|0303|http/1.1|ff01-000b-0023-0010,0033|0302|http/1.1|ff01-0023-0010,0033|0303|http/1.1|ff01-0023-0010,0084|0303|http/1.1|ff01-0023-0010,0033|0303|http/1.1|ff01-0023-0010,c013|0303|http/1.1|ff01-000b-0023-0010
189.148.184.53,189.148.184.53,26d26d16d26d26d22c26d26d26d26dfd9c9d14e4f4f67f94f0359f8b28f532,c028|0303||0017-ff01,c028|0303||0017-ff01,009f|0303||0017-ff01,c028|0303||0017-ff01,c028|0303||0017-ff01,c014|0302||0017-ff01,c028|0303||0017-ff01,c028|0303||0017-ff01,c028|0303||0017-ff01,c028|0303||0017-ff01
189.186.207.169,189.186.207.169,26d26d16d26d26d22c26d26d26d26dfd9c9d14e4f4f67f94f0359f8b28f532,c028|0303||0017-ff01,c028|0303||0017-ff01,009f|0303||0017-ff01,c028|0303||0017-ff01,c028|0303||0017-ff01,c014|0302||0017-ff01,c028|0303||0017-ff01,c028|0303||0017-ff01,c028|0303||0017-ff01,c028|0303||0017-ff01
189.244.9.252,189.244.9.252,26d26d16d26d26d22c26d26d26d26dd7fc4c7c6ef19b77a4ca0787979cdc13,c028|0303||ff01,c028|0303||ff01,009f|0303||ff01,c028|0303||ff01,c028|0303||ff01,c014|0302||ff01,c028|0303||ff01,c028|0303||ff01,c028|0303||ff01,c028|0303||ff01
190.103.230.11,190.103.230.11,00000000000000000000000000000000000000000000000000000000000000,|||,|||,|||,|||,|||,|||,|||,|||,|||,|||
190.120.15.10,190.120.15.10,08d08d00008d08d08c08d08d08d08d9674c6b4e623ae36cc2d998e99e2262e,0035|0303||ff01-0023,0035|0303||ff01-0023,|||,0035|0303||ff01-0023,0035|0303||ff01-0023,0035|0302||ff01-0023,0035|0303||ff01-0023,0035|0303||ff01-0023,0035|0303||ff01-0023,0035|0303||ff01-0023
190.95.81.60,190.95.81.60,00000000000000000000000000000000000000000000000000000000000000,|||,|||,|||,|||,|||,|||,|||,|||,|||,|||
190.111.16.228,190.111.16.228,00000000000000000000000000000000000000000000000000000000000000,|||,|||,|||,|||,|||,|||,|||,|||,|||,|||
190.143.212.173,190.143.212.173,07d0bd0fd21d21d07c07d0bd07d21de77d7d390b8938342b77c0ea37fc40c4,0033|0303||ff01-0023-0017,003d|0303||ff01-0023-0017,006b|0303||ff01-0023-0017,c013|0303||ff01-000b-0023-0017,c013|0303||ff01-000b-0023-0017,0033|0302||ff01-0023-0017,0033|0303||ff01-0023-0017,003d|0303||ff01-0023-0017,0033|0303||ff01-0023-0017,c013|0303||ff01-000b-0023-0017
191.36.173.74,191.36.173.74,00000000000000000000000000000000000000000000000000000000000000,|||,|||,|||,|||,|||,|||,|||,|||,|||,|||
189.113.183.243,189.113.183.243,07d10d11d21d21d07c07d10d07d21d7f94927a800698f72ad8146900120abe,0033|0303|http/1.1|ff01-0023-0010,0084|0303|http/1.1|ff01-0023-0010,0088|0303|http/1.1|ff01-0023-0010,c013|0303|http/1.1|ff01-000b-0023-0010,c013|0303|http/1.1|ff01-000b-0023-0010,0033|0302|http/1.1|ff01-0023-0010,0033|0303|http/1.1|ff01-0023-0010,0084|0303|http/1.1|ff01-0023-0010,0033|0303|http/1.1|ff01-0023-0010,c013|0303|http/1.1|ff01-000b-0023-0010
190.144.236.69,190.144.236.69,08d08d00008d08d00008d08d08d08d6b64279c20472e17718ddea38ab610fa,0035|0303||ff01-0023,0035|0303||ff01-0023,|||,0035|0303||ff01-0023,0035|0303||ff01-0023,|||,0035|0303||ff01-0023,0035|0303||ff01-0023,0035|0303||ff01-0023,0035|0303||ff01-0023
185.193.67.119,185.193.67.119,00000000000000000000000000000000000000000000000000000000000000,|||,|||,|||,|||,|||,|||,|||,|||,|||,|||
189.163.149.124,189.163.149.124,26d26d16d26d26d22c26d26d26d26dd7fc4c7c6ef19b77a4ca0787979cdc13,c028|0303||ff01,c028|0303||ff01,009f|0303||ff01,c028|0303||ff01,c028|0303||ff01,c014|0302||ff01,c028|0303||ff01,c028|0303||ff01,c028|0303||ff01,c028|0303||ff01
192.197.97.144,192.197.97.144,06b06b00006b06b06b06b06b06b06be3b0c44298fc1c149afbf4c8996fb924,002f|0301||,002f|0301||,|||,002f|0301||,002f|0301||,002f|0301||,002f|0301||,002f|0301||,002f|0301||,002f|0301||
189.163.94.11,189.163.94.11,2ad2ad0002ad2ad00042d42d000000ad9bf51cc3f5a1e29eecb81d0c7b06eb,c030|0303||ff01-0001-000b-0023-0017,c030|0303||ff01-0001-000b-0023-0017,|||,c030|0303||ff01-0001-000b-0023-0017,c030|0303||ff01-0001-000b-0023-0017,|||,1302|0303||002b-0033,1302|0303||002b-0033,|||,|||
188.166.242.119,188.166.242.119,2ad2ad0002ad2ad00042d42d000000301510f56407964db9434a9bb0d4ee4a,c030|0303|http/1.1|ff01-0000-0001-000b-0023-0010-0017,c030|0303|http/1.1|ff01-0000-0001-000b-0023-0010-0017,|||,c030|0303||ff01-0000-0001-000b-0023-0017,c030|0303||ff01-0000-0001-000b-0023-0017,|||,1302|0303||002b-0033,1302|0303||002b-0033,|||,|||
190.14.198.48,190.14.198.48,07d10d11d21d21d07c07d10d07d21dbc853cc682adefef14c0f08026bd6280,0033|0303||0000-ff01-0023,0084|0303||0000-ff01-0023,0088|0303||0000-ff01-0023,c013|0303||0000-ff01-000b-0023,c013|0303||0000-ff01-000b-0023,0033|0302||0000-ff01-0023,0033|0303||0000-ff01-0023,0084|0303||0000-ff01-0023,0033|0303||0000-ff01-0023,c013|0303||0000-ff01-000b-0023
190.85.106.42,190.85.106.42,06d14d00006d06d06c06d14d06d06d9674c6b4e623ae36cc2d998e99e2262e,002f|0303||ff01-0023,009d|0303||ff01-0023,|||,002f|0303||ff01-0023,002f|0303||ff01-0023,002f|0302||ff01-0023,002f|0303||ff01-0023,009d|0303||ff01-0023,002f|0303||ff01-0023,002f|0303||ff01-0023
167.99.148.3,167.99.148.3,00000000000000000000000000000000000000000000000000000000000000,|||,|||,|||,|||,|||,|||,|||,|||,|||,|||
188.166.183.87,188.166.183.87,15d3fd16d29d29d00042d43d000000020e545358d49bb421bf10130f479eaa,009e|0303|h2|ff01-0001-0023-0010-0017,cca8|0303|h2|ff01-0001-000b-0023-0010-0017,009f|0303|h2|ff01-0001-0023-0010-0017,c02f|0303||ff01-0001-000b-0023-0017,c02f|0303||ff01-0001-000b-0023-0017,|||,1302|0303||002b-0033,1303|0303||002b-0033,|||,|||
192.210.173.16,192.210.173.16,00000000000000000000000000000000000000000000000000000000000000,|||,|||,|||,|||,|||,|||,|||,|||,|||,|||
182.160.127.98,182.160.127.98,00000000000000000000000000000000000000000000000000000000000000,|||,|||,|||,|||,|||,|||,|||,|||,|||,|||
188.166.213.4,188.166.213.4,3fd3fd15d3fd3fd00042d42d00000061256d32ed7779c14686ad100544dc8d,cca8|0303|http/1.1|ff01-0001-000b-0023-0010-0017,cca8|0303|http/1.1|ff01-0001-000b-0023-0010-0017,009e|0303|http/1.1|ff01-0001-0023-0010-0017,cca8|0303|http/1.1|ff01-0001-000b-0023-0010-0017,cca8|0303|http/1.1|ff01-0001-000b-0023-0010-0017,|||,1302|0303||002b-0033,1302|0303||002b-0033,|||,|||
189.112.4.168,189.112.4.168,00000000000000000000000000000000000000000000000000000000000000,|||,|||,|||,|||,|||,|||,|||,|||,|||,|||
189.112.125.131,189.112.125.131,00000000000000000000000000000000000000000000000000000000000000,|||,|||,|||,|||,|||,|||,|||,|||,|||,|||
188.166.230.192,188.166.230.192,07d19d1ad21d21d07c42d43d0000009424803a662b126a748cf4f90707a33c,0033|0303|http/1.1|ff01-0001-0023-0010-0017,00c0|0303|http/1.1|ff01-0001-0023-0010-0017,00c4|0303|http/1.1|ff01-0001-0023-0010-0017,c013|0303|http/1.1|ff01-0001-000b-0023-0010-0017,c013|0303|http/1.1|ff01-0001-000b-0023-0010-0017,0033|0302|http/1.1|ff01-0001-0023-0010-0017,1302|0303||002b-0033,1303|0303||002b-0033,|||,|||
167.99.128.242,167.99.128.242,00000000000000000000000000000000000000000000000000000000000000,|||,|||,|||,|||,|||,|||,|||,|||,|||,|||
190.116.43.126,190.116.43.126,14d14d09d14d14d08c14d14d14d14dc5c12909cabb273058cc881ddb7a738d,009d|0303||0017,009d|0303||0017,0039|0303||0017,009d|0303||0017,009d|0303||0017,0035|0302||0017,009d|0303||0017,009d|0303||0017,009d|0303||0017,009d|0303||0017
167.99.158.150,167.99.158.150,00000000000000000000000000000000000000000000000000000000000000,|||,|||,|||,|||,|||,|||,|||,|||,|||,|||
167.99.33.179,167.99.33.179,00000000000000000000000000000000000000000000000000000000000000,|||,|||,|||,|||,|||,|||,|||,|||,|||,|||
167.99.116.59,167.99.116.59,00000000000000000000000000000000000000000000000000000000000000,|||,|||,|||,|||,|||,|||,|||,|||,|||,|||
167.99.34.85,167.99.34.85,00000000000000000000000000000000000000000000000000000000000000,|||,|||,|||,|||,|||,|||,|||,|||,|||,|||
167.99.60.208,167.99.60.208,00000000000000000000000000000000000000000000000000000000000000,|||,|||,|||,|||,|||,|||,|||,|||,|||,|||
191.100.27.229,191.100.27.229,2ad2ad16d00000022c2ad2ad2ad2adbc07bc352a188303b518c8a273c71220,c030|0303|h2|0010-0017-ff01,c030|0303|h2|0010-0017-ff01,009f|0303|h2|0010-0017-ff01,|||,|||,c014|0302|h2|0010-0017-ff01,c030|0303|h2|0010-0017-ff01,c030|0303|h2|0010-0017-ff01,c030|0303|h2|0010-0017-ff01,c030|0303|h2|0010-0017-ff01
167.99.79.228,167.99.79.228,00000000000000000000000000000000000000000000000000000000000000,|||,|||,|||,|||,|||,|||,|||,|||,|||,|||
168.100.11.142,168.100.11.142,00000000000000000000000000000000000000000000000000000000000000,|||,|||,|||,|||,|||,|||,|||,|||,|||,|||
168.138.95.98,168.138.95.98,00000000000000000000000000000000000000000000000000000000000000,|||,|||,|||,|||,|||,|||,|||,|||,|||,|||
168.138.69.218,168.138.69.218,00000000000000000000000000000000000000000000000000000000000000,|||,|||,|||,|||,|||,|||,|||,|||,|||,|||
168.181.120.21,168.181.120.21,00000000000000000000000000000000000000000000000000000000000000,|||,|||,|||,|||,|||,|||,|||,|||,|||,|||
168.232.12.130,168.232.12.130,00000000000000000000000000000000000000000000000000000000000000,|||,|||,|||,|||,|||,|||,|||,|||,|||,|||
168.138.214.3,168.138.214.3,00000000000000000000000000000000000000000000000000000000000000,|||,|||,|||,|||,|||,|||,|||,|||,|||,|||
168.232.14.86,168.232.14.86,00000000000000000000000000000000000000000000000000000000000000,|||,|||,|||,|||,|||,|||,|||,|||,|||,|||
168.149.227.107,168.149.227.107,00000000000000000000000000000000000000000000000000000000000000,|||,|||,|||,|||,|||,|||,|||,|||,|||,|||
168.227.109.220,168.227.109.220,00000000000000000000000000000000000000000000000000000000000000,|||,|||,|||,|||,|||,|||,|||,|||,|||,|||
168.228.20.22,168.228.20.22,00000000000000000000000000000000000000000000000000000000000000,|||,|||,|||,|||,|||,|||,|||,|||,|||,|||
168.138.90.235,168.138.90.235,00000000000000000000000000000000000000000000000000000000000000,|||,|||,|||,|||,|||,|||,|||,|||,|||,|||
180.101.45.190,180.101.45.190,00000000000000000000000000000000000000000000000000000000000000,|||,|||,|||,|||,|||,|||,|||,|||,|||,|||
168.228.42.237,168.228.42.237,00000000000000000000000000000000000000000000000000000000000000,|||,|||,|||,|||,|||,|||,|||,|||,|||,|||
168.245.166.165,168.245.166.165,00000000000000000000000000000000000000000000000000000000000000,|||,|||,|||,|||,|||,|||,|||,|||,|||,|||
168.232.85.202,168.232.85.202,00000000000000000000000000000000000000000000000000000000000000,|||,|||,|||,|||,|||,|||,|||,|||,|||,|||
168.0.108.20,168.0.108.20,00000000000000000000000000000000000000000000000000000000000000,|||,|||,|||,|||,|||,|||,|||,|||,|||,|||
168.62.172.65,168.62.172.65,00000000000000000000000000000000000000000000000000000000000000,|||,|||,|||,|||,|||,|||,|||,|||,|||,|||
168.61.32.144,168.61.32.144,00000000000000000000000000000000000000000000000000000000000000,|||,|||,|||,|||,|||,|||,|||,|||,|||,|||
192.140.64.36,192.140.64.36,0ad0ad0000ad0ad06c0ad0ad0ad0ad898ed0748554b5d9925df15eb7186a8a,003c|0303||0023-ff01,003c|0303||0023-ff01,|||,003c|0303||0023-ff01,003c|0303||0023-ff01,002f|0302||0023-ff01,003c|0303||0023-ff01,003c|0303||0023-ff01,003c|0303||0023-ff01,003c|0303||0023-ff01
168.70.114.161,168.70.114.161,00000000000000000000000000000000000000000000000000000000000000,|||,|||,|||,|||,|||,|||,|||,|||,|||,|||
168.90.147.124,168.90.147.124,00000000000000000000000000000000000000000000000000000000000000,|||,|||,|||,|||,|||,|||,|||,|||,|||,|||
170.106.174.246,170.106.174.246,00000000000000000000000000000000000000000000000000000000000000,|||,|||,|||,|||,|||,|||,|||,|||,|||,|||
167.99.88.5,167.99.88.5,00000000000000000000000000000000000000000000000000000000000000,|||,|||,|||,|||,|||,|||,|||,|||,|||,|||
190.64.71.234,190.64.71.234,2ad2ad16d2ad2ad22c42d42d0000006f254909a73bf62f6b28507e9fb451b5,c030|0303|http/1.1|ff01-0001-000b-0023-0010-0017,c030|0303|http/1.1|ff01-0001-000b-0023-0010-0017,009f|0303|http/1.1|ff01-0001-0023-0010-0017,c030|0303|http/1.1|ff01-0001-000b-0023-0010-0017,c030|0303|http/1.1|ff01-0001-000b-0023-0010-0017,c014|0302|http/1.1|ff01-0001-000b-0023-0010-0017,1302|0303||002b-0033,1302|0303||002b-0033,|||,|||
190.114.254.124,190.114.254.124,26d26d16d26d26d22c26d26d26d26dd7fc4c7c6ef19b77a4ca0787979cdc13,c028|0303||ff01,c028|0303||ff01,009f|0303||ff01,c028|0303||ff01,c028|0303||ff01,c014|0302||ff01,c028|0303||ff01,c028|0303||ff01,c028|0303||ff01,c028|0303||ff01
169.239.120.11,169.239.120.11,00000000000000000000000000000000000000000000000000000000000000,|||,|||,|||,|||,|||,|||,|||,|||,|||,|||
170.106.115.151,170.106.115.151,00000000000000000000000000000000000000000000000000000000000000,|||,|||,|||,|||,|||,|||,|||,|||,|||,|||
170.106.115.15,170.106.115.15,00000000000000000000000000000000000000000000000000000000000000,|||,|||,|||,|||,|||,|||,|||,|||,|||,|||
170.231.247.188,170.231.247.188,00000000000000000000000000000000000000000000000000000000000000,|||,|||,|||,|||,|||,|||,|||,|||,|||,|||
170.106.173.40,170.106.173.40,00000000000000000000000000000000000000000000000000000000000000,|||,|||,|||,|||,|||,|||,|||,|||,|||,|||
190.186.93.100,190.186.93.100,08d08d00008d08d08c08d08d08d08d9674c6b4e623ae36cc2d998e99e2262e,0035|0303||ff01-0023,0035|0303||ff01-0023,|||,0035|0303||ff01-0023,0035|0303||ff01-0023,0035|0302||ff01-0023,0035|0303||ff01-0023,0035|0303||ff01-0023,0035|0303||ff01-0023,0035|0303||ff01-0023
170.106.115.39,170.106.115.39,00000000000000000000000000000000000000000000000000000000000000,|||,|||,|||,|||,|||,|||,|||,|||,|||,|||
170.245.249.70,170.245.249.70,00000000000000000000000000000000000000000000000000000000000000,|||,|||,|||,|||,|||,|||,|||,|||,|||,|||
170.106.176.49,170.106.176.49,00000000000000000000000000000000000000000000000000000000000000,|||,|||,|||,|||,|||,|||,|||,|||,|||,|||
170.246.85.18,170.246.85.18,00000000000000000000000000000000000000000000000000000000000000,|||,|||,|||,|||,|||,|||,|||,|||,|||,|||
170.106.115.55,170.106.115.55,00000000000000000000000000000000000000000000000000000000000000,|||,|||,|||,|||,|||,|||,|||,|||,|||,|||
170.253.53.202,170.253.53.202,00000000000000000000000000000000000000000000000000000000000000,|||,|||,|||,|||,|||,|||,|||,|||,|||,|||
170.52.115.114,170.52.115.114,00000000000000000000000000000000000000000000000000000000000000,|||,|||,|||,|||,|||,|||,|||,|||,|||,|||
190.129.54.198,190.129.54.198,05b02b09b04b04b05b05b02b05b04ba441f40918707087561e2af18cf76f0e,0016|0301||ff01-0023,0005|0301||ff01-0023,0039|0301||ff01-0023,000a|0301||ff01-0023,000a|0301||ff01-0023,0016|0301||ff01-0023,0016|0301||ff01-0023,0005|0301||ff01-0023,0016|0301||ff01-0023,000a|0301||ff01-0023
121.196.204.22,121.196.204.22,00000000000000000000000000000000000000000000000000000000000000,|||,|||,|||,|||,|||,|||,|||,|||,|||,|||
171.121.219.18,171.121.219.18,00000000000000000000000000000000000000000000000000000000000000,|||,|||,|||,|||,|||,|||,|||,|||,|||,|||
171.111.46.28,171.111.46.28,00000000000000000000000000000000000000000000000000000000000000,|||,|||,|||,|||,|||,|||,|||,|||,|||,|||
190.104.238.38,190.104.238.38,21d19d00021d21d21c21d19d21d21d3b0d229d76f2fd7cb8e23bb87da38a20,c013|0303|http/1.1|ff01-0000-0001-000b-0023-0010-0017,00c0|0303|http/1.1|ff01-0000-0001-0023-0010-0017,|||,c013|0303||ff01-0000-0001-000b-0023-0017,c013|0303||ff01-0000-0001-000b-0023-0017,c013|0302|http/1.1|ff01-0000-0001-000b-0023-0010-0017,c013|0303|http/1.1|ff01-0000-0001-000b-0023-0010-0017,00c0|0303|http/1.1|ff01-0000-0001-0023-0010-0017,c013|0303|http/1.1|ff01-0000-0001-000b-0023-0010-0017,c013|0303|http/1.1|ff01-0000-0001-000b-0023-0010-0017
171.221.229.202,171.221.229.202,00000000000000000000000000000000000000000000000000000000000000,|||,|||,|||,|||,|||,|||,|||,|||,|||,|||
171.112.181.101,171.112.181.101,00000000000000000000000000000000000000000000000000000000000000,|||,|||,|||,|||,|||,|||,|||,|||,|||,|||
170.78.21.196,170.78.21.196,00000000000000000000000000000000000000000000000000000000000000,|||,|||,|||,|||,|||,|||,|||,|||,|||,|||
171.104.220.120,171.104.220.120,00000000000000000000000000000000000000000000000000000000000000,|||,|||,|||,|||,|||,|||,|||,|||,|||,|||
171.211.195.186,171.211.195.186,00000000000000000000000000000000000000000000000000000000000000,|||,|||,|||,|||,|||,|||,|||,|||,|||,|||
171.110.124.40,171.110.124.40,00000000000000000000000000000000000000000000000000000000000000,|||,|||,|||,|||,|||,|||,|||,|||,|||,|||
171.254.10.34,171.254.10.34,00000000000000000000000000000000000000000000000000000000000000,|||,|||,|||,|||,|||,|||,|||,|||,|||,|||
172.104.115.41,172.104.115.41,00000000000000000000000000000000000000000000000000000000000000,|||,|||,|||,|||,|||,|||,|||,|||,|||,|||
171.244.188.189,171.244.188.189,00000000000000000000000000000000000000000000000000000000000000,|||,|||,|||,|||,|||,|||,|||,|||,|||,|||
170.82.184.189,170.82.184.189,00000000000000000000000000000000000000000000000000000000000000,|||,|||,|||,|||,|||,|||,|||,|||,|||,|||
171.121.219.234,171.121.219.234,00000000000000000000000000000000000000000000000000000000000000,|||,|||,|||,|||,|||,|||,|||,|||,|||,|||
171.229.163.133,171.229.163.133,00000000000000000000000000000000000000000000000000000000000000,|||,|||,|||,|||,|||,|||,|||,|||,|||,|||
171.236.69.194,171.236.69.194,00000000000000000000000000000000000000000000000000000000000000,|||,|||,|||,|||,|||,|||,|||,|||,|||,|||
171.81.64.122,171.81.64.122,00000000000000000000000000000000000000000000000000000000000000,|||,|||,|||,|||,|||,|||,|||,|||,|||,|||
171.81.65.17,171.81.65.17,00000000000000000000000000000000000000000000000000000000000000,|||,|||,|||,|||,|||,|||,|||,|||,|||,|||
171.101.75.44,171.101.75.44,00000000000000000000000000000000000000000000000000000000000000,|||,|||,|||,|||,|||,|||,|||,|||,|||,|||
170.0.47.213,170.0.47.213,00000000000000000000000000000000000000000000000000000000000000,|||,|||,|||,|||,|||,|||,|||,|||,|||,|||
171.212.136.99,171.212.136.99,00000000000000000000000000000000000000000000000000000000000000,|||,|||,|||,|||,|||,|||,|||,|||,|||,|||
171.217.108.39,171.217.108.39,00000000000000000000000000000000000000000000000000000000000000,|||,|||,|||,|||,|||,|||,|||,|||,|||,|||
171.88.21.138,171.88.21.138,00000000000000000000000000000000000000000000000000000000000000,|||,|||,|||,|||,|||,|||,|||,|||,|||,|||
171.96.32.34,171.96.32.34,00000000000000000000000000000000000000000000000000000000000000,|||,|||,|||,|||,|||,|||,|||,|||,|||,|||
170.80.200.111,170.80.200.111,00000000000000000000000000000000000000000000000000000000000000,|||,|||,|||,|||,|||,|||,|||,|||,|||,|||
170.106.115.253,170.106.115.253,00000000000000000000000000000000000000000000000000000000000000,|||,|||,|||,|||,|||,|||,|||,|||,|||,|||
190.195.239.37,190.195.239.37,08d08d00008d08d08c08d08d08d08d9674c6b4e623ae36cc2d998e99e2262e,0035|0303||ff01-0023,0035|0303||ff01-0023,|||,0035|0303||ff01-0023,0035|0303||ff01-0023,0035|0302||ff01-0023,0035|0303||ff01-0023,0035|0303||ff01-0023,0035|0303||ff01-0023,0035|0303||ff01-0023
122.117.236.40,122.117.236.40,00000000000000000000000000000000000000000000000000000000000000,|||,|||,|||,|||,|||,|||,|||,|||,|||,|||
172.105.119.149,172.105.119.149,00000000000000000000000000000000000000000000000000000000000000,|||,|||,|||,|||,|||,|||,|||,|||,|||,|||
172.104.89.122,172.104.89.122,00000000000000000000000000000000000000000000000000000000000000,|||,|||,|||,|||,|||,|||,|||,|||,|||,|||
171.100.220.166,171.100.220.166,00000000000000000000000000000000000000000000000000000000000000,|||,|||,|||,|||,|||,|||,|||,|||,|||,|||
171.15.16.116,171.15.16.116,00000000000000000000000000000000000000000000000000000000000000,|||,|||,|||,|||,|||,|||,|||,|||,|||,|||
172.104.52.71,172.104.52.71,00000000000000000000000000000000000000000000000000000000000000,|||,|||,|||,|||,|||,|||,|||,|||,|||,|||
172.104.138.223,172.104.138.223,00000000000000000000000000000000000000000000000000000000000000,|||,|||,|||,|||,|||,|||,|||,|||,|||,|||
172.104.242.173,172.104.242.173,00000000000000000000000000000000000000000000000000000000000000,|||,|||,|||,|||,|||,|||,|||,|||,|||,|||
172.104.238.162,172.104.238.162,00000000000000000000000000000000000000000000000000000000000000,|||,|||,|||,|||,|||,|||,|||,|||,|||,|||
190.195.243.7,190.195.243.7,08d08d00008d08d08c08d08d08d08d9674c6b4e623ae36cc2d998e99e2262e,0035|0303||ff01-0023,0035|0303||ff01-0023,|||,0035|0303||ff01-0023,0035|0303||ff01-0023,0035|0302||ff01-0023,0035|0303||ff01-0023,0035|0303||ff01-0023,0035|0303||ff01-0023,0035|0303||ff01-0023
172.105.77.209,172.105.77.209,00000000000000000000000000000000000000000000000000000000000000,|||,|||,|||,|||,|||,|||,|||,|||,|||,|||
172.105.226.182,172.105.226.182,00000000000000000000000000000000000000000000000000000000000000,|||,|||,|||,|||,|||,|||,|||,|||,|||,|||
172.111.150.2,172.111.150.2,00000000000000000000000000000000000000000000000000000000000000,|||,|||,|||,|||,|||,|||,|||,|||,|||,|||
172.15.32.3,172.15.32.3,00000000000000000000000000000000000000000000000000000000000000,|||,|||,|||,|||,|||,|||,|||,|||,|||,|||
172.88.38.19,172.88.38.19,00000000000000000000000000000000000000000000000000000000000000,|||,|||,|||,|||,|||,|||,|||,|||,|||,|||
172.89.21.170,172.89.21.170,00000000000000000000000000000000000000000000000000000000000000,|||,|||,|||,|||,|||,|||,|||,|||,|||,|||
172.93.184.185,172.93.184.185,00000000000000000000000000000000000000000000000000000000000000,|||,|||,|||,|||,|||,|||,|||,|||,|||,|||
172.118.251.68,172.118.251.68,00000000000000000000000000000000000000000000000000000000000000,|||,|||,|||,|||,|||,|||,|||,|||,|||,|||
172.124.156.193,172.124.156.193,00000000000000000000000000000000000000000000000000000000000000,|||,|||,|||,|||,|||,|||,|||,|||,|||,|||
172.247.113.115,172.247.113.115,00000000000000000000000000000000000000000000000000000000000000,|||,|||,|||,|||,|||,|||,|||,|||,|||,|||
172.90.175.217,172.90.175.217,00000000000000000000000000000000000000000000000000000000000000,|||,|||,|||,|||,|||,|||,|||,|||,|||,|||
172.118.236.55,172.118.236.55,00000000000000000000000000000000000000000000000000000000000000,|||,|||,|||,|||,|||,|||,|||,|||,|||,|||
172.96.14.73,172.96.14.73,00000000000000000000000000000000000000000000000000000000000000,|||,|||,|||,|||,|||,|||,|||,|||,|||,|||
172.245.81.123,172.245.81.123,00000000000000000000000000000000000000000000000000000000000000,|||,|||,|||,|||,|||,|||,|||,|||,|||,|||
173.183.29.16,173.183.29.16,00000000000000000000000000000000000000000000000000000000000000,|||,|||,|||,|||,|||,|||,|||,|||,|||,|||
172.249.80.162,172.249.80.162,00000000000000000000000000000000000000000000000000000000000000,|||,|||,|||,|||,|||,|||,|||,|||,|||,|||
172.172.136.11,172.172.136.11,00000000000000000000000000000000000000000000000000000000000000,|||,|||,|||,|||,|||,|||,|||,|||,|||,|||
172.250.88.221,172.250.88.221,00000000000000000000000000000000000000000000000000000000000000,|||,|||,|||,|||,|||,|||,|||,|||,|||,|||
172.91.140.213,172.91.140.213,00000000000000000000000000000000000000000000000000000000000000,|||,|||,|||,|||,|||,|||,|||,|||,|||,|||
172.96.124.245,172.96.124.245,00000000000000000000000000000000000000000000000000000000000000,|||,|||,|||,|||,|||,|||,|||,|||,|||,|||
173.212.245.131,173.212.245.131,00000000000000000000000000000000000000000000000000000000000000,|||,|||,|||,|||,|||,|||,|||,|||,|||,|||
174.138.20.15,174.138.20.15,00000000000000000000000000000000000000000000000000000000000000,|||,|||,|||,|||,|||,|||,|||,|||,|||,|||
173.0.55.210,173.0.55.210,00000000000000000000000000000000000000000000000000000000000000,|||,|||,|||,|||,|||,|||,|||,|||,|||,|||
193.118.53.131,193.118.53.131,00000000000000000000000000000000000000000000000000000000000000,|||,|||,|||,|||,|||,|||,|||,|||,|||,|||
173.252.49.226,173.252.49.226,00000000000000000000000000000000000000000000000000000000000000,|||,|||,|||,|||,|||,|||,|||,|||,|||,|||
193.118.53.133,193.118.53.133,00000000000000000000000000000000000000000000000000000000000000,|||,|||,|||,|||,|||,|||,|||,|||,|||,|||
193.118.53.196,193.118.53.196,00000000000000000000000000000000000000000000000000000000000000,|||,|||,|||,|||,|||,|||,|||,|||,|||,|||
173.249.10.27,173.249.10.27,00000000000000000000000000000000000000000000000000000000000000,|||,|||,|||,|||,|||,|||,|||,|||,|||,|||
193.118.53.142,193.118.53.142,00000000000000000000000000000000000000000000000000000000000000,|||,|||,|||,|||,|||,|||,|||,|||,|||,|||
193.118.53.202,193.118.53.202,00000000000000000000000000000000000000000000000000000000000000,|||,|||,|||,|||,|||,|||,|||,|||,|||,|||
193.118.53.197,193.118.53.197,00000000000000000000000000000000000000000000000000000000000000,|||,|||,|||,|||,|||,|||,|||,|||,|||,|||
173.19.115.213,173.19.115.213,00000000000000000000000000000000000000000000000000000000000000,|||,|||,|||,|||,|||,|||,|||,|||,|||,|||
173.73.12.112,173.73.12.112,00000000000000000000000000000000000000000000000000000000000000,|||,|||,|||,|||,|||,|||,|||,|||,|||,|||
193.118.53.139,193.118.53.139,00000000000000000000000000000000000000000000000000000000000000,|||,|||,|||,|||,|||,|||,|||,|||,|||,|||
193.118.53.132,193.118.53.132,00000000000000000000000000000000000000000000000000000000000000,|||,|||,|||,|||,|||,|||,|||,|||,|||,|||
173.79.207.99,173.79.207.99,00000000000000000000000000000000000000000000000000000000000000,|||,|||,|||,|||,|||,|||,|||,|||,|||,|||
172.247.32.131,172.247.32.131,00000000000000000000000000000000000000000000000000000000000000,|||,|||,|||,|||,|||,|||,|||,|||,|||,|||
193.118.53.195,193.118.53.195,00000000000000000000000000000000000000000000000000000000000000,|||,|||,|||,|||,|||,|||,|||,|||,|||,|||
193.118.53.198,193.118.53.198,00000000000000000000000000000000000000000000000000000000000000,|||,|||,|||,|||,|||,|||,|||,|||,|||,|||
193.118.53.140,193.118.53.140,00000000000000000000000000000000000000000000000000000000000000,|||,|||,|||,|||,|||,|||,|||,|||,|||,|||
172.247.35.210,172.247.35.210,00000000000000000000000000000000000000000000000000000000000000,|||,|||,|||,|||,|||,|||,|||,|||,|||,|||
193.118.53.210,193.118.53.210,00000000000000000000000000000000000000000000000000000000000000,|||,|||,|||,|||,|||,|||,|||,|||,|||,|||
193.118.53.206,193.118.53.206,00000000000000000000000000000000000000000000000000000000000000,|||,|||,|||,|||,|||,|||,|||,|||,|||,|||
193.118.53.194,193.118.53.194,00000000000000000000000000000000000000000000000000000000000000,|||,|||,|||,|||,|||,|||,|||,|||,|||,|||
173.82.171.19,173.82.171.19,00000000000000000000000000000000000000000000000000000000000000,|||,|||,|||,|||,|||,|||,|||,|||,|||,|||
193.118.53.141,193.118.53.141,00000000000000000000000000000000000000000000000000000000000000,|||,|||,|||,|||,|||,|||,|||,|||,|||,|||
174.134.72.97,174.134.72.97,00000000000000000000000000000000000000000000000000000000000000,|||,|||,|||,|||,|||,|||,|||,|||,|||,|||
173.255.248.184,173.255.248.184,00000000000000000000000000000000000000000000000000000000000000,|||,|||,|||,|||,|||,|||,|||,|||,|||,|||
174.106.0.15,174.106.0.15,00000000000000000000000000000000000000000000000000000000000000,|||,|||,|||,|||,|||,|||,|||,|||,|||,|||
193.118.53.204,193.118.53.204,00000000000000000000000000000000000000000000000000000000000000,|||,|||,|||,|||,|||,|||,|||,|||,|||,|||
173.89.217.132,173.89.217.132,00000000000000000000000000000000000000000000000000000000000000,|||,|||,|||,|||,|||,|||,|||,|||,|||,|||
173.82.205.194,173.82.205.194,00000000000000000000000000000000000000000000000000000000000000,|||,|||,|||,|||,|||,|||,|||,|||,|||,|||
174.134.225.128,174.134.225.128,00000000000000000000000000000000000000000000000000000000000000,|||,|||,|||,|||,|||,|||,|||,|||,|||,|||
174.138.24.157,174.138.24.157,00000000000000000000000000000000000000000000000000000000000000,|||,|||,|||,|||,|||,|||,|||,|||,|||,|||
193.118.53.203,193.118.53.203,00000000000000000000000000000000000000000000000000000000000000,|||,|||,|||,|||,|||,|||,|||,|||,|||,|||
193.118.55.148,193.118.55.148,00000000000000000000000000000000000000000000000000000000000000,|||,|||,|||,|||,|||,|||,|||,|||,|||,|||
193.118.53.205,193.118.53.205,00000000000000000000000000000000000000000000000000000000000000,|||,|||,|||,|||,|||,|||,|||,|||,|||,|||
173.63.103.161,173.63.103.161,00000000000000000000000000000000000000000000000000000000000000,|||,|||,|||,|||,|||,|||,|||,|||,|||,|||
193.118.53.214,193.118.53.214,00000000000000000000000000000000000000000000000000000000000000,|||,|||,|||,|||,|||,|||,|||,|||,|||,|||
193.118.55.170,193.118.55.170,00000000000000000000000000000000000000000000000000000000000000,|||,|||,|||,|||,|||,|||,|||,|||,|||,|||
174.138.62.142,174.138.62.142,00000000000000000000000000000000000000000000000000000000000000,|||,|||,|||,|||,|||,|||,|||,|||,|||,|||
173.82.243.249,173.82.243.249,00000000000000000000000000000000000000000000000000000000000000,|||,|||,|||,|||,|||,|||,|||,|||,|||,|||
193.118.53.213,193.118.53.213,00000000000000000000000000000000000000000000000000000000000000,|||,|||,|||,|||,|||,|||,|||,|||,|||,|||
190.187.120.49,190.187.120.49,07d0bd0fd21d21d07c07d0bd07d21dc74a10f0dd8921b3cc912d3ee25ffd0a,0033|0303||ff01-0023,003d|0303||ff01-0023,006b|0303||ff01-0023,c013|0303||ff01-000b-0023,c013|0303||ff01-000b-0023,0033|0302||ff01-0023,0033|0303||ff01-0023,003d|0303||ff01-0023,0033|0303||ff01-0023,c013|0303||ff01-000b-0023
193.118.55.165,193.118.55.165,00000000000000000000000000000000000000000000000000000000000000,|||,|||,|||,|||,|||,|||,|||,|||,|||,|||
193.118.55.174,193.118.55.174,00000000000000000000000000000000000000000000000000000000000000,|||,|||,|||,|||,|||,|||,|||,|||,|||,|||
193.118.55.150,193.118.55.150,00000000000000000000000000000000000000000000000000000000000000,|||,|||,|||,|||,|||,|||,|||,|||,|||,|||
193.118.53.211,193.118.53.211,00000000000000000000000000000000000000000000000000000000000000,|||,|||,|||,|||,|||,|||,|||,|||,|||,|||
175.153.248.200,175.153.248.200,00000000000000000000000000000000000000000000000000000000000000,|||,|||,|||,|||,|||,|||,|||,|||,|||,|||
193.118.55.173,193.118.55.173,00000000000000000000000000000000000000000000000000000000000000,|||,|||,|||,|||,|||,|||,|||,|||,|||,|||
193.118.55.171,193.118.55.171,00000000000000000000000000000000000000000000000000000000000000,|||,|||,|||,|||,|||,|||,|||,|||,|||,|||
193.118.55.166,193.118.55.166,00000000000000000000000000000000000000000000000000000000000000,|||,|||,|||,|||,|||,|||,|||,|||,|||,|||
175.153.252.247,175.153.252.247,00000000000000000000000000000000000000000000000000000000000000,|||,|||,|||,|||,|||,|||,|||,|||,|||,|||
193.118.55.163,193.118.55.163,00000000000000000000000000000000000000000000000000000000000000,|||,|||,|||,|||,|||,|||,|||,|||,|||,|||
173.52.121.11,173.52.121.11,00000000000000000000000000000000000000000000000000000000000000,|||,|||,|||,|||,|||,|||,|||,|||,|||,|||
175.143.36.49,175.143.36.49,00000000000000000000000000000000000000000000000000000000000000,|||,|||,|||,|||,|||,|||,|||,|||,|||,|||
175.153.228.115,175.153.228.115,00000000000000000000000000000000000000000000000000000000000000,|||,|||,|||,|||,|||,|||,|||,|||,|||,|||
175.149.122.204,175.149.122.204,00000000000000000000000000000000000000000000000000000000000000,|||,|||,|||,|||,|||,|||,|||,|||,|||,|||
175.164.86.133,175.164.86.133,00000000000000000000000000000000000000000000000000000000000000,|||,|||,|||,|||,|||,|||,|||,|||,|||,|||
175.156.112.248,175.156.112.248,00000000000000000000000000000000000000000000000000000000000000,|||,|||,|||,|||,|||,|||,|||,|||,|||,|||
175.162.240.71,175.162.240.71,00000000000000000000000000000000000000000000000000000000000000,|||,|||,|||,|||,|||,|||,|||,|||,|||,|||
175.163.108.211,175.163.108.211,00000000000000000000000000000000000000000000000000000000000000,|||,|||,|||,|||,|||,|||,|||,|||,|||,|||
175.107.201.182,175.107.201.182,00000000000000000000000000000000000000000000000000000000000000,|||,|||,|||,|||,|||,|||,|||,|||,|||,|||
175.170.26.55,175.170.26.55,00000000000000000000000000000000000000000000000000000000000000,|||,|||,|||,|||,|||,|||,|||,|||,|||,|||
175.158.59.195,175.158.59.195,00000000000000000000000000000000000000000000000000000000000000,|||,|||,|||,|||,|||,|||,|||,|||,|||,|||
177.137.251.21,177.137.251.21,00000000000000000000000000000000000000000000000000000000000000,|||,|||,|||,|||,|||,|||,|||,|||,|||,|||
175.178.104.29,175.178.104.29,00000000000000000000000000000000000000000000000000000000000000,|||,|||,|||,|||,|||,|||,|||,|||,|||,|||
175.170.253.4,175.170.253.4,00000000000000000000000000000000000000000000000000000000000000,|||,|||,|||,|||,|||,|||,|||,|||,|||,|||
175.166.156.186,175.166.156.186,00000000000000000000000000000000000000000000000000000000000000,|||,|||,|||,|||,|||,|||,|||,|||,|||,|||
175.151.190.3,175.151.190.3,00000000000000000000000000000000000000000000000000000000000000,|||,|||,|||,|||,|||,|||,|||,|||,|||,|||
174.87.2.34,174.87.2.34,00000000000000000000000000000000000000000000000000000000000000,|||,|||,|||,|||,|||,|||,|||,|||,|||,|||
175.178.103.198,175.178.103.198,00000000000000000000000000000000000000000000000000000000000000,|||,|||,|||,|||,|||,|||,|||,|||,|||,|||
174.84.114.101,174.84.114.101,00000000000000000000000000000000000000000000000000000000000000,|||,|||,|||,|||,|||,|||,|||,|||,|||,|||
175.178.108.7,175.178.108.7,00000000000000000000000000000000000000000000000000000000000000,|||,|||,|||,|||,|||,|||,|||,|||,|||,|||
175.178.3.148,175.178.3.148,00000000000000000000000000000000000000000000000000000000000000,|||,|||,|||,|||,|||,|||,|||,|||,|||,|||
193.124.55.34,193.124.55.34,00000000000000000000000000000000000000000000000000000000000000,|||,|||,|||,|||,|||,|||,|||,|||,|||,|||
175.178.59.19,175.178.59.19,00000000000000000000000000000000000000000000000000000000000000,|||,|||,|||,|||,|||,|||,|||,|||,|||,|||
175.178.114.181,175.178.114.181,00000000000000000000000000000000000000000000000000000000000000,|||,|||,|||,|||,|||,|||,|||,|||,|||,|||
175.202.44.205,175.202.44.205,00000000000000000000000000000000000000000000000000000000000000,|||,|||,|||,|||,|||,|||,|||,|||,|||,|||
175.183.87.124,175.183.87.124,00000000000000000000000000000000000000000000000000000000000000,|||,|||,|||,|||,|||,|||,|||,|||,|||,|||
175.178.81.3,175.178.81.3,00000000000000000000000000000000000000000000000000000000000000,|||,|||,|||,|||,|||,|||,|||,|||,|||,|||
175.181.38.150,175.181.38.150,00000000000000000000000000000000000000000000000000000000000000,|||,|||,|||,|||,|||,|||,|||,|||,|||,|||
175.23.169.23,175.23.169.23,00000000000000000000000000000000000000000000000000000000000000,|||,|||,|||,|||,|||,|||,|||,|||,|||,|||
192.95.5.112,192.95.5.112,00000000000000000000000000000000000000000000000000000000000000,|||,|||,|||,|||,|||,|||,|||,|||,|||,|||
175.205.182.58,175.205.182.58,00000000000000000000000000000000000000000000000000000000000000,|||,|||,|||,|||,|||,|||,|||,|||,|||,|||
192.34.59.75,192.34.59.75,00000000000000000000000000000000000000000000000000000000000000,|||,|||,|||,|||,|||,|||,|||,|||,|||,|||
192.99.175.176,192.99.175.176,00000000000000000000000000000000000000000000000000000000000000,|||,|||,|||,|||,|||,|||,|||,|||,|||,|||
192.99.175.181,192.99.175.181,00000000000000000000000000000000000000000000000000000000000000,|||,|||,|||,|||,|||,|||,|||,|||,|||,|||
192.99.175.180,192.99.175.180,00000000000000000000000000000000000000000000000000000000000000,|||,|||,|||,|||,|||,|||,|||,|||,|||,|||
192.99.175.184,192.99.175.184,00000000000000000000000000000000000000000000000000000000000000,|||,|||,|||,|||,|||,|||,|||,|||,|||,|||
192.99.175.178,192.99.175.178,00000000000000000000000000000000000000000000000000000000000000,|||,|||,|||,|||,|||,|||,|||,|||,|||,|||
192.99.175.177,192.99.175.177,00000000000000000000000000000000000000000000000000000000000000,|||,|||,|||,|||,|||,|||,|||,|||,|||,|||
192.250.233.240,192.250.233.240,00000000000000000000000000000000000000000000000000000000000000,|||,|||,|||,|||,|||,|||,|||,|||,|||,|||
192.3.136.77,192.3.136.77,00000000000000000000000000000000000000000000000000000000000000,|||,|||,|||,|||,|||,|||,|||,|||,|||,|||
192.99.175.189,192.99.175.189,00000000000000000000000000000000000000000000000000000000000000,|||,|||,|||,|||,|||,|||,|||,|||,|||,|||
192.99.175.183,192.99.175.183,00000000000000000000000000000000000000000000000000000000000000,|||,|||,|||,|||,|||,|||,|||,|||,|||,|||
175.34.90.81,175.34.90.81,00000000000000000000000000000000000000000000000000000000000000,|||,|||,|||,|||,|||,|||,|||,|||,|||,|||
192.53.123.183,192.53.123.183,00000000000000000000000000000000000000000000000000000000000000,|||,|||,|||,|||,|||,|||,|||,|||,|||,|||
192.46.223.227,192.46.223.227,00000000000000000000000000000000000000000000000000000000000000,|||,|||,|||,|||,|||,|||,|||,|||,|||,|||
192.99.175.188,192.99.175.188,00000000000000000000000000000000000000000000000000000000000000,|||,|||,|||,|||,|||,|||,|||,|||,|||,|||
175.42.70.240,175.42.70.240,00000000000000000000000000000000000000000000000000000000000000,|||,|||,|||,|||,|||,|||,|||,|||,|||,|||
176.116.165.164,176.116.165.164,00000000000000000000000000000000000000000000000000000000000000,|||,|||,|||,|||,|||,|||,|||,|||,|||,|||
176.122.74.152,176.122.74.152,00000000000000000000000000000000000000000000000000000000000000,|||,|||,|||,|||,|||,|||,|||,|||,|||,|||
176.101.254.173,176.101.254.173,00000000000000000000000000000000000000000000000000000000000000,|||,|||,|||,|||,|||,|||,|||,|||,|||,|||
192.99.175.186,192.99.175.186,00000000000000000000000000000000000000000000000000000000000000,|||,|||,|||,|||,|||,|||,|||,|||,|||,|||
175.6.60.107,175.6.60.107,00000000000000000000000000000000000000000000000000000000000000,|||,|||,|||,|||,|||,|||,|||,|||,|||,|||
192.99.175.191,192.99.175.191,00000000000000000000000000000000000000000000000000000000000000,|||,|||,|||,|||,|||,|||,|||,|||,|||,|||
175.24.199.127,175.24.199.127,00000000000000000000000000000000000000000000000000000000000000,|||,|||,|||,|||,|||,|||,|||,|||,|||,|||
176.214.40.224,176.214.40.224,00000000000000000000000000000000000000000000000000000000000000,|||,|||,|||,|||,|||,|||,|||,|||,|||,|||
192.53.170.243,192.53.170.243,00000000000000000000000000000000000000000000000000000000000000,|||,|||,|||,|||,|||,|||,|||,|||,|||,|||
175.198.191.99,175.198.191.99,00000000000000000000000000000000000000000000000000000000000000,|||,|||,|||,|||,|||,|||,|||,|||,|||,|||
176.111.173.24,176.111.173.24,00000000000000000000000000000000000000000000000000000000000000,|||,|||,|||,|||,|||,|||,|||,|||,|||,|||
176.105.219.73,176.105.219.73,00000000000000000000000000000000000000000000000000000000000000,|||,|||,|||,|||,|||,|||,|||,|||,|||,|||
176.123.8.104,176.123.8.104,00000000000000000000000000000000000000000000000000000000000000,|||,|||,|||,|||,|||,|||,|||,|||,|||,|||
176.122.98.167,176.122.98.167,00000000000000000000000000000000000000000000000000000000000000,|||,|||,|||,|||,|||,|||,|||,|||,|||,|||
190.111.244.98,190.111.244.98,05b10b11b04b04b05b05b10b05b04ba441f40918707087561e2af18cf76f0e,0016|0301||ff01-0023,0084|0301||ff01-0023,0088|0301||ff01-0023,000a|0301||ff01-0023,000a|0301||ff01-0023,0016|0301||ff01-0023,0016|0301||ff01-0023,0084|0301||ff01-0023,0016|0301||ff01-0023,000a|0301||ff01-0023
176.214.44.171,176.214.44.171,00000000000000000000000000000000000000000000000000000000000000,|||,|||,|||,|||,|||,|||,|||,|||,|||,|||
176.40.231.171,176.40.231.171,00000000000000000000000000000000000000000000000000000000000000,|||,|||,|||,|||,|||,|||,|||,|||,|||,|||
176.230.25.71,176.230.25.71,00000000000000000000000000000000000000000000000000000000000000,|||,|||,|||,|||,|||,|||,|||,|||,|||,|||
176.221.206.12,176.221.206.12,00000000000000000000000000000000000000000000000000000000000000,|||,|||,|||,|||,|||,|||,|||,|||,|||,|||
175.9.219.130,175.9.219.130,00000000000000000000000000000000000000000000000000000000000000,|||,|||,|||,|||,|||,|||,|||,|||,|||,|||
176.239.176.211,176.239.176.211,00000000000000000000000000000000000000000000000000000000000000,|||,|||,|||,|||,|||,|||,|||,|||,|||,|||
176.119.147.227,176.119.147.227,00000000000000000000000000000000000000000000000000000000000000,|||,|||,|||,|||,|||,|||,|||,|||,|||,|||
176.32.195.92,176.32.195.92,00000000000000000000000000000000000000000000000000000000000000,|||,|||,|||,|||,|||,|||,|||,|||,|||,|||
176.10.175.18,176.10.175.18,00000000000000000000000000000000000000000000000000000000000000,|||,|||,|||,|||,|||,|||,|||,|||,|||,|||
175.178.53.244,175.178.53.244,00000000000000000000000000000000000000000000000000000000000000,|||,|||,|||,|||,|||,|||,|||,|||,|||,|||
193.118.53.212,193.118.53.212,00000000000000000000000000000000000000000000000000000000000000,|||,|||,|||,|||,|||,|||,|||,|||,|||,|||
192.53.162.206,192.53.162.206,00000000000000000000000000000000000000000000000000000000000000,|||,|||,|||,|||,|||,|||,|||,|||,|||,|||
176.121.254.60,176.121.254.60,00000000000000000000000000000000000000000000000000000000000000,|||,|||,|||,|||,|||,|||,|||,|||,|||,|||
192.53.170.163,192.53.170.163,00000000000000000000000000000000000000000000000000000000000000,|||,|||,|||,|||,|||,|||,|||,|||,|||,|||
176.29.9.12,176.29.9.12,00000000000000000000000000000000000000000000000000000000000000,|||,|||,|||,|||,|||,|||,|||,|||,|||,|||
176.38.24.79,176.38.24.79,00000000000000000000000000000000000000000000000000000000000000,|||,|||,|||,|||,|||,|||,|||,|||,|||,|||
176.120.32.167,176.120.32.167,00000000000000000000000000000000000000000000000000000000000000,|||,|||,|||,|||,|||,|||,|||,|||,|||,|||
176.36.240.133,176.36.240.133,00000000000000000000000000000000000000000000000000000000000000,|||,|||,|||,|||,|||,|||,|||,|||,|||,|||
176.23.182.142,176.23.182.142,00000000000000000000000000000000000000000000000000000000000000,|||,|||,|||,|||,|||,|||,|||,|||,|||,|||
176.97.210.140,176.97.210.140,00000000000000000000000000000000000000000000000000000000000000,|||,|||,|||,|||,|||,|||,|||,|||,|||,|||
177.133.59.39,177.133.59.39,00000000000000000000000000000000000000000000000000000000000000,|||,|||,|||,|||,|||,|||,|||,|||,|||,|||
176.9.16.177,176.9.16.177,00000000000000000000000000000000000000000000000000000000000000,|||,|||,|||,|||,|||,|||,|||,|||,|||,|||
177.104.26.222,177.104.26.222,00000000000000000000000000000000000000000000000000000000000000,|||,|||,|||,|||,|||,|||,|||,|||,|||,|||
193.118.55.164,193.118.55.164,00000000000000000000000000000000000000000000000000000000000000,|||,|||,|||,|||,|||,|||,|||,|||,|||,|||
175.6.7.37,175.6.7.37,00000000000000000000000000000000000000000000000000000000000000,|||,|||,|||,|||,|||,|||,|||,|||,|||,|||
177.103.237.155,177.103.237.155,00000000000000000000000000000000000000000000000000000000000000,|||,|||,|||,|||,|||,|||,|||,|||,|||,|||
177.139.61.90,177.139.61.90,00000000000000000000000000000000000000000000000000000000000000,|||,|||,|||,|||,|||,|||,|||,|||,|||,|||
177.129.191.145,177.129.191.145,00000000000000000000000000000000000000000000000000000000000000,|||,|||,|||,|||,|||,|||,|||,|||,|||,|||
192.53.113.157,192.53.113.157,00000000000000000000000000000000000000000000000000000000000000,|||,|||,|||,|||,|||,|||,|||,|||,|||,|||
176.126.175.63,176.126.175.63,00000000000000000000000000000000000000000000000000000000000000,|||,|||,|||,|||,|||,|||,|||,|||,|||,|||
177.125.164.79,177.125.164.79,00000000000000000000000000000000000000000000000000000000000000,|||,|||,|||,|||,|||,|||,|||,|||,|||,|||
176.98.201.201,176.98.201.201,00000000000000000000000000000000000000000000000000000000000000,|||,|||,|||,|||,|||,|||,|||,|||,|||,|||
177.100.64.177,177.100.64.177,00000000000000000000000000000000000000000000000000000000000000,|||,|||,|||,|||,|||,|||,|||,|||,|||,|||
177.157.108.117,177.157.108.117,00000000000000000000000000000000000000000000000000000000000000,|||,|||,|||,|||,|||,|||,|||,|||,|||,|||
176.58.125.250,176.58.125.250,00000000000000000000000000000000000000000000000000000000000000,|||,|||,|||,|||,|||,|||,|||,|||,|||,|||
192.53.113.62,192.53.113.62,00000000000000000000000000000000000000000000000000000000000000,|||,|||,|||,|||,|||,|||,|||,|||,|||,|||
192.53.112.125,192.53.112.125,00000000000000000000000000000000000000000000000000000000000000,|||,|||,|||,|||,|||,|||,|||,|||,|||,|||
192.53.113.219,192.53.113.219,00000000000000000000000000000000000000000000000000000000000000,|||,|||,|||,|||,|||,|||,|||,|||,|||,|||
192.53.112.27,192.53.112.27,00000000000000000000000000000000000000000000000000000000000000,|||,|||,|||,|||,|||,|||,|||,|||,|||,|||
177.185.93.32,177.185.93.32,00000000000000000000000000000000000000000000000000000000000000,|||,|||,|||,|||,|||,|||,|||,|||,|||,|||
192.53.112.138,192.53.112.138,00000000000000000000000000000000000000000000000000000000000000,|||,|||,|||,|||,|||,|||,|||,|||,|||,|||
177.240.206.74,177.240.206.74,00000000000000000000000000000000000000000000000000000000000000,|||,|||,|||,|||,|||,|||,|||,|||,|||,|||
183.105.45.109,183.105.45.109,00000000000000000000000000000000000000000000000000000000000000,|||,|||,|||,|||,|||,|||,|||,|||,|||,|||
177.223.226.155,177.223.226.155,00000000000000000000000000000000000000000000000000000000000000,|||,|||,|||,|||,|||,|||,|||,|||,|||,|||
177.231.155.143,177.231.155.143,00000000000000000000000000000000000000000000000000000000000000,|||,|||,|||,|||,|||,|||,|||,|||,|||,|||
177.238.104.103,177.238.104.103,00000000000000000000000000000000000000000000000000000000000000,|||,|||,|||,|||,|||,|||,|||,|||,|||,|||
177.34.92.197,177.34.92.197,00000000000000000000000000000000000000000000000000000000000000,|||,|||,|||,|||,|||,|||,|||,|||,|||,|||
177.240.136.207,177.240.136.207,00000000000000000000000000000000000000000000000000000000000000,|||,|||,|||,|||,|||,|||,|||,|||,|||,|||
177.37.202.92,177.37.202.92,00000000000000000000000000000000000000000000000000000000000000,|||,|||,|||,|||,|||,|||,|||,|||,|||,|||
177.34.54.92,177.34.54.92,00000000000000000000000000000000000000000000000000000000000000,|||,|||,|||,|||,|||,|||,|||,|||,|||,|||
177.37.189.186,177.37.189.186,00000000000000000000000000000000000000000000000000000000000000,|||,|||,|||,|||,|||,|||,|||,|||,|||,|||
177.193.111.53,177.193.111.53,00000000000000000000000000000000000000000000000000000000000000,|||,|||,|||,|||,|||,|||,|||,|||,|||,|||
177.37.84.126,177.37.84.126,00000000000000000000000000000000000000000000000000000000000000,|||,|||,|||,|||,|||,|||,|||,|||,|||,|||
177.207.204.230,177.207.204.230,00000000000000000000000000000000000000000000000000000000000000,|||,|||,|||,|||,|||,|||,|||,|||,|||,|||
193.124.55.39,193.124.55.39,00000000000000000000000000000000000000000000000000000000000000,|||,|||,|||,|||,|||,|||,|||,|||,|||,|||
177.64.235.164,177.64.235.164,00000000000000000000000000000000000000000000000000000000000000,|||,|||,|||,|||,|||,|||,|||,|||,|||,|||
177.32.195.97,177.32.195.97,00000000000000000000000000000000000000000000000000000000000000,|||,|||,|||,|||,|||,|||,|||,|||,|||,|||
176.65.10.137,176.65.10.137,00000000000000000000000000000000000000000000000000000000000000,|||,|||,|||,|||,|||,|||,|||,|||,|||,|||
177.190.195.102,177.190.195.102,00000000000000000000000000000000000000000000000000000000000000,|||,|||,|||,|||,|||,|||,|||,|||,|||,|||
177.36.146.29,177.36.146.29,00000000000000000000000000000000000000000000000000000000000000,|||,|||,|||,|||,|||,|||,|||,|||,|||,|||
177.66.73.2,177.66.73.2,00000000000000000000000000000000000000000000000000000000000000,|||,|||,|||,|||,|||,|||,|||,|||,|||,|||
177.66.73.84,177.66.73.84,00000000000000000000000000000000000000000000000000000000000000,|||,|||,|||,|||,|||,|||,|||,|||,|||,|||
177.85.0.10,177.85.0.10,00000000000000000000000000000000000000000000000000000000000000,|||,|||,|||,|||,|||,|||,|||,|||,|||,|||
177.138.75.126,177.138.75.126,00000000000000000000000000000000000000000000000000000000000000,|||,|||,|||,|||,|||,|||,|||,|||,|||,|||
177.81.57.212,177.81.57.212,00000000000000000000000000000000000000000000000000000000000000,|||,|||,|||,|||,|||,|||,|||,|||,|||,|||
177.91.54.8,177.91.54.8,00000000000000000000000000000000000000000000000000000000000000,|||,|||,|||,|||,|||,|||,|||,|||,|||,|||
177.105.159.83,177.105.159.83,00000000000000000000000000000000000000000000000000000000000000,|||,|||,|||,|||,|||,|||,|||,|||,|||,|||
177.81.88.223,177.81.88.223,00000000000000000000000000000000000000000000000000000000000000,|||,|||,|||,|||,|||,|||,|||,|||,|||,|||
177.128.17.39,177.128.17.39,00000000000000000000000000000000000000000000000000000000000000,|||,|||,|||,|||,|||,|||,|||,|||,|||,|||
177.157.34.4,177.157.34.4,00000000000000000000000000000000000000000000000000000000000000,|||,|||,|||,|||,|||,|||,|||,|||,|||,|||
178.128.100.54,178.128.100.54,00000000000000000000000000000000000000000000000000000000000000,|||,|||,|||,|||,|||,|||,|||,|||,|||,|||
178.128.151.221,178.128.151.221,00000000000000000000000000000000000000000000000000000000000000,|||,|||,|||,|||,|||,|||,|||,|||,|||,|||
178.128.126.245,178.128.126.245,00000000000000000000000000000000000000000000000000000000000000,|||,|||,|||,|||,|||,|||,|||,|||,|||,|||
177.190.72.19,177.190.72.19,00000000000000000000000000000000000000000000000000000000000000,|||,|||,|||,|||,|||,|||,|||,|||,|||,|||
178.128.119.123,178.128.119.123,00000000000000000000000000000000000000000000000000000000000000,|||,|||,|||,|||,|||,|||,|||,|||,|||,|||
178.128.145.200,178.128.145.200,00000000000000000000000000000000000000000000000000000000000000,|||,|||,|||,|||,|||,|||,|||,|||,|||,|||
177.43.39.39,177.43.39.39,00000000000000000000000000000000000000000000000000000000000000,|||,|||,|||,|||,|||,|||,|||,|||,|||,|||
178.128.151.245,178.128.151.245,00000000000000000000000000000000000000000000000000000000000000,|||,|||,|||,|||,|||,|||,|||,|||,|||,|||
178.128.209.60,178.128.209.60,00000000000000000000000000000000000000000000000000000000000000,|||,|||,|||,|||,|||,|||,|||,|||,|||,|||
177.69.199.122,177.69.199.122,00000000000000000000000000000000000000000000000000000000000000,|||,|||,|||,|||,|||,|||,|||,|||,|||,|||
178.128.214.20,178.128.214.20,00000000000000000000000000000000000000000000000000000000000000,|||,|||,|||,|||,|||,|||,|||,|||,|||,|||
177.70.65.199,177.70.65.199,00000000000000000000000000000000000000000000000000000000000000,|||,|||,|||,|||,|||,|||,|||,|||,|||,|||
177.41.69.239,177.41.69.239,00000000000000000000000000000000000000000000000000000000000000,|||,|||,|||,|||,|||,|||,|||,|||,|||,|||
177.53.134.252,177.53.134.252,00000000000000000000000000000000000000000000000000000000000000,|||,|||,|||,|||,|||,|||,|||,|||,|||,|||
177.138.174.254,177.138.174.254,00000000000000000000000000000000000000000000000000000000000000,|||,|||,|||,|||,|||,|||,|||,|||,|||,|||
178.128.36.99,178.128.36.99,00000000000000000000000000000000000000000000000000000000000000,|||,|||,|||,|||,|||,|||,|||,|||,|||,|||
177.220.188.216,177.220.188.216,00000000000000000000000000000000000000000000000000000000000000,|||,|||,|||,|||,|||,|||,|||,|||,|||,|||
182.92.109.250,182.92.109.250,29d29d20d29d29d22c29d29d29d29d8e917db1de9d33002d70770504a55ef7,c02f|0303|http/1.1|0000-ff01-000b-0023-0010,c02f|0303|http/1.1|0000-ff01-000b-0023-0010,c012|0303|http/1.1|0000-ff01-000b-0023-0010,c02f|0303||0000-ff01-000b-0023,c02f|0303||0000-ff01-000b-0023,c014|0302|http/1.1|0000-ff01-000b-0023-0010,c02f|0303|http/1.1|0000-ff01-000b-0023-0010,c02f|0303|http/1.1|0000-ff01-000b-0023-0010,c02f|0303|http/1.1|0000-ff01-000b-0023-0010,c02f|0303|http/1.1|0000-ff01-000b-0023-0010
177.64.22.241,177.64.22.241,00000000000000000000000000000000000000000000000000000000000000,|||,|||,|||,|||,|||,|||,|||,|||,|||,|||
178.152.103.147,178.152.103.147,00000000000000000000000000000000000000000000000000000000000000,|||,|||,|||,|||,|||,|||,|||,|||,|||,|||
178.137.4.120,178.137.4.120,00000000000000000000000000000000000000000000000000000000000000,|||,|||,|||,|||,|||,|||,|||,|||,|||,|||
178.137.31.237,178.137.31.237,00000000000000000000000000000000000000000000000000000000000000,|||,|||,|||,|||,|||,|||,|||,|||,|||,|||
178.203.164.207,178.203.164.207,00000000000000000000000000000000000000000000000000000000000000,|||,|||,|||,|||,|||,|||,|||,|||,|||,|||
192.81.210.244,192.81.210.244,00000000000000000000000000000000000000000000000000000000000000,|||,|||,|||,|||,|||,|||,|||,|||,|||,|||
177.93.253.8,177.93.253.8,00000000000000000000000000000000000000000000000000000000000000,|||,|||,|||,|||,|||,|||,|||,|||,|||,|||
177.94.246.103,177.94.246.103,00000000000000000000000000000000000000000000000000000000000000,|||,|||,|||,|||,|||,|||,|||,|||,|||,|||
178.128.29.254,178.128.29.254,00000000000000000000000000000000000000000000000000000000000000,|||,|||,|||,|||,|||,|||,|||,|||,|||,|||
178.128.236.119,178.128.236.119,00000000000000000000000000000000000000000000000000000000000000,|||,|||,|||,|||,|||,|||,|||,|||,|||,|||
178.239.21.164,178.239.21.164,00000000000000000000000000000000000000000000000000000000000000,|||,|||,|||,|||,|||,|||,|||,|||,|||,|||
178.18.34.36,178.18.34.36,00000000000000000000000000000000000000000000000000000000000000,|||,|||,|||,|||,|||,|||,|||,|||,|||,|||
178.239.21.177,178.239.21.177,00000000000000000000000000000000000000000000000000000000000000,|||,|||,|||,|||,|||,|||,|||,|||,|||,|||
178.239.21.165,178.239.21.165,00000000000000000000000000000000000000000000000000000000000000,|||,|||,|||,|||,|||,|||,|||,|||,|||,|||
188.166.182.133,188.166.182.133,2ad2ad0002ad2ad00042d42d0000005d86ccb1a0567e012264097a0315d7a7,c030|0303|h2|ff01-0000-0001-000b-0023-0010-0017,c030|0303|h2|ff01-0000-0001-000b-0023-0010-0017,|||,c030|0303||ff01-0000-0001-000b-0023-0017,c030|0303||ff01-0000-0001-000b-0023-0017,|||,1302|0303||002b-0033,1302|0303||002b-0033,|||,|||
178.239.21.95,178.239.21.95,00000000000000000000000000000000000000000000000000000000000000,|||,|||,|||,|||,|||,|||,|||,|||,|||,|||
192.46.221.241,192.46.221.241,00000000000000000000000000000000000000000000000000000000000000,|||,|||,|||,|||,|||,|||,|||,|||,|||,|||
178.239.21.155,178.239.21.155,00000000000000000000000000000000000000000000000000000000000000,|||,|||,|||,|||,|||,|||,|||,|||,|||,|||
178.239.21.103,178.239.21.103,00000000000000000000000000000000000000000000000000000000000000,|||,|||,|||,|||,|||,|||,|||,|||,|||,|||
178.216.26.18,178.216.26.18,00000000000000000000000000000000000000000000000000000000000000,|||,|||,|||,|||,|||,|||,|||,|||,|||,|||
178.239.21.230,178.239.21.230,00000000000000000000000000000000000000000000000000000000000000,|||,|||,|||,|||,|||,|||,|||,|||,|||,|||
178.31.96.222,178.31.96.222,00000000000000000000000000000000000000000000000000000000000000,|||,|||,|||,|||,|||,|||,|||,|||,|||,|||
178.163.23.108,178.163.23.108,00000000000000000000000000000000000000000000000000000000000000,|||,|||,|||,|||,|||,|||,|||,|||,|||,|||
178.239.21.186,178.239.21.186,00000000000000000000000000000000000000000000000000000000000000,|||,|||,|||,|||,|||,|||,|||,|||,|||,|||
178.128.27.111,178.128.27.111,00000000000000000000000000000000000000000000000000000000000000,|||,|||,|||,|||,|||,|||,|||,|||,|||,|||
178.239.21.86,178.239.21.86,00000000000000000000000000000000000000000000000000000000000000,|||,|||,|||,|||,|||,|||,|||,|||,|||,|||
178.244.243.19,178.244.243.19,00000000000000000000000000000000000000000000000000000000000000,|||,|||,|||,|||,|||,|||,|||,|||,|||,|||
178.46.209.7,178.46.209.7,00000000000000000000000000000000000000000000000000000000000000,|||,|||,|||,|||,|||,|||,|||,|||,|||,|||
178.46.211.248,178.46.211.248,00000000000000000000000000000000000000000000000000000000000000,|||,|||,|||,|||,|||,|||,|||,|||,|||,|||
178.54.78.190,178.54.78.190,00000000000000000000000000000000000000000000000000000000000000,|||,|||,|||,|||,|||,|||,|||,|||,|||,|||
178.239.21.76,178.239.21.76,00000000000000000000000000000000000000000000000000000000000000,|||,|||,|||,|||,|||,|||,|||,|||,|||,|||
178.46.69.161,178.46.69.161,00000000000000000000000000000000000000000000000000000000000000,|||,|||,|||,|||,|||,|||,|||,|||,|||,|||
178.54.227.162,178.54.227.162,00000000000000000000000000000000000000000000000000000000000000,|||,|||,|||,|||,|||,|||,|||,|||,|||,|||
178.173.115.67,178.173.115.67,00000000000000000000000000000000000000000000000000000000000000,|||,|||,|||,|||,|||,|||,|||,|||,|||,|||
178.46.210.136,178.46.210.136,00000000000000000000000000000000000000000000000000000000000000,|||,|||,|||,|||,|||,|||,|||,|||,|||,|||
178.46.82.94,178.46.82.94,00000000000000000000000000000000000000000000000000000000000000,|||,|||,|||,|||,|||,|||,|||,|||,|||,|||
178.46.215.88,178.46.215.88,00000000000000000000000000000000000000000000000000000000000000,|||,|||,|||,|||,|||,|||,|||,|||,|||,|||
193.46.254.155,193.46.254.155,00000000000000000000000000000000000000000000000000000000000000,|||,|||,|||,|||,|||,|||,|||,|||,|||,|||
178.44.209.238,178.44.209.238,00000000000000000000000000000000000000000000000000000000000000,|||,|||,|||,|||,|||,|||,|||,|||,|||,|||
193.169.255.133,193.169.255.133,00000000000000000000000000000000000000000000000000000000000000,|||,|||,|||,|||,|||,|||,|||,|||,|||,|||
178.46.213.195,178.46.213.195,00000000000000000000000000000000000000000000000000000000000000,|||,|||,|||,|||,|||,|||,|||,|||,|||,|||
193.46.255.27,193.46.255.27,00000000000000000000000000000000000000000000000000000000000000,|||,|||,|||,|||,|||,|||,|||,|||,|||,|||
193.46.255.9,193.46.255.9,00000000000000000000000000000000000000000000000000000000000000,|||,|||,|||,|||,|||,|||,|||,|||,|||,|||
193.148.18.54,193.148.18.54,21d14d00021d21d21c21d14d21d21dcade67768786e23ca695466fb7f94658,c013|0303||ff01-000b-0023-0017,009d|0303||ff01-0023-0017,|||,c013|0303||ff01-000b-0023-0017,c013|0303||ff01-000b-0023-0017,c013|0302||ff01-000b-0023-0017,c013|0303||ff01-000b-0023-0017,009d|0303||ff01-0023-0017,c013|0303||ff01-000b-0023-0017,c013|0303||ff01-000b-0023-0017
193.218.118.122,193.218.118.122,00000000000000000000000000000000000000000000000000000000000000,|||,|||,|||,|||,|||,|||,|||,|||,|||,|||
178.62.201.227,178.62.201.227,00000000000000000000000000000000000000000000000000000000000000,|||,|||,|||,|||,|||,|||,|||,|||,|||,|||
178.212.193.109,178.212.193.109,00000000000000000000000000000000000000000000000000000000000000,|||,|||,|||,|||,|||,|||,|||,|||,|||,|||
193.46.255.8,193.46.255.8,00000000000000000000000000000000000000000000000000000000000000,|||,|||,|||,|||,|||,|||,|||,|||,|||,|||
193.148.18.52,193.148.18.52,21d14d00021d21d21c21d14d21d21dcade67768786e23ca695466fb7f94658,c013|0303||ff01-000b-0023-0017,009d|0303||ff01-0023-0017,|||,c013|0303||ff01-000b-0023-0017,c013|0303||ff01-000b-0023-0017,c013|0302||ff01-000b-0023-0017,c013|0303||ff01-000b-0023-0017,009d|0303||ff01-0023-0017,c013|0303||ff01-000b-0023-0017,c013|0303||ff01-000b-0023-0017
193.201.9.161,193.201.9.161,00000000000000000000000000000000000000000000000000000000000000,|||,|||,|||,|||,|||,|||,|||,|||,|||,|||
193.57.40.143,193.57.40.143,00000000000000000000000000000000000000000000000000000000000000,|||,|||,|||,|||,|||,|||,|||,|||,|||,|||
193.57.40.49,193.57.40.49,00000000000000000000000000000000000000000000000000000000000000,|||,|||,|||,|||,|||,|||,|||,|||,|||,|||
194.195.243.145,194.195.243.145,00000000000000000000000000000000000000000000000000000000000000,|||,|||,|||,|||,|||,|||,|||,|||,|||,|||
194.195.243.81,194.195.243.81,00000000000000000000000000000000000000000000000000000000000000,|||,|||,|||,|||,|||,|||,|||,|||,|||,|||
194.195.246.252,194.195.246.252,00000000000000000000000000000000000000000000000000000000000000,|||,|||,|||,|||,|||,|||,|||,|||,|||,|||
193.27.228.132,193.27.228.132,00000000000000000000000000000000000000000000000000000000000000,|||,|||,|||,|||,|||,|||,|||,|||,|||,|||
194.163.177.104,194.163.177.104,00000000000000000000000000000000000000000000000000000000000000,|||,|||,|||,|||,|||,|||,|||,|||,|||,|||
193.189.100.130,193.189.100.130,00000000000000000000000000000000000000000000000000000000000000,|||,|||,|||,|||,|||,|||,|||,|||,|||,|||
194.195.243.138,194.195.243.138,00000000000000000000000000000000000000000000000000000000000000,|||,|||,|||,|||,|||,|||,|||,|||,|||,|||
194.163.153.165,194.163.153.165,00000000000000000000000000000000000000000000000000000000000000,|||,|||,|||,|||,|||,|||,|||,|||,|||,|||
194.195.243.49,194.195.243.49,00000000000000000000000000000000000000000000000000000000000000,|||,|||,|||,|||,|||,|||,|||,|||,|||,|||
194.195.246.141,194.195.246.141,00000000000000000000000000000000000000000000000000000000000000,|||,|||,|||,|||,|||,|||,|||,|||,|||,|||
178.62.22.213,178.62.22.213,00000000000000000000000000000000000000000000000000000000000000,|||,|||,|||,|||,|||,|||,|||,|||,|||,|||
194.195.243.142,194.195.243.142,00000000000000000000000000000000000000000000000000000000000000,|||,|||,|||,|||,|||,|||,|||,|||,|||,|||
194.195.243.101,194.195.243.101,00000000000000000000000000000000000000000000000000000000000000,|||,|||,|||,|||,|||,|||,|||,|||,|||,|||
194.195.246.171,194.195.246.171,00000000000000000000000000000000000000000000000000000000000000,|||,|||,|||,|||,|||,|||,|||,|||,|||,|||
193.3.19.167,193.3.19.167,00000000000000000000000000000000000000000000000000000000000000,|||,|||,|||,|||,|||,|||,|||,|||,|||,|||
178.62.221.188,178.62.221.188,00000000000000000000000000000000000000000000000000000000000000,|||,|||,|||,|||,|||,|||,|||,|||,|||,|||
194.163.153.13,194.163.153.13,00000000000000000000000000000000000000000000000000000000000000,|||,|||,|||,|||,|||,|||,|||,|||,|||,|||
193.180.193.43,193.180.193.43,00000000000000000000000000000000000000000000000000000000000000,|||,|||,|||,|||,|||,|||,|||,|||,|||,|||
178.62.224.239,178.62.224.239,00000000000000000000000000000000000000000000000000000000000000,|||,|||,|||,|||,|||,|||,|||,|||,|||,|||
193.3.19.156,193.3.19.156,00000000000000000000000000000000000000000000000000000000000000,|||,|||,|||,|||,|||,|||,|||,|||,|||,|||
194.233.163.35,194.233.163.35,00000000000000000000000000000000000000000000000000000000000000,|||,|||,|||,|||,|||,|||,|||,|||,|||,|||
178.75.201.22,178.75.201.22,00000000000000000000000000000000000000000000000000000000000000,|||,|||,|||,|||,|||,|||,|||,|||,|||,|||
193.29.14.127,193.29.14.127,00000000000000000000000000000000000000000000000000000000000000,|||,|||,|||,|||,|||,|||,|||,|||,|||,|||
193.27.228.131,193.27.228.131,00000000000000000000000000000000000000000000000000000000000000,|||,|||,|||,|||,|||,|||,|||,|||,|||,|||
193.3.19.119,193.3.19.119,00000000000000000000000000000000000000000000000000000000000000,|||,|||,|||,|||,|||,|||,|||,|||,|||,|||
194.195.246.214,194.195.246.214,00000000000000000000000000000000000000000000000000000000000000,|||,|||,|||,|||,|||,|||,|||,|||,|||,|||
194.233.163.37,194.233.163.37,00000000000000000000000000000000000000000000000000000000000000,|||,|||,|||,|||,|||,|||,|||,|||,|||,|||
178.62.65.41,178.62.65.41,00000000000000000000000000000000000000000000000000000000000000,|||,|||,|||,|||,|||,|||,|||,|||,|||,|||
178.79.138.42,178.79.138.42,00000000000000000000000000000000000000000000000000000000000000,|||,|||,|||,|||,|||,|||,|||,|||,|||,|||
178.62.69.128,178.62.69.128,00000000000000000000000000000000000000000000000000000000000000,|||,|||,|||,|||,|||,|||,|||,|||,|||,|||
193.3.19.33,193.3.19.33,00000000000000000000000000000000000000000000000000000000000000,|||,|||,|||,|||,|||,|||,|||,|||,|||,|||
178.79.138.195,178.79.138.195,00000000000000000000000000000000000000000000000000000000000000,|||,|||,|||,|||,|||,|||,|||,|||,|||,|||
178.79.141.26,178.79.141.26,00000000000000000000000000000000000000000000000000000000000000,|||,|||,|||,|||,|||,|||,|||,|||,|||,|||
178.79.130.245,178.79.130.245,00000000000000000000000000000000000000000000000000000000000000,|||,|||,|||,|||,|||,|||,|||,|||,|||,|||
193.56.29.218,193.56.29.218,00000000000000000000000000000000000000000000000000000000000000,|||,|||,|||,|||,|||,|||,|||,|||,|||,|||
178.79.146.14,178.79.146.14,00000000000000000000000000000000000000000000000000000000000000,|||,|||,|||,|||,|||,|||,|||,|||,|||,|||
178.79.161.135,178.79.161.135,00000000000000000000000000000000000000000000000000000000000000,|||,|||,|||,|||,|||,|||,|||,|||,|||,|||
178.79.188.247,178.79.188.247,00000000000000000000000000000000000000000000000000000000000000,|||,|||,|||,|||,|||,|||,|||,|||,|||,|||
195.144.21.56,195.144.21.56,00000000000000000000000000000000000000000000000000000000000000,|||,|||,|||,|||,|||,|||,|||,|||,|||,|||
194.44.110.114,194.44.110.114,00000000000000000000000000000000000000000000000000000000000000,|||,|||,|||,|||,|||,|||,|||,|||,|||,|||
194.32.107.243,194.32.107.243,00000000000000000000000000000000000000000000000000000000000000,|||,|||,|||,|||,|||,|||,|||,|||,|||,|||
178.79.161.167,178.79.161.167,00000000000000000000000000000000000000000000000000000000000000,|||,|||,|||,|||,|||,|||,|||,|||,|||,|||
179.108.87.38,179.108.87.38,00000000000000000000000000000000000000000000000000000000000000,|||,|||,|||,|||,|||,|||,|||,|||,|||,|||
179.100.116.28,179.100.116.28,00000000000000000000000000000000000000000000000000000000000000,|||,|||,|||,|||,|||,|||,|||,|||,|||,|||
193.56.146.103,193.56.146.103,00000000000000000000000000000000000000000000000000000000000000,|||,|||,|||,|||,|||,|||,|||,|||,|||,|||
193.19.144.29,193.19.144.29,00000000000000000000000000000000000000000000000000000000000000,|||,|||,|||,|||,|||,|||,|||,|||,|||,|||
179.183.236.180,179.183.236.180,00000000000000000000000000000000000000000000000000000000000000,|||,|||,|||,|||,|||,|||,|||,|||,|||,|||
179.181.248.144,179.181.248.144,00000000000000000000000000000000000000000000000000000000000000,|||,|||,|||,|||,|||,|||,|||,|||,|||,|||
194.246.95.60,194.246.95.60,00000000000000000000000000000000000000000000000000000000000000,|||,|||,|||,|||,|||,|||,|||,|||,|||,|||
179.183.29.230,179.183.29.230,00000000000000000000000000000000000000000000000000000000000000,|||,|||,|||,|||,|||,|||,|||,|||,|||,|||
179.190.176.18,179.190.176.18,00000000000000000000000000000000000000000000000000000000000000,|||,|||,|||,|||,|||,|||,|||,|||,|||,|||
179.235.89.28,179.235.89.28,00000000000000000000000000000000000000000000000000000000000000,|||,|||,|||,|||,|||,|||,|||,|||,|||,|||
179.218.84.142,179.218.84.142,00000000000000000000000000000000000000000000000000000000000000,|||,|||,|||,|||,|||,|||,|||,|||,|||,|||
193.3.53.5,193.3.53.5,00000000000000000000000000000000000000000000000000000000000000,|||,|||,|||,|||,|||,|||,|||,|||,|||,|||
193.3.53.7,193.3.53.7,00000000000000000000000000000000000000000000000000000000000000,|||,|||,|||,|||,|||,|||,|||,|||,|||,|||
195.230.103.242,195.230.103.242,00000000000000000000000000000000000000000000000000000000000000,|||,|||,|||,|||,|||,|||,|||,|||,|||,|||
194.26.29.120,194.26.29.120,00000000000000000000000000000000000000000000000000000000000000,|||,|||,|||,|||,|||,|||,|||,|||,|||,|||
193.3.53.8,193.3.53.8,00000000000000000000000000000000000000000000000000000000000000,|||,|||,|||,|||,|||,|||,|||,|||,|||,|||
193.3.53.3,193.3.53.3,00000000000000000000000000000000000000000000000000000000000000,|||,|||,|||,|||,|||,|||,|||,|||,|||,|||
193.3.53.10,193.3.53.10,00000000000000000000000000000000000000000000000000000000000000,|||,|||,|||,|||,|||,|||,|||,|||,|||,|||
193.3.53.11,193.3.53.11,00000000000000000000000000000000000000000000000000000000000000,|||,|||,|||,|||,|||,|||,|||,|||,|||,|||
178.94.148.83,178.94.148.83,00000000000000000000000000000000000000000000000000000000000000,|||,|||,|||,|||,|||,|||,|||,|||,|||,|||
193.3.53.4,193.3.53.4,00000000000000000000000000000000000000000000000000000000000000,|||,|||,|||,|||,|||,|||,|||,|||,|||,|||
179.43.170.171,179.43.170.171,00000000000000000000000000000000000000000000000000000000000000,|||,|||,|||,|||,|||,|||,|||,|||,|||,|||
179.250.85.23,179.250.85.23,00000000000000000000000000000000000000000000000000000000000000,|||,|||,|||,|||,|||,|||,|||,|||,|||,|||
195.132.157.55,195.132.157.55,00000000000000000000000000000000000000000000000000000000000000,|||,|||,|||,|||,|||,|||,|||,|||,|||,|||
179.50.78.112,179.50.78.112,00000000000000000000000000000000000000000000000000000000000000,|||,|||,|||,|||,|||,|||,|||,|||,|||,|||
195.230.103.243,195.230.103.243,00000000000000000000000000000000000000000000000000000000000000,|||,|||,|||,|||,|||,|||,|||,|||,|||,|||
195.154.240.249,195.154.240.249,00000000000000000000000000000000000000000000000000000000000000,|||,|||,|||,|||,|||,|||,|||,|||,|||,|||
195.230.103.244,195.230.103.244,00000000000000000000000000000000000000000000000000000000000000,|||,|||,|||,|||,|||,|||,|||,|||,|||,|||
195.230.103.248,195.230.103.248,00000000000000000000000000000000000000000000000000000000000000,|||,|||,|||,|||,|||,|||,|||,|||,|||,|||
193.3.53.9,193.3.53.9,00000000000000000000000000000000000000000000000000000000000000,|||,|||,|||,|||,|||,|||,|||,|||,|||,|||
179.106.21.211,179.106.21.211,00000000000000000000000000000000000000000000000000000000000000,|||,|||,|||,|||,|||,|||,|||,|||,|||,|||
194.26.29.169,194.26.29.169,00000000000000000000000000000000000000000000000000000000000000,|||,|||,|||,|||,|||,|||,|||,|||,|||,|||
193.3.53.6,193.3.53.6,00000000000000000000000000000000000000000000000000000000000000,|||,|||,|||,|||,|||,|||,|||,|||,|||,|||
193.164.149.199,193.164.149.199,2ad2ad0002ad2ad22c2ad2ad2ad2ad63ef5d9445f28fb39531db2f815940f3,c030|0303|h2|ff01-0000-0001-000b-0010-0017,c030|0303|h2|ff01-0000-0001-000b-0010-0017,|||,c030|0303|http/1.0|ff01-0000-0001-000b-0010-0017,c030|0303|http/1.0|ff01-0000-0001-000b-0010-0017,c014|0302|h2|ff01-0000-0001-000b-0010-0017,c030|0303|h2|ff01-0000-0001-000b-0010-0017,c030|0303|h2|ff01-0000-0001-000b-0010-0017,c030|0303|h2|ff01-0000-0001-000b-0010-0017,c030|0303|h2|ff01-0000-0001-000b-0010-0017
195.58.38.223,195.58.38.223,00000000000000000000000000000000000000000000000000000000000000,|||,|||,|||,|||,|||,|||,|||,|||,|||,|||
195.230.103.247,195.230.103.247,00000000000000000000000000000000000000000000000000000000000000,|||,|||,|||,|||,|||,|||,|||,|||,|||,|||
194.26.29.195,194.26.29.195,00000000000000000000000000000000000000000000000000000000000000,|||,|||,|||,|||,|||,|||,|||,|||,|||,|||
179.43.149.46,179.43.149.46,00000000000000000000000000000000000000000000000000000000000000,|||,|||,|||,|||,|||,|||,|||,|||,|||,|||
179.84.41.62,179.84.41.62,00000000000000000000000000000000000000000000000000000000000000,|||,|||,|||,|||,|||,|||,|||,|||,|||,|||
180.101.227.252,180.101.227.252,00000000000000000000000000000000000000000000000000000000000000,|||,|||,|||,|||,|||,|||,|||,|||,|||,|||
179.43.170.170,179.43.170.170,00000000000000000000000000000000000000000000000000000000000000,|||,|||,|||,|||,|||,|||,|||,|||,|||,|||
179.97.230.139,179.97.230.139,00000000000000000000000000000000000000000000000000000000000000,|||,|||,|||,|||,|||,|||,|||,|||,|||,|||
193.37.255.114,193.37.255.114,00000000000000000000000000000000000000000000000000000000000000,|||,|||,|||,|||,|||,|||,|||,|||,|||,|||
195.133.192.122,195.133.192.122,00000000000000000000000000000000000000000000000000000000000000,|||,|||,|||,|||,|||,|||,|||,|||,|||,|||
174.138.58.252,174.138.58.252,00000000000000000000000000000000000000000000000000000000000000,|||,|||,|||,|||,|||,|||,|||,|||,|||,|||
195.230.103.250,195.230.103.250,00000000000000000000000000000000000000000000000000000000000000,|||,|||,|||,|||,|||,|||,|||,|||,|||,|||
195.230.103.245,195.230.103.245,00000000000000000000000000000000000000000000000000000000000000,|||,|||,|||,|||,|||,|||,|||,|||,|||,|||
180.102.199.59,180.102.199.59,00000000000000000000000000000000000000000000000000000000000000,|||,|||,|||,|||,|||,|||,|||,|||,|||,|||
180.110.144.214,180.110.144.214,00000000000000000000000000000000000000000000000000000000000000,|||,|||,|||,|||,|||,|||,|||,|||,|||,|||
180.106.16.201,180.106.16.201,00000000000000000000000000000000000000000000000000000000000000,|||,|||,|||,|||,|||,|||,|||,|||,|||,|||
180.105.155.162,180.105.155.162,00000000000000000000000000000000000000000000000000000000000000,|||,|||,|||,|||,|||,|||,|||,|||,|||,|||
195.37.190.88,195.37.190.88,00000000000000000000000000000000000000000000000000000000000000,|||,|||,|||,|||,|||,|||,|||,|||,|||,|||
180.107.248.160,180.107.248.160,00000000000000000000000000000000000000000000000000000000000000,|||,|||,|||,|||,|||,|||,|||,|||,|||,|||
195.218.227.246,195.218.227.246,00000000000000000000000000000000000000000000000000000000000000,|||,|||,|||,|||,|||,|||,|||,|||,|||,|||
180.149.126.103,180.149.126.103,00000000000000000000000000000000000000000000000000000000000000,|||,|||,|||,|||,|||,|||,|||,|||,|||,|||
180.136.3.135,180.136.3.135,00000000000000000000000000000000000000000000000000000000000000,|||,|||,|||,|||,|||,|||,|||,|||,|||,|||
180.141.130.27,180.141.130.27,00000000000000000000000000000000000000000000000000000000000000,|||,|||,|||,|||,|||,|||,|||,|||,|||,|||
180.149.126.100,180.149.126.100,00000000000000000000000000000000000000000000000000000000000000,|||,|||,|||,|||,|||,|||,|||,|||,|||,|||
180.113.243.163,180.113.243.163,00000000000000000000000000000000000000000000000000000000000000,|||,|||,|||,|||,|||,|||,|||,|||,|||,|||
180.110.164.165,180.110.164.165,00000000000000000000000000000000000000000000000000000000000000,|||,|||,|||,|||,|||,|||,|||,|||,|||,|||
180.109.166.70,180.109.166.70,00000000000000000000000000000000000000000000000000000000000000,|||,|||,|||,|||,|||,|||,|||,|||,|||,|||
195.230.103.249,195.230.103.249,00000000000000000000000000000000000000000000000000000000000000,|||,|||,|||,|||,|||,|||,|||,|||,|||,|||
180.149.126.10,180.149.126.10,00000000000000000000000000000000000000000000000000000000000000,|||,|||,|||,|||,|||,|||,|||,|||,|||,|||
180.131.10.24,180.131.10.24,00000000000000000000000000000000000000000000000000000000000000,|||,|||,|||,|||,|||,|||,|||,|||,|||,|||
180.130.116.210,180.130.116.210,00000000000000000000000000000000000000000000000000000000000000,|||,|||,|||,|||,|||,|||,|||,|||,|||,|||
180.141.246.155,180.141.246.155,00000000000000000000000000000000000000000000000000000000000000,|||,|||,|||,|||,|||,|||,|||,|||,|||,|||
194.68.38.133,194.68.38.133,00000000000000000000000000000000000000000000000000000000000000,|||,|||,|||,|||,|||,|||,|||,|||,|||,|||
180.149.126.109,180.149.126.109,00000000000000000000000000000000000000000000000000000000000000,|||,|||,|||,|||,|||,|||,|||,|||,|||,|||
179.43.149.43,179.43.149.43,00000000000000000000000000000000000000000000000000000000000000,|||,|||,|||,|||,|||,|||,|||,|||,|||,|||
180.149.126.105,180.149.126.105,00000000000000000000000000000000000000000000000000000000000000,|||,|||,|||,|||,|||,|||,|||,|||,|||,|||
180.149.126.108,180.149.126.108,00000000000000000000000000000000000000000000000000000000000000,|||,|||,|||,|||,|||,|||,|||,|||,|||,|||
179.43.170.173,179.43.170.173,00000000000000000000000000000000000000000000000000000000000000,|||,|||,|||,|||,|||,|||,|||,|||,|||,|||
180.109.241.5,180.109.241.5,00000000000000000000000000000000000000000000000000000000000000,|||,|||,|||,|||,|||,|||,|||,|||,|||,|||
180.149.126.107,180.149.126.107,00000000000000000000000000000000000000000000000000000000000000,|||,|||,|||,|||,|||,|||,|||,|||,|||,|||
195.230.103.246,195.230.103.246,00000000000000000000000000000000000000000000000000000000000000,|||,|||,|||,|||,|||,|||,|||,|||,|||,|||
180.149.126.111,180.149.126.111,00000000000000000000000000000000000000000000000000000000000000,|||,|||,|||,|||,|||,|||,|||,|||,|||,|||
180.149.126.112,180.149.126.112,00000000000000000000000000000000000000000000000000000000000000,|||,|||,|||,|||,|||,|||,|||,|||,|||,|||
180.149.126.114,180.149.126.114,00000000000000000000000000000000000000000000000000000000000000,|||,|||,|||,|||,|||,|||,|||,|||,|||,|||
180.149.126.11,180.149.126.11,00000000000000000000000000000000000000000000000000000000000000,|||,|||,|||,|||,|||,|||,|||,|||,|||,|||
180.149.126.113,180.149.126.113,00000000000000000000000000000000000000000000000000000000000000,|||,|||,|||,|||,|||,|||,|||,|||,|||,|||
180.149.126.110,180.149.126.110,00000000000000000000000000000000000000000000000000000000000000,|||,|||,|||,|||,|||,|||,|||,|||,|||,|||
180.149.126.102,180.149.126.102,00000000000000000000000000000000000000000000000000000000000000,|||,|||,|||,|||,|||,|||,|||,|||,|||,|||
195.178.201.105,195.178.201.105,00000000000000000000000000000000000000000000000000000000000000,|||,|||,|||,|||,|||,|||,|||,|||,|||,|||
180.140.243.81,180.140.243.81,00000000000000000000000000000000000000000000000000000000000000,|||,|||,|||,|||,|||,|||,|||,|||,|||,|||
180.149.126.101,180.149.126.101,00000000000000000000000000000000000000000000000000000000000000,|||,|||,|||,|||,|||,|||,|||,|||,|||,|||
195.54.161.73,195.54.161.73,00000000000000000000000000000000000000000000000000000000000000,|||,|||,|||,|||,|||,|||,|||,|||,|||,|||
180.149.126.118,180.149.126.118,00000000000000000000000000000000000000000000000000000000000000,|||,|||,|||,|||,|||,|||,|||,|||,|||,|||
180.149.126.128,180.149.126.128,00000000000000000000000000000000000000000000000000000000000000,|||,|||,|||,|||,|||,|||,|||,|||,|||,|||
180.149.126.117,180.149.126.117,00000000000000000000000000000000000000000000000000000000000000,|||,|||,|||,|||,|||,|||,|||,|||,|||,|||
180.149.126.120,180.149.126.120,00000000000000000000000000000000000000000000000000000000000000,|||,|||,|||,|||,|||,|||,|||,|||,|||,|||
180.149.126.119,180.149.126.119,00000000000000000000000000000000000000000000000000000000000000,|||,|||,|||,|||,|||,|||,|||,|||,|||,|||
180.149.126.104,180.149.126.104,00000000000000000000000000000000000000000000000000000000000000,|||,|||,|||,|||,|||,|||,|||,|||,|||,|||
180.149.126.147,180.149.126.147,00000000000000000000000000000000000000000000000000000000000000,|||,|||,|||,|||,|||,|||,|||,|||,|||,|||
180.149.126.122,180.149.126.122,00000000000000000000000000000000000000000000000000000000000000,|||,|||,|||,|||,|||,|||,|||,|||,|||,|||
180.149.126.124,180.149.126.124,00000000000000000000000000000000000000000000000000000000000000,|||,|||,|||,|||,|||,|||,|||,|||,|||,|||
180.149.126.126,180.149.126.126,00000000000000000000000000000000000000000000000000000000000000,|||,|||,|||,|||,|||,|||,|||,|||,|||,|||
180.149.126.123,180.149.126.123,00000000000000000000000000000000000000000000000000000000000000,|||,|||,|||,|||,|||,|||,|||,|||,|||,|||
180.149.126.134,180.149.126.134,00000000000000000000000000000000000000000000000000000000000000,|||,|||,|||,|||,|||,|||,|||,|||,|||,|||
194.228.151.5,194.228.151.5,08d02d00008d08d08c08d02d08d08d9674c6b4e623ae36cc2d998e99e2262e,0035|0303||ff01-0023,0005|0303||ff01-0023,|||,0035|0303||ff01-0023,0035|0303||ff01-0023,0035|0302||ff01-0023,0035|0303||ff01-0023,0005|0303||ff01-0023,0035|0303||ff01-0023,0035|0303||ff01-0023
180.149.126.129,180.149.126.129,00000000000000000000000000000000000000000000000000000000000000,|||,|||,|||,|||,|||,|||,|||,|||,|||,|||
195.77.249.72,195.77.249.72,00000000000000000000000000000000000000000000000000000000000000,|||,|||,|||,|||,|||,|||,|||,|||,|||,|||
180.149.126.131,180.149.126.131,00000000000000000000000000000000000000000000000000000000000000,|||,|||,|||,|||,|||,|||,|||,|||,|||,|||
193.107.170.244,193.107.170.244,00000000000000000000000000000000000000000000000000000000000000,|||,|||,|||,|||,|||,|||,|||,|||,|||,|||
180.149.126.140,180.149.126.140,00000000000000000000000000000000000000000000000000000000000000,|||,|||,|||,|||,|||,|||,|||,|||,|||,|||
180.149.126.127,180.149.126.127,00000000000000000000000000000000000000000000000000000000000000,|||,|||,|||,|||,|||,|||,|||,|||,|||,|||
180.149.126.133,180.149.126.133,00000000000000000000000000000000000000000000000000000000000000,|||,|||,|||,|||,|||,|||,|||,|||,|||,|||
180.149.126.136,180.149.126.136,00000000000000000000000000000000000000000000000000000000000000,|||,|||,|||,|||,|||,|||,|||,|||,|||,|||
180.149.126.13,180.149.126.13,00000000000000000000000000000000000000000000000000000000000000,|||,|||,|||,|||,|||,|||,|||,|||,|||,|||
195.154.62.196,195.154.62.196,00000000000000000000000000000000000000000000000000000000000000,|||,|||,|||,|||,|||,|||,|||,|||,|||,|||
180.149.126.132,180.149.126.132,00000000000000000000000000000000000000000000000000000000000000,|||,|||,|||,|||,|||,|||,|||,|||,|||,|||
195.12.48.214,195.12.48.214,21d14d00021d21d21c21d14d21d21dcade67768786e23ca695466fb7f94658,c013|0303||ff01-000b-0023-0017,009d|0303||ff01-0023-0017,|||,c013|0303||ff01-000b-0023-0017,c013|0303||ff01-000b-0023-0017,c013|0302||ff01-000b-0023-0017,c013|0303||ff01-000b-0023-0017,009d|0303||ff01-0023-0017,c013|0303||ff01-000b-0023-0017,c013|0303||ff01-000b-0023-0017
180.149.126.14,180.149.126.14,00000000000000000000000000000000000000000000000000000000000000,|||,|||,|||,|||,|||,|||,|||,|||,|||,|||
180.149.126.135,180.149.126.135,00000000000000000000000000000000000000000000000000000000000000,|||,|||,|||,|||,|||,|||,|||,|||,|||,|||
180.149.126.138,180.149.126.138,00000000000000000000000000000000000000000000000000000000000000,|||,|||,|||,|||,|||,|||,|||,|||,|||,|||
180.149.126.15,180.149.126.15,00000000000000000000000000000000000000000000000000000000000000,|||,|||,|||,|||,|||,|||,|||,|||,|||,|||
180.149.126.139,180.149.126.139,00000000000000000000000000000000000000000000000000000000000000,|||,|||,|||,|||,|||,|||,|||,|||,|||,|||
180.149.126.142,180.149.126.142,00000000000000000000000000000000000000000000000000000000000000,|||,|||,|||,|||,|||,|||,|||,|||,|||,|||
195.9.33.162,195.9.33.162,00000000000000000000000000000000000000000000000000000000000000,|||,|||,|||,|||,|||,|||,|||,|||,|||,|||
180.149.126.167,180.149.126.167,00000000000000000000000000000000000000000000000000000000000000,|||,|||,|||,|||,|||,|||,|||,|||,|||,|||
180.149.126.157,180.149.126.157,00000000000000000000000000000000000000000000000000000000000000,|||,|||,|||,|||,|||,|||,|||,|||,|||,|||
180.149.126.171,180.149.126.171,00000000000000000000000000000000000000000000000000000000000000,|||,|||,|||,|||,|||,|||,|||,|||,|||,|||
180.149.126.144,180.149.126.144,00000000000000000000000000000000000000000000000000000000000000,|||,|||,|||,|||,|||,|||,|||,|||,|||,|||
180.149.126.150,180.149.126.150,00000000000000000000000000000000000000000000000000000000000000,|||,|||,|||,|||,|||,|||,|||,|||,|||,|||
180.149.126.151,180.149.126.151,00000000000000000000000000000000000000000000000000000000000000,|||,|||,|||,|||,|||,|||,|||,|||,|||,|||
180.149.126.145,180.149.126.145,00000000000000000000000000000000000000000000000000000000000000,|||,|||,|||,|||,|||,|||,|||,|||,|||,|||
195.9.1.30,195.9.1.30,00000000000000000000000000000000000000000000000000000000000000,|||,|||,|||,|||,|||,|||,|||,|||,|||,|||
180.149.126.148,180.149.126.148,00000000000000000000000000000000000000000000000000000000000000,|||,|||,|||,|||,|||,|||,|||,|||,|||,|||
195.154.231.202,195.154.231.202,2ad2ad0002ad2ad00042d42d0000005d86ccb1a0567e012264097a0315d7a7,c030|0303|h2|ff01-0000-0001-000b-0023-0010-0017,c030|0303|h2|ff01-0000-0001-000b-0023-0010-0017,|||,c030|0303||ff01-0000-0001-000b-0023-0017,c030|0303||ff01-0000-0001-000b-0023-0017,|||,1302|0303||002b-0033,1302|0303||002b-0033,|||,|||
195.9.33.186,195.9.33.186,00000000000000000000000000000000000000000000000000000000000000,|||,|||,|||,|||,|||,|||,|||,|||,|||,|||
180.149.126.161,180.149.126.161,00000000000000000000000000000000000000000000000000000000000000,|||,|||,|||,|||,|||,|||,|||,|||,|||,|||
180.149.126.153,180.149.126.153,00000000000000000000000000000000000000000000000000000000000000,|||,|||,|||,|||,|||,|||,|||,|||,|||,|||
196.179.238.117,196.179.238.117,00000000000000000000000000000000000000000000000000000000000000,|||,|||,|||,|||,|||,|||,|||,|||,|||,|||
180.149.126.165,180.149.126.165,00000000000000000000000000000000000000000000000000000000000000,|||,|||,|||,|||,|||,|||,|||,|||,|||,|||
180.149.126.155,180.149.126.155,00000000000000000000000000000000000000000000000000000000000000,|||,|||,|||,|||,|||,|||,|||,|||,|||,|||
180.149.126.169,180.149.126.169,00000000000000000000000000000000000000000000000000000000000000,|||,|||,|||,|||,|||,|||,|||,|||,|||,|||
180.149.126.162,180.149.126.162,00000000000000000000000000000000000000000000000000000000000000,|||,|||,|||,|||,|||,|||,|||,|||,|||,|||
180.149.126.168,180.149.126.168,00000000000000000000000000000000000000000000000000000000000000,|||,|||,|||,|||,|||,|||,|||,|||,|||,|||
195.135.106.77,195.135.106.77,08d08d00008d08d08c08d08d08d08d9674c6b4e623ae36cc2d998e99e2262e,0035|0303||ff01-0023,0035|0303||ff01-0023,|||,0035|0303||ff01-0023,0035|0303||ff01-0023,0035|0302||ff01-0023,0035|0303||ff01-0023,0035|0303||ff01-0023,0035|0303||ff01-0023,0035|0303||ff01-0023
180.149.126.175,180.149.126.175,00000000000000000000000000000000000000000000000000000000000000,|||,|||,|||,|||,|||,|||,|||,|||,|||,|||
180.149.126.176,180.149.126.176,00000000000000000000000000000000000000000000000000000000000000,|||,|||,|||,|||,|||,|||,|||,|||,|||,|||
195.34.239.22,195.34.239.22,00000000000000000000000000000000000000000000000000000000000000,|||,|||,|||,|||,|||,|||,|||,|||,|||,|||
180.149.126.170,180.149.126.170,00000000000000000000000000000000000000000000000000000000000000,|||,|||,|||,|||,|||,|||,|||,|||,|||,|||
196.219.63.22,196.219.63.22,00000000000000000000000000000000000000000000000000000000000000,|||,|||,|||,|||,|||,|||,|||,|||,|||,|||
180.149.126.17,180.149.126.17,00000000000000000000000000000000000000000000000000000000000000,|||,|||,|||,|||,|||,|||,|||,|||,|||,|||
180.149.126.156,180.149.126.156,00000000000000000000000000000000000000000000000000000000000000,|||,|||,|||,|||,|||,|||,|||,|||,|||,|||
180.149.126.177,180.149.126.177,00000000000000000000000000000000000000000000000000000000000000,|||,|||,|||,|||,|||,|||,|||,|||,|||,|||
193.194.80.148,193.194.80.148,07d19d1ad21d21d07c42d43d0000009424803a662b126a748cf4f90707a33c,0033|0303|http/1.1|ff01-0001-0023-0010-0017,00c0|0303|http/1.1|ff01-0001-0023-0010-0017,00c4|0303|http/1.1|ff01-0001-0023-0010-0017,c013|0303|http/1.1|ff01-0001-000b-0023-0010-0017,c013|0303|http/1.1|ff01-0001-000b-0023-0010-0017,0033|0302|http/1.1|ff01-0001-0023-0010-0017,1302|0303||002b-0033,1303|0303||002b-0033,|||,|||
180.149.126.160,180.149.126.160,00000000000000000000000000000000000000000000000000000000000000,|||,|||,|||,|||,|||,|||,|||,|||,|||,|||
180.149.126.159,180.149.126.159,00000000000000000000000000000000000000000000000000000000000000,|||,|||,|||,|||,|||,|||,|||,|||,|||,|||
180.149.126.16,180.149.126.16,00000000000000000000000000000000000000000000000000000000000000,|||,|||,|||,|||,|||,|||,|||,|||,|||,|||
139.59.114.81,139.59.114.81,3fd3fd15d3fd3fd00042d42d00000061256d32ed7779c14686ad100544dc8d,cca8|0303|http/1.1|ff01-0001-000b-0023-0010-0017,cca8|0303|http/1.1|ff01-0001-000b-0023-0010-0017,009e|0303|http/1.1|ff01-0001-0023-0010-0017,cca8|0303|http/1.1|ff01-0001-000b-0023-0010-0017,cca8|0303|http/1.1|ff01-0001-000b-0023-0010-0017,|||,1302|0303||002b-0033,1302|0303||002b-0033,|||,|||
195.189.17.225,195.189.17.225,00000000000000000000000000000000000000000000000000000000000000,|||,|||,|||,|||,|||,|||,|||,|||,|||,|||
180.149.126.178,180.149.126.178,00000000000000000000000000000000000000000000000000000000000000,|||,|||,|||,|||,|||,|||,|||,|||,|||,|||
196.218.2.10,196.218.2.10,00000000000000000000000000000000000000000000000000000000000000,|||,|||,|||,|||,|||,|||,|||,|||,|||,|||
195.154.185.10,195.154.185.10,29d29d00029d29d21c29d29d29d29d61178e2295aff621c4f2465a23c4364f,c02f|0303|h2|ff01-000b-0023-0010,c02f|0303|h2|ff01-000b-0023-0010,|||,c02f|0303||ff01-000b-0023,c02f|0303||ff01-000b-0023,c013|0302|h2|ff01-000b-0023-0010,c02f|0303|h2|ff01-000b-0023-0010,c02f|0303|h2|ff01-000b-0023-0010,c02f|0303|h2|ff01-000b-0023-0010,c02f|0303|h2|ff01-000b-0023-0010
196.190.152.242,196.190.152.242,00000000000000000000000000000000000000000000000000000000000000,|||,|||,|||,|||,|||,|||,|||,|||,|||,|||
180.149.126.149,180.149.126.149,00000000000000000000000000000000000000000000000000000000000000,|||,|||,|||,|||,|||,|||,|||,|||,|||,|||
180.149.126.21,180.149.126.21,00000000000000000000000000000000000000000000000000000000000000,|||,|||,|||,|||,|||,|||,|||,|||,|||,|||
180.149.126.19,180.149.126.19,00000000000000000000000000000000000000000000000000000000000000,|||,|||,|||,|||,|||,|||,|||,|||,|||,|||
180.149.126.213,180.149.126.213,00000000000000000000000000000000000000000000000000000000000000,|||,|||,|||,|||,|||,|||,|||,|||,|||,|||
180.149.126.195,180.149.126.195,00000000000000000000000000000000000000000000000000000000000000,|||,|||,|||,|||,|||,|||,|||,|||,|||,|||
180.149.126.197,180.149.126.197,00000000000000000000000000000000000000000000000000000000000000,|||,|||,|||,|||,|||,|||,|||,|||,|||,|||
180.149.126.207,180.149.126.207,00000000000000000000000000000000000000000000000000000000000000,|||,|||,|||,|||,|||,|||,|||,|||,|||,|||
180.149.126.173,180.149.126.173,00000000000000000000000000000000000000000000000000000000000000,|||,|||,|||,|||,|||,|||,|||,|||,|||,|||
180.149.126.200,180.149.126.200,00000000000000000000000000000000000000000000000000000000000000,|||,|||,|||,|||,|||,|||,|||,|||,|||,|||
180.149.126.211,180.149.126.211,00000000000000000000000000000000000000000000000000000000000000,|||,|||,|||,|||,|||,|||,|||,|||,|||,|||
180.149.126.204,180.149.126.204,00000000000000000000000000000000000000000000000000000000000000,|||,|||,|||,|||,|||,|||,|||,|||,|||,|||
180.149.126.212,180.149.126.212,00000000000000000000000000000000000000000000000000000000000000,|||,|||,|||,|||,|||,|||,|||,|||,|||,|||
180.149.126.20,180.149.126.20,00000000000000000000000000000000000000000000000000000000000000,|||,|||,|||,|||,|||,|||,|||,|||,|||,|||
180.149.126.188,180.149.126.188,00000000000000000000000000000000000000000000000000000000000000,|||,|||,|||,|||,|||,|||,|||,|||,|||,|||
180.149.126.190,180.149.126.190,00000000000000000000000000000000000000000000000000000000000000,|||,|||,|||,|||,|||,|||,|||,|||,|||,|||
180.149.126.192,180.149.126.192,00000000000000000000000000000000000000000000000000000000000000,|||,|||,|||,|||,|||,|||,|||,|||,|||,|||
195.1.11.167,195.1.11.167,04d02d00004d04d04c04d02d04d04d9674c6b4e623ae36cc2d998e99e2262e,000a|0303||ff01-0023,0005|0303||ff01-0023,|||,000a|0303||ff01-0023,000a|0303||ff01-0023,000a|0302||ff01-0023,000a|0303||ff01-0023,0005|0303||ff01-0023,000a|0303||ff01-0023,000a|0303||ff01-0023
180.149.126.186,180.149.126.186,00000000000000000000000000000000000000000000000000000000000000,|||,|||,|||,|||,|||,|||,|||,|||,|||,|||
180.149.126.187,180.149.126.187,00000000000000000000000000000000000000000000000000000000000000,|||,|||,|||,|||,|||,|||,|||,|||,|||,|||
180.149.126.193,180.149.126.193,00000000000000000000000000000000000000000000000000000000000000,|||,|||,|||,|||,|||,|||,|||,|||,|||,|||
180.149.126.198,180.149.126.198,00000000000000000000000000000000000000000000000000000000000000,|||,|||,|||,|||,|||,|||,|||,|||,|||,|||
180.149.126.205,180.149.126.205,00000000000000000000000000000000000000000000000000000000000000,|||,|||,|||,|||,|||,|||,|||,|||,|||,|||
180.149.126.181,180.149.126.181,00000000000000000000000000000000000000000000000000000000000000,|||,|||,|||,|||,|||,|||,|||,|||,|||,|||
180.149.126.141,180.149.126.141,00000000000000000000000000000000000000000000000000000000000000,|||,|||,|||,|||,|||,|||,|||,|||,|||,|||
180.149.126.202,180.149.126.202,00000000000000000000000000000000000000000000000000000000000000,|||,|||,|||,|||,|||,|||,|||,|||,|||,|||
180.149.126.221,180.149.126.221,00000000000000000000000000000000000000000000000000000000000000,|||,|||,|||,|||,|||,|||,|||,|||,|||,|||
180.149.126.199,180.149.126.199,00000000000000000000000000000000000000000000000000000000000000,|||,|||,|||,|||,|||,|||,|||,|||,|||,|||
180.149.126.210,180.149.126.210,00000000000000000000000000000000000000000000000000000000000000,|||,|||,|||,|||,|||,|||,|||,|||,|||,|||
180.149.126.2,180.149.126.2,00000000000000000000000000000000000000000000000000000000000000,|||,|||,|||,|||,|||,|||,|||,|||,|||,|||
196.207.226.17,196.207.226.17,00000000000000000000000000000000000000000000000000000000000000,|||,|||,|||,|||,|||,|||,|||,|||,|||,|||
180.149.126.179,180.149.126.179,00000000000000000000000000000000000000000000000000000000000000,|||,|||,|||,|||,|||,|||,|||,|||,|||,|||
180.149.126.214,180.149.126.214,00000000000000000000000000000000000000000000000000000000000000,|||,|||,|||,|||,|||,|||,|||,|||,|||,|||
180.149.126.191,180.149.126.191,00000000000000000000000000000000000000000000000000000000000000,|||,|||,|||,|||,|||,|||,|||,|||,|||,|||
180.149.126.219,180.149.126.219,00000000000000000000000000000000000000000000000000000000000000,|||,|||,|||,|||,|||,|||,|||,|||,|||,|||
180.149.126.220,180.149.126.220,00000000000000000000000000000000000000000000000000000000000000,|||,|||,|||,|||,|||,|||,|||,|||,|||,|||
196.229.67.9,196.229.67.9,00000000000000000000000000000000000000000000000000000000000000,|||,|||,|||,|||,|||,|||,|||,|||,|||,|||
180.149.126.174,180.149.126.174,00000000000000000000000000000000000000000000000000000000000000,|||,|||,|||,|||,|||,|||,|||,|||,|||,|||
180.149.126.194,180.149.126.194,00000000000000000000000000000000000000000000000000000000000000,|||,|||,|||,|||,|||,|||,|||,|||,|||,|||
195.66.89.19,195.66.89.19,00000000000000000000000000000000000000000000000000000000000000,|||,|||,|||,|||,|||,|||,|||,|||,|||,|||
180.149.126.203,180.149.126.203,00000000000000000000000000000000000000000000000000000000000000,|||,|||,|||,|||,|||,|||,|||,|||,|||,|||
180.149.126.216,180.149.126.216,00000000000000000000000000000000000000000000000000000000000000,|||,|||,|||,|||,|||,|||,|||,|||,|||,|||
180.149.126.22,180.149.126.22,00000000000000000000000000000000000000000000000000000000000000,|||,|||,|||,|||,|||,|||,|||,|||,|||,|||
180.149.126.184,180.149.126.184,00000000000000000000000000000000000000000000000000000000000000,|||,|||,|||,|||,|||,|||,|||,|||,|||,|||
180.149.126.230,180.149.126.230,00000000000000000000000000000000000000000000000000000000000000,|||,|||,|||,|||,|||,|||,|||,|||,|||,|||
180.149.126.182,180.149.126.182,00000000000000000000000000000000000000000000000000000000000000,|||,|||,|||,|||,|||,|||,|||,|||,|||,|||
180.149.126.180,180.149.126.180,00000000000000000000000000000000000000000000000000000000000000,|||,|||,|||,|||,|||,|||,|||,|||,|||,|||
180.149.126.238,180.149.126.238,00000000000000000000000000000000000000000000000000000000000000,|||,|||,|||,|||,|||,|||,|||,|||,|||,|||
180.149.126.223,180.149.126.223,00000000000000000000000000000000000000000000000000000000000000,|||,|||,|||,|||,|||,|||,|||,|||,|||,|||
180.149.126.236,180.149.126.236,00000000000000000000000000000000000000000000000000000000000000,|||,|||,|||,|||,|||,|||,|||,|||,|||,|||
180.149.126.226,180.149.126.226,00000000000000000000000000000000000000000000000000000000000000,|||,|||,|||,|||,|||,|||,|||,|||,|||,|||
180.149.126.218,180.149.126.218,00000000000000000000000000000000000000000000000000000000000000,|||,|||,|||,|||,|||,|||,|||,|||,|||,|||
180.149.126.208,180.149.126.208,00000000000000000000000000000000000000000000000000000000000000,|||,|||,|||,|||,|||,|||,|||,|||,|||,|||
180.149.126.225,180.149.126.225,00000000000000000000000000000000000000000000000000000000000000,|||,|||,|||,|||,|||,|||,|||,|||,|||,|||
180.149.126.227,180.149.126.227,00000000000000000000000000000000000000000000000000000000000000,|||,|||,|||,|||,|||,|||,|||,|||,|||,|||
180.149.126.222,180.149.126.222,00000000000000000000000000000000000000000000000000000000000000,|||,|||,|||,|||,|||,|||,|||,|||,|||,|||
180.149.126.235,180.149.126.235,00000000000000000000000000000000000000000000000000000000000000,|||,|||,|||,|||,|||,|||,|||,|||,|||,|||
180.149.126.183,180.149.126.183,00000000000000000000000000000000000000000000000000000000000000,|||,|||,|||,|||,|||,|||,|||,|||,|||,|||
180.149.126.23,180.149.126.23,00000000000000000000000000000000000000000000000000000000000000,|||,|||,|||,|||,|||,|||,|||,|||,|||,|||
180.149.126.239,180.149.126.239,00000000000000000000000000000000000000000000000000000000000000,|||,|||,|||,|||,|||,|||,|||,|||,|||,|||
180.149.126.245,180.149.126.245,00000000000000000000000000000000000000000000000000000000000000,|||,|||,|||,|||,|||,|||,|||,|||,|||,|||
180.149.126.228,180.149.126.228,00000000000000000000000000000000000000000000000000000000000000,|||,|||,|||,|||,|||,|||,|||,|||,|||,|||
180.149.126.241,180.149.126.241,00000000000000000000000000000000000000000000000000000000000000,|||,|||,|||,|||,|||,|||,|||,|||,|||,|||
180.149.126.231,180.149.126.231,00000000000000000000000000000000000000000000000000000000000000,|||,|||,|||,|||,|||,|||,|||,|||,|||,|||
180.149.126.233,180.149.126.233,00000000000000000000000000000000000000000000000000000000000000,|||,|||,|||,|||,|||,|||,|||,|||,|||,|||
180.149.126.240,180.149.126.240,00000000000000000000000000000000000000000000000000000000000000,|||,|||,|||,|||,|||,|||,|||,|||,|||,|||
180.149.126.25,180.149.126.25,00000000000000000000000000000000000000000000000000000000000000,|||,|||,|||,|||,|||,|||,|||,|||,|||,|||
180.149.126.244,180.149.126.244,00000000000000000000000000000000000000000000000000000000000000,|||,|||,|||,|||,|||,|||,|||,|||,|||,|||
180.149.126.253,180.149.126.253,00000000000000000000000000000000000000000000000000000000000000,|||,|||,|||,|||,|||,|||,|||,|||,|||,|||
180.149.126.246,180.149.126.246,00000000000000000000000000000000000000000000000000000000000000,|||,|||,|||,|||,|||,|||,|||,|||,|||,|||
180.149.126.33,180.149.126.33,00000000000000000000000000000000000000000000000000000000000000,|||,|||,|||,|||,|||,|||,|||,|||,|||,|||
192.144.211.63,192.144.211.63,29d29d00029d29d22c29d29d29d29dc2ddcfd203d071c45b4b0ffe3d7b4b89,c02f|0303|http/1.1|ff01-0000-0001-000b-0023-0010-0017,c02f|0303|http/1.1|ff01-0000-0001-000b-0023-0010-0017,|||,c02f|0303||ff01-0000-0001-000b-0023-0017,c02f|0303||ff01-0000-0001-000b-0023-0017,c014|0302|http/1.1|ff01-0000-0001-000b-0023-0010-0017,c02f|0303|http/1.1|ff01-0000-0001-000b-0023-0010-0017,c02f|0303|http/1.1|ff01-0000-0001-000b-0023-0010-0017,c02f|0303|http/1.1|ff01-0000-0001-000b-0023-0010-0017,c02f|0303|http/1.1|ff01-0000-0001-000b-0023-0010-0017
180.149.126.34,180.149.126.34,00000000000000000000000000000000000000000000000000000000000000,|||,|||,|||,|||,|||,|||,|||,|||,|||,|||
197.230.46.202,197.230.46.202,00000000000000000000000000000000000000000000000000000000000000,|||,|||,|||,|||,|||,|||,|||,|||,|||,|||
195.94.249.245,195.94.249.245,29d29d15d29d29d21c29d29d29d29d47321614530b94a96fa03d06e666d6d6,c02f|0303|http/1.1|ff01-000b-0023-0010,c02f|0303|http/1.1|ff01-000b-0023-0010,009e|0303|http/1.1|ff01-0023-0010,c02f|0303||ff01-000b-0023,c02f|0303||ff01-000b-0023,c013|0302|http/1.1|ff01-000b-0023-0010,c02f|0303|http/1.1|ff01-000b-0023-0010,c02f|0303|http/1.1|ff01-000b-0023-0010,c02f|0303|http/1.1|ff01-000b-0023-0010,c02f|0303|http/1.1|ff01-000b-0023-0010
180.149.126.37,180.149.126.37,00000000000000000000000000000000000000000000000000000000000000,|||,|||,|||,|||,|||,|||,|||,|||,|||,|||
180.149.126.252,180.149.126.252,00000000000000000000000000000000000000000000000000000000000000,|||,|||,|||,|||,|||,|||,|||,|||,|||,|||
180.149.126.35,180.149.126.35,00000000000000000000000000000000000000000000000000000000000000,|||,|||,|||,|||,|||,|||,|||,|||,|||,|||
180.149.126.30,180.149.126.30,00000000000000000000000000000000000000000000000000000000000000,|||,|||,|||,|||,|||,|||,|||,|||,|||,|||
180.149.126.40,180.149.126.40,00000000000000000000000000000000000000000000000000000000000000,|||,|||,|||,|||,|||,|||,|||,|||,|||,|||
180.149.126.234,180.149.126.234,00000000000000000000000000000000000000000000000000000000000000,|||,|||,|||,|||,|||,|||,|||,|||,|||,|||
180.149.126.29,180.149.126.29,00000000000000000000000000000000000000000000000000000000000000,|||,|||,|||,|||,|||,|||,|||,|||,|||,|||
180.149.126.4,180.149.126.4,00000000000000000000000000000000000000000000000000000000000000,|||,|||,|||,|||,|||,|||,|||,|||,|||,|||
180.149.126.39,180.149.126.39,00000000000000000000000000000000000000000000000000000000000000,|||,|||,|||,|||,|||,|||,|||,|||,|||,|||
180.149.126.47,180.149.126.47,00000000000000000000000000000000000000000000000000000000000000,|||,|||,|||,|||,|||,|||,|||,|||,|||,|||
180.149.126.243,180.149.126.243,00000000000000000000000000000000000000000000000000000000000000,|||,|||,|||,|||,|||,|||,|||,|||,|||,|||
180.149.126.53,180.149.126.53,00000000000000000000000000000000000000000000000000000000000000,|||,|||,|||,|||,|||,|||,|||,|||,|||,|||
180.149.126.36,180.149.126.36,00000000000000000000000000000000000000000000000000000000000000,|||,|||,|||,|||,|||,|||,|||,|||,|||,|||
180.149.126.249,180.149.126.249,00000000000000000000000000000000000000000000000000000000000000,|||,|||,|||,|||,|||,|||,|||,|||,|||,|||
180.149.126.5,180.149.126.5,00000000000000000000000000000000000000000000000000000000000000,|||,|||,|||,|||,|||,|||,|||,|||,|||,|||
180.149.126.248,180.149.126.248,00000000000000000000000000000000000000000000000000000000000000,|||,|||,|||,|||,|||,|||,|||,|||,|||,|||
180.149.126.54,180.149.126.54,00000000000000000000000000000000000000000000000000000000000000,|||,|||,|||,|||,|||,|||,|||,|||,|||,|||
180.149.126.52,180.149.126.52,00000000000000000000000000000000000000000000000000000000000000,|||,|||,|||,|||,|||,|||,|||,|||,|||,|||
180.149.126.59,180.149.126.59,00000000000000000000000000000000000000000000000000000000000000,|||,|||,|||,|||,|||,|||,|||,|||,|||,|||
180.149.126.247,180.149.126.247,00000000000000000000000000000000000000000000000000000000000000,|||,|||,|||,|||,|||,|||,|||,|||,|||,|||
180.149.126.56,180.149.126.56,00000000000000000000000000000000000000000000000000000000000000,|||,|||,|||,|||,|||,|||,|||,|||,|||,|||
180.149.126.41,180.149.126.41,00000000000000000000000000000000000000000000000000000000000000,|||,|||,|||,|||,|||,|||,|||,|||,|||,|||
198.98.50.216,198.98.50.216,00000000000000000000000000000000000000000000000000000000000000,|||,|||,|||,|||,|||,|||,|||,|||,|||,|||
180.149.126.51,180.149.126.51,00000000000000000000000000000000000000000000000000000000000000,|||,|||,|||,|||,|||,|||,|||,|||,|||,|||
180.149.126.43,180.149.126.43,00000000000000000000000000000000000000000000000000000000000000,|||,|||,|||,|||,|||,|||,|||,|||,|||,|||
180.149.126.50,180.149.126.50,00000000000000000000000000000000000000000000000000000000000000,|||,|||,|||,|||,|||,|||,|||,|||,|||,|||
198.74.62.95,198.74.62.95,00000000000000000000000000000000000000000000000000000000000000,|||,|||,|||,|||,|||,|||,|||,|||,|||,|||
180.149.126.38,180.149.126.38,00000000000000000000000000000000000000000000000000000000000000,|||,|||,|||,|||,|||,|||,|||,|||,|||,|||
196.2.14.184,196.2.14.184,00000000000000000000000000000000000000000000000000000000000000,|||,|||,|||,|||,|||,|||,|||,|||,|||,|||
180.149.126.60,180.149.126.60,00000000000000000000000000000000000000000000000000000000000000,|||,|||,|||,|||,|||,|||,|||,|||,|||,|||
180.149.126.3,180.149.126.3,00000000000000000000000000000000000000000000000000000000000000,|||,|||,|||,|||,|||,|||,|||,|||,|||,|||
180.149.126.55,180.149.126.55,00000000000000000000000000000000000000000000000000000000000000,|||,|||,|||,|||,|||,|||,|||,|||,|||,|||
180.149.126.57,180.149.126.57,00000000000000000000000000000000000000000000000000000000000000,|||,|||,|||,|||,|||,|||,|||,|||,|||,|||
180.149.126.61,180.149.126.61,00000000000000000000000000000000000000000000000000000000000000,|||,|||,|||,|||,|||,|||,|||,|||,|||,|||
198.98.61.124,198.98.61.124,00000000000000000000000000000000000000000000000000000000000000,|||,|||,|||,|||,|||,|||,|||,|||,|||,|||
180.149.126.70,180.149.126.70,00000000000000000000000000000000000000000000000000000000000000,|||,|||,|||,|||,|||,|||,|||,|||,|||,|||
198.74.62.88,198.74.62.88,00000000000000000000000000000000000000000000000000000000000000,|||,|||,|||,|||,|||,|||,|||,|||,|||,|||
180.149.126.58,180.149.126.58,00000000000000000000000000000000000000000000000000000000000000,|||,|||,|||,|||,|||,|||,|||,|||,|||,|||
180.149.126.63,180.149.126.63,00000000000000000000000000000000000000000000000000000000000000,|||,|||,|||,|||,|||,|||,|||,|||,|||,|||
180.149.126.72,180.149.126.72,00000000000000000000000000000000000000000000000000000000000000,|||,|||,|||,|||,|||,|||,|||,|||,|||,|||
198.98.53.8,198.98.53.8,00000000000000000000000000000000000000000000000000000000000000,|||,|||,|||,|||,|||,|||,|||,|||,|||,|||
180.149.126.62,180.149.126.62,00000000000000000000000000000000000000000000000000000000000000,|||,|||,|||,|||,|||,|||,|||,|||,|||,|||
180.149.126.48,180.149.126.48,00000000000000000000000000000000000000000000000000000000000000,|||,|||,|||,|||,|||,|||,|||,|||,|||,|||
180.149.126.68,180.149.126.68,00000000000000000000000000000000000000000000000000000000000000,|||,|||,|||,|||,|||,|||,|||,|||,|||,|||
180.149.126.66,180.149.126.66,00000000000000000000000000000000000000000000000000000000000000,|||,|||,|||,|||,|||,|||,|||,|||,|||,|||
180.149.126.6,180.149.126.6,00000000000000000000000000000000000000000000000000000000000000,|||,|||,|||,|||,|||,|||,|||,|||,|||,|||
198.50.159.54,198.50.159.54,00000000000000000000000000000000000000000000000000000000000000,|||,|||,|||,|||,|||,|||,|||,|||,|||,|||
180.149.126.42,180.149.126.42,00000000000000000000000000000000000000000000000000000000000000,|||,|||,|||,|||,|||,|||,|||,|||,|||,|||
180.149.126.67,180.149.126.67,00000000000000000000000000000000000000000000000000000000000000,|||,|||,|||,|||,|||,|||,|||,|||,|||,|||
180.149.126.75,180.149.126.75,00000000000000000000000000000000000000000000000000000000000000,|||,|||,|||,|||,|||,|||,|||,|||,|||,|||
198.98.50.188,198.98.50.188,00000000000000000000000000000000000000000000000000000000000000,|||,|||,|||,|||,|||,|||,|||,|||,|||,|||
180.149.126.71,180.149.126.71,00000000000000000000000000000000000000000000000000000000000000,|||,|||,|||,|||,|||,|||,|||,|||,|||,|||
180.149.126.65,180.149.126.65,00000000000000000000000000000000000000000000000000000000000000,|||,|||,|||,|||,|||,|||,|||,|||,|||,|||
180.149.126.7,180.149.126.7,00000000000000000000000000000000000000000000000000000000000000,|||,|||,|||,|||,|||,|||,|||,|||,|||,|||
180.149.126.77,180.149.126.77,00000000000000000000000000000000000000000000000000000000000000,|||,|||,|||,|||,|||,|||,|||,|||,|||,|||
198.98.60.152,198.98.60.152,00000000000000000000000000000000000000000000000000000000000000,|||,|||,|||,|||,|||,|||,|||,|||,|||,|||
180.149.126.64,180.149.126.64,00000000000000000000000000000000000000000000000000000000000000,|||,|||,|||,|||,|||,|||,|||,|||,|||,|||
180.149.126.88,180.149.126.88,00000000000000000000000000000000000000000000000000000000000000,|||,|||,|||,|||,|||,|||,|||,|||,|||,|||
198.98.50.189,198.98.50.189,00000000000000000000000000000000000000000000000000000000000000,|||,|||,|||,|||,|||,|||,|||,|||,|||,|||
180.149.126.82,180.149.126.82,00000000000000000000000000000000000000000000000000000000000000,|||,|||,|||,|||,|||,|||,|||,|||,|||,|||
180.149.126.80,180.149.126.80,00000000000000000000000000000000000000000000000000000000000000,|||,|||,|||,|||,|||,|||,|||,|||,|||,|||
180.149.126.78,180.149.126.78,00000000000000000000000000000000000000000000000000000000000000,|||,|||,|||,|||,|||,|||,|||,|||,|||,|||
198.98.60.169,198.98.60.169,00000000000000000000000000000000000000000000000000000000000000,|||,|||,|||,|||,|||,|||,|||,|||,|||,|||
180.149.126.9,180.149.126.9,00000000000000000000000000000000000000000000000000000000000000,|||,|||,|||,|||,|||,|||,|||,|||,|||,|||
180.149.126.85,180.149.126.85,00000000000000000000000000000000000000000000000000000000000000,|||,|||,|||,|||,|||,|||,|||,|||,|||,|||
180.149.126.97,180.149.126.97,00000000000000000000000000000000000000000000000000000000000000,|||,|||,|||,|||,|||,|||,|||,|||,|||,|||
180.149.126.91,180.149.126.91,00000000000000000000000000000000000000000000000000000000000000,|||,|||,|||,|||,|||,|||,|||,|||,|||,|||
180.149.126.90,180.149.126.90,00000000000000000000000000000000000000000000000000000000000000,|||,|||,|||,|||,|||,|||,|||,|||,|||,|||
180.149.126.98,180.149.126.98,00000000000000000000000000000000000000000000000000000000000000,|||,|||,|||,|||,|||,|||,|||,|||,|||,|||
196.2.8.40,196.2.8.40,00000000000000000000000000000000000000000000000000000000000000,|||,|||,|||,|||,|||,|||,|||,|||,|||,|||
198.98.60.170,198.98.60.170,00000000000000000000000000000000000000000000000000000000000000,|||,|||,|||,|||,|||,|||,|||,|||,|||,|||
180.156.250.109,180.156.250.109,00000000000000000000000000000000000000000000000000000000000000,|||,|||,|||,|||,|||,|||,|||,|||,|||,|||
196.2.8.120,196.2.8.120,00000000000000000000000000000000000000000000000000000000000000,|||,|||,|||,|||,|||,|||,|||,|||,|||,|||
180.149.126.89,180.149.126.89,00000000000000000000000000000000000000000000000000000000000000,|||,|||,|||,|||,|||,|||,|||,|||,|||,|||
180.149.126.99,180.149.126.99,00000000000000000000000000000000000000000000000000000000000000,|||,|||,|||,|||,|||,|||,|||,|||,|||,|||
180.156.0.5,180.156.0.5,00000000000000000000000000000000000000000000000000000000000000,|||,|||,|||,|||,|||,|||,|||,|||,|||,|||
180.163.101.71,180.163.101.71,00000000000000000000000000000000000000000000000000000000000000,|||,|||,|||,|||,|||,|||,|||,|||,|||,|||
180.149.126.87,180.149.126.87,00000000000000000000000000000000000000000000000000000000000000,|||,|||,|||,|||,|||,|||,|||,|||,|||,|||
180.149.126.94,180.149.126.94,00000000000000000000000000000000000000000000000000000000000000,|||,|||,|||,|||,|||,|||,|||,|||,|||,|||
180.179.227.180,180.179.227.180,00000000000000000000000000000000000000000000000000000000000000,|||,|||,|||,|||,|||,|||,|||,|||,|||,|||
199.195.253.118,199.195.253.118,00000000000000000000000000000000000000000000000000000000000000,|||,|||,|||,|||,|||,|||,|||,|||,|||,|||
198.98.61.15,198.98.61.15,00000000000000000000000000000000000000000000000000000000000000,|||,|||,|||,|||,|||,|||,|||,|||,|||,|||
180.149.126.92,180.149.126.92,00000000000000000000000000000000000000000000000000000000000000,|||,|||,|||,|||,|||,|||,|||,|||,|||,|||
180.166.201.198,180.166.201.198,00000000000000000000000000000000000000000000000000000000000000,|||,|||,|||,|||,|||,|||,|||,|||,|||,|||
180.182.228.196,180.182.228.196,00000000000000000000000000000000000000000000000000000000000000,|||,|||,|||,|||,|||,|||,|||,|||,|||,|||
180.149.126.96,180.149.126.96,00000000000000000000000000000000000000000000000000000000000000,|||,|||,|||,|||,|||,|||,|||,|||,|||,|||
180.182.220.137,180.182.220.137,00000000000000000000000000000000000000000000000000000000000000,|||,|||,|||,|||,|||,|||,|||,|||,|||,|||
180.165.229.110,180.165.229.110,00000000000000000000000000000000000000000000000000000000000000,|||,|||,|||,|||,|||,|||,|||,|||,|||,|||
180.182.18.232,180.182.18.232,00000000000000000000000000000000000000000000000000000000000000,|||,|||,|||,|||,|||,|||,|||,|||,|||,|||
180.182.245.138,180.182.245.138,00000000000000000000000000000000000000000000000000000000000000,|||,|||,|||,|||,|||,|||,|||,|||,|||,|||
180.182.228.200,180.182.228.200,00000000000000000000000000000000000000000000000000000000000000,|||,|||,|||,|||,|||,|||,|||,|||,|||,|||
198.98.50.108,198.98.50.108,00000000000000000000000000000000000000000000000000000000000000,|||,|||,|||,|||,|||,|||,|||,|||,|||,|||
199.195.248.53,199.195.248.53,00000000000000000000000000000000000000000000000000000000000000,|||,|||,|||,|||,|||,|||,|||,|||,|||,|||
180.156.49.211,180.156.49.211,00000000000000000000000000000000000000000000000000000000000000,|||,|||,|||,|||,|||,|||,|||,|||,|||,|||
180.179.227.111,180.179.227.111,00000000000000000000000000000000000000000000000000000000000000,|||,|||,|||,|||,|||,|||,|||,|||,|||,|||
180.182.234.22,180.182.234.22,00000000000000000000000000000000000000000000000000000000000000,|||,|||,|||,|||,|||,|||,|||,|||,|||,|||
180.167.216.198,180.167.216.198,00000000000000000000000000000000000000000000000000000000000000,|||,|||,|||,|||,|||,|||,|||,|||,|||,|||
180.182.236.144,180.182.236.144,00000000000000000000000000000000000000000000000000000000000000,|||,|||,|||,|||,|||,|||,|||,|||,|||,|||
180.182.229.194,180.182.229.194,00000000000000000000000000000000000000000000000000000000000000,|||,|||,|||,|||,|||,|||,|||,|||,|||,|||
180.215.130.19,180.215.130.19,00000000000000000000000000000000000000000000000000000000000000,|||,|||,|||,|||,|||,|||,|||,|||,|||,|||
180.182.245.86,180.182.245.86,00000000000000000000000000000000000000000000000000000000000000,|||,|||,|||,|||,|||,|||,|||,|||,|||,|||
195.35.245.30,195.35.245.30,00000000000000000000000000000000000000000000000000000000000000,|||,|||,|||,|||,|||,|||,|||,|||,|||,|||
180.182.229.195,180.182.229.195,00000000000000000000000000000000000000000000000000000000000000,|||,|||,|||,|||,|||,|||,|||,|||,|||,|||
180.182.236.145,180.182.236.145,00000000000000000000000000000000000000000000000000000000000000,|||,|||,|||,|||,|||,|||,|||,|||,|||,|||
180.182.245.92,180.182.245.92,00000000000000000000000000000000000000000000000000000000000000,|||,|||,|||,|||,|||,|||,|||,|||,|||,|||
180.182.245.134,180.182.245.134,00000000000000000000000000000000000000000000000000000000000000,|||,|||,|||,|||,|||,|||,|||,|||,|||,|||
198.46.233.60,198.46.233.60,00000000000000000000000000000000000000000000000000000000000000,|||,|||,|||,|||,|||,|||,|||,|||,|||,|||
180.188.198.228,180.188.198.228,00000000000000000000000000000000000000000000000000000000000000,|||,|||,|||,|||,|||,|||,|||,|||,|||,|||
180.212.210.251,180.212.210.251,00000000000000000000000000000000000000000000000000000000000000,|||,|||,|||,|||,|||,|||,|||,|||,|||,|||
180.214.239.83,180.214.239.83,00000000000000000000000000000000000000000000000000000000000000,|||,|||,|||,|||,|||,|||,|||,|||,|||,|||
180.215.130.48,180.215.130.48,00000000000000000000000000000000000000000000000000000000000000,|||,|||,|||,|||,|||,|||,|||,|||,|||,|||
180.215.130.18,180.215.130.18,00000000000000000000000000000000000000000000000000000000000000,|||,|||,|||,|||,|||,|||,|||,|||,|||,|||
180.182.236.143,180.182.236.143,00000000000000000000000000000000000000000000000000000000000000,|||,|||,|||,|||,|||,|||,|||,|||,|||,|||
194.26.74.140,194.26.74.140,00000000000000000000000000000000000000000000000000000000000000,|||,|||,|||,|||,|||,|||,|||,|||,|||,|||
180.182.245.90,180.182.245.90,00000000000000000000000000000000000000000000000000000000000000,|||,|||,|||,|||,|||,|||,|||,|||,|||,|||
180.182.245.133,180.182.245.133,00000000000000000000000000000000000000000000000000000000000000,|||,|||,|||,|||,|||,|||,|||,|||,|||,|||
180.211.103.150,180.211.103.150,00000000000000000000000000000000000000000000000000000000000000,|||,|||,|||,|||,|||,|||,|||,|||,|||,|||
180.215.130.45,180.215.130.45,00000000000000000000000000000000000000000000000000000000000000,|||,|||,|||,|||,|||,|||,|||,|||,|||,|||
180.215.130.26,180.215.130.26,00000000000000000000000000000000000000000000000000000000000000,|||,|||,|||,|||,|||,|||,|||,|||,|||,|||
199.188.101.104,199.188.101.104,00000000000000000000000000000000000000000000000000000000000000,|||,|||,|||,|||,|||,|||,|||,|||,|||,|||
150.158.161.254,150.158.161.254,00000000000000000000000000000000000000000000000000000000000000,|||,|||,|||,|||,|||,|||,|||,|||,|||,|||
180.215.130.52,180.215.130.52,00000000000000000000000000000000000000000000000000000000000000,|||,|||,|||,|||,|||,|||,|||,|||,|||,|||
180.182.220.131,180.182.220.131,00000000000000000000000000000000000000000000000000000000000000,|||,|||,|||,|||,|||,|||,|||,|||,|||,|||
196.70.254.9,196.70.254.9,2ad2ad16d00000022c2ad2ad2ad2adbc07bc352a188303b518c8a273c71220,c030|0303|h2|0010-0017-ff01,c030|0303|h2|0010-0017-ff01,009f|0303|h2|0010-0017-ff01,|||,|||,c014|0302|h2|0010-0017-ff01,c030|0303|h2|0010-0017-ff01,c030|0303|h2|0010-0017-ff01,c030|0303|h2|0010-0017-ff01,c030|0303|h2|0010-0017-ff01
180.215.130.27,180.215.130.27,00000000000000000000000000000000000000000000000000000000000000,|||,|||,|||,|||,|||,|||,|||,|||,|||,|||
180.215.130.53,180.215.130.53,00000000000000000000000000000000000000000000000000000000000000,|||,|||,|||,|||,|||,|||,|||,|||,|||,|||
180.215.130.28,180.215.130.28,00000000000000000000000000000000000000000000000000000000000000,|||,|||,|||,|||,|||,|||,|||,|||,|||,|||
180.215.130.46,180.215.130.46,00000000000000000000000000000000000000000000000000000000000000,|||,|||,|||,|||,|||,|||,|||,|||,|||,|||
180.215.130.31,180.215.130.31,00000000000000000000000000000000000000000000000000000000000000,|||,|||,|||,|||,|||,|||,|||,|||,|||,|||
180.215.130.109,180.215.130.109,00000000000000000000000000000000000000000000000000000000000000,|||,|||,|||,|||,|||,|||,|||,|||,|||,|||
180.215.130.124,180.215.130.124,00000000000000000000000000000000000000000000000000000000000000,|||,|||,|||,|||,|||,|||,|||,|||,|||,|||
180.215.130.49,180.215.130.49,00000000000000000000000000000000000000000000000000000000000000,|||,|||,|||,|||,|||,|||,|||,|||,|||,|||
180.215.130.17,180.215.130.17,00000000000000000000000000000000000000000000000000000000000000,|||,|||,|||,|||,|||,|||,|||,|||,|||,|||
180.215.130.30,180.215.130.30,00000000000000000000000000000000000000000000000000000000000000,|||,|||,|||,|||,|||,|||,|||,|||,|||,|||
180.215.130.54,180.215.130.54,00000000000000000000000000000000000000000000000000000000000000,|||,|||,|||,|||,|||,|||,|||,|||,|||,|||
180.215.130.51,180.215.130.51,00000000000000000000000000000000000000000000000000000000000000,|||,|||,|||,|||,|||,|||,|||,|||,|||,|||
180.215.130.50,180.215.130.50,00000000000000000000000000000000000000000000000000000000000000,|||,|||,|||,|||,|||,|||,|||,|||,|||,|||
180.215.192.155,180.215.192.155,00000000000000000000000000000000000000000000000000000000000000,|||,|||,|||,|||,|||,|||,|||,|||,|||,|||
197.255.219.194,197.255.219.194,00000000000000000000000000000000000000000000000000000000000000,|||,|||,|||,|||,|||,|||,|||,|||,|||,|||
180.252.94.105,180.252.94.105,00000000000000000000000000000000000000000000000000000000000000,|||,|||,|||,|||,|||,|||,|||,|||,|||,|||
198.49.129.154,198.49.129.154,00000000000000000000000000000000000000000000000000000000000000,|||,|||,|||,|||,|||,|||,|||,|||,|||,|||
197.246.175.168,197.246.175.168,00000000000000000000000000000000000000000000000000000000000000,|||,|||,|||,|||,|||,|||,|||,|||,|||,|||
198.52.100.218,198.52.100.218,00000000000000000000000000000000000000000000000000000000000000,|||,|||,|||,|||,|||,|||,|||,|||,|||,|||
180.252.87.185,180.252.87.185,00000000000000000000000000000000000000000000000000000000000000,|||,|||,|||,|||,|||,|||,|||,|||,|||,|||
180.32.201.156,180.32.201.156,00000000000000000000000000000000000000000000000000000000000000,|||,|||,|||,|||,|||,|||,|||,|||,|||,|||
180.254.224.233,180.254.224.233,00000000000000000000000000000000000000000000000000000000000000,|||,|||,|||,|||,|||,|||,|||,|||,|||,|||
180.76.139.101,180.76.139.101,00000000000000000000000000000000000000000000000000000000000000,|||,|||,|||,|||,|||,|||,|||,|||,|||,|||
180.253.162.236,180.253.162.236,00000000000000000000000000000000000000000000000000000000000000,|||,|||,|||,|||,|||,|||,|||,|||,|||,|||
121.5.243.83,121.5.243.83,00000000000000000000000000000000000000000000000000000000000000,|||,|||,|||,|||,|||,|||,|||,|||,|||,|||
180.76.103.137,180.76.103.137,00000000000000000000000000000000000000000000000000000000000000,|||,|||,|||,|||,|||,|||,|||,|||,|||,|||
180.70.253.165,180.70.253.165,00000000000000000000000000000000000000000000000000000000000000,|||,|||,|||,|||,|||,|||,|||,|||,|||,|||
180.76.147.12,180.76.147.12,00000000000000000000000000000000000000000000000000000000000000,|||,|||,|||,|||,|||,|||,|||,|||,|||,|||
180.250.196.138,180.250.196.138,00000000000000000000000000000000000000000000000000000000000000,|||,|||,|||,|||,|||,|||,|||,|||,|||,|||
180.76.136.165,180.76.136.165,00000000000000000000000000000000000000000000000000000000000000,|||,|||,|||,|||,|||,|||,|||,|||,|||,|||
180.65.240.162,180.65.240.162,00000000000000000000000000000000000000000000000000000000000000,|||,|||,|||,|||,|||,|||,|||,|||,|||,|||
180.76.145.234,180.76.145.234,00000000000000000000000000000000000000000000000000000000000000,|||,|||,|||,|||,|||,|||,|||,|||,|||,|||
180.76.54.124,180.76.54.124,00000000000000000000000000000000000000000000000000000000000000,|||,|||,|||,|||,|||,|||,|||,|||,|||,|||
180.76.190.78,180.76.190.78,00000000000000000000000000000000000000000000000000000000000000,|||,|||,|||,|||,|||,|||,|||,|||,|||,|||
180.95.128.166,180.95.128.166,00000000000000000000000000000000000000000000000000000000000000,|||,|||,|||,|||,|||,|||,|||,|||,|||,|||
181.118.183.97,181.118.183.97,00000000000000000000000000000000000000000000000000000000000000,|||,|||,|||,|||,|||,|||,|||,|||,|||,|||
180.88.96.69,180.88.96.69,00000000000000000000000000000000000000000000000000000000000000,|||,|||,|||,|||,|||,|||,|||,|||,|||,|||
180.95.188.17,180.95.188.17,00000000000000000000000000000000000000000000000000000000000000,|||,|||,|||,|||,|||,|||,|||,|||,|||,|||
181.118.159.233,181.118.159.233,00000000000000000000000000000000000000000000000000000000000000,|||,|||,|||,|||,|||,|||,|||,|||,|||,|||
197.249.82.205,197.249.82.205,00000000000000000000000000000000000000000000000000000000000000,|||,|||,|||,|||,|||,|||,|||,|||,|||,|||
181.143.170.114,181.143.170.114,00000000000000000000000000000000000000000000000000000000000000,|||,|||,|||,|||,|||,|||,|||,|||,|||,|||
181.169.187.26,181.169.187.26,00000000000000000000000000000000000000000000000000000000000000,|||,|||,|||,|||,|||,|||,|||,|||,|||,|||
197.231.204.60,197.231.204.60,00000000000000000000000000000000000000000000000000000000000000,|||,|||,|||,|||,|||,|||,|||,|||,|||,|||
193.122.111.240,193.122.111.240,00000000000000000000000000000000000000000000000000000000000000,|||,|||,|||,|||,|||,|||,|||,|||,|||,|||
181.198.61.195,181.198.61.195,00000000000000000000000000000000000000000000000000000000000000,|||,|||,|||,|||,|||,|||,|||,|||,|||,|||
194.233.78.120,194.233.78.120,15d3fd16d21d21d00042d43d000000fe02290512647416dcf0a400ccbc0b6b,009e|0303|http/1.1|ff01-0000-0001-0010-0017,cca8|0303|http/1.1|ff01-0000-0001-000b-0010-0017,009f|0303|http/1.1|ff01-0000-0001-0010-0017,c013|0303||ff01-0000-0001-000b-0017,c013|0303||ff01-0000-0001-000b-0017,|||,1302|0303||002b-0033,1303|0303||002b-0033,|||,|||
181.197.105.13,181.197.105.13,00000000000000000000000000000000000000000000000000000000000000,|||,|||,|||,|||,|||,|||,|||,|||,|||,|||
181.209.105.78,181.209.105.78,00000000000000000000000000000000000000000000000000000000000000,|||,|||,|||,|||,|||,|||,|||,|||,|||,|||
194.233.64.241,194.233.64.241,3fd3fd15d3fd3fd00042d42d00000061256d32ed7779c14686ad100544dc8d,cca8|0303|http/1.1|ff01-0001-000b-0023-0010-0017,cca8|0303|http/1.1|ff01-0001-000b-0023-0010-0017,009e|0303|http/1.1|ff01-0001-0023-0010-0017,cca8|0303|http/1.1|ff01-0001-000b-0023-0010-0017,cca8|0303|http/1.1|ff01-0001-000b-0023-0010-0017,|||,1302|0303||002b-0033,1302|0303||002b-0033,|||,|||
181.143.166.211,181.143.166.211,00000000000000000000000000000000000000000000000000000000000000,|||,|||,|||,|||,|||,|||,|||,|||,|||,|||
181.221.236.106,181.221.236.106,00000000000000000000000000000000000000000000000000000000000000,|||,|||,|||,|||,|||,|||,|||,|||,|||,|||
181.36.42.18,181.36.42.18,00000000000000000000000000000000000000000000000000000000000000,|||,|||,|||,|||,|||,|||,|||,|||,|||,|||
198.211.115.107,198.211.115.107,2ad2ad0002ad2ad00042d42d0000002059a3b916699461c5923779b77cf06b,c030|0303|h2|ff01-0000-0001-000b-0023-0010-0017,c030|0303|h2|ff01-0000-0001-000b-0023-0010-0017,|||,c030|0303|http/1.0|ff01-0000-0001-000b-0023-0010-0017,c030|0303|http/1.0|ff01-0000-0001-000b-0023-0010-0017,|||,1302|0303||002b-0033,1302|0303||002b-0033,|||,|||
181.64.255.106,181.64.255.106,00000000000000000000000000000000000000000000000000000000000000,|||,|||,|||,|||,|||,|||,|||,|||,|||,|||
181.59.56.102,181.59.56.102,00000000000000000000000000000000000000000000000000000000000000,|||,|||,|||,|||,|||,|||,|||,|||,|||,|||
181.215.246.238,181.215.246.238,00000000000000000000000000000000000000000000000000000000000000,|||,|||,|||,|||,|||,|||,|||,|||,|||,|||
181.47.197.205,181.47.197.205,00000000000000000000000000000000000000000000000000000000000000,|||,|||,|||,|||,|||,|||,|||,|||,|||,|||
196.179.227.47,196.179.227.47,07d0bd0fd21d21d07c07d0bd07d21dc74a10f0dd8921b3cc912d3ee25ffd0a,0033|0303||ff01-0023,003d|0303||ff01-0023,006b|0303||ff01-0023,c013|0303||ff01-000b-0023,c013|0303||ff01-000b-0023,0033|0302||ff01-0023,0033|0303||ff01-0023,003d|0303||ff01-0023,0033|0303||ff01-0023,c013|0303||ff01-000b-0023
182.138.239.42,182.138.239.42,00000000000000000000000000000000000000000000000000000000000000,|||,|||,|||,|||,|||,|||,|||,|||,|||,|||
182.127.130.148,182.127.130.148,00000000000000000000000000000000000000000000000000000000000000,|||,|||,|||,|||,|||,|||,|||,|||,|||,|||
181.80.71.204,181.80.71.204,00000000000000000000000000000000000000000000000000000000000000,|||,|||,|||,|||,|||,|||,|||,|||,|||,|||
182.150.2.83,182.150.2.83,00000000000000000000000000000000000000000000000000000000000000,|||,|||,|||,|||,|||,|||,|||,|||,|||,|||
182.143.19.182,182.143.19.182,00000000000000000000000000000000000000000000000000000000000000,|||,|||,|||,|||,|||,|||,|||,|||,|||,|||
182.120.204.187,182.120.204.187,00000000000000000000000000000000000000000000000000000000000000,|||,|||,|||,|||,|||,|||,|||,|||,|||,|||
181.48.13.45,181.48.13.45,00000000000000000000000000000000000000000000000000000000000000,|||,|||,|||,|||,|||,|||,|||,|||,|||,|||
182.121.84.54,182.121.84.54,00000000000000000000000000000000000000000000000000000000000000,|||,|||,|||,|||,|||,|||,|||,|||,|||,|||
182.165.58.100,182.165.58.100,00000000000000000000000000000000000000000000000000000000000000,|||,|||,|||,|||,|||,|||,|||,|||,|||,|||
182.176.91.80,182.176.91.80,00000000000000000000000000000000000000000000000000000000000000,|||,|||,|||,|||,|||,|||,|||,|||,|||,|||
182.151.11.24,182.151.11.24,00000000000000000000000000000000000000000000000000000000000000,|||,|||,|||,|||,|||,|||,|||,|||,|||,|||
182.106.199.25,182.106.199.25,00000000000000000000000000000000000000000000000000000000000000,|||,|||,|||,|||,|||,|||,|||,|||,|||,|||
200.150.137.138,200.150.137.138,00000000000000000000000000000000000000000000000000000000000000,|||,|||,|||,|||,|||,|||,|||,|||,|||,|||
182.213.165.147,182.213.165.147,00000000000000000000000000000000000000000000000000000000000000,|||,|||,|||,|||,|||,|||,|||,|||,|||,|||
182.148.112.74,182.148.112.74,00000000000000000000000000000000000000000000000000000000000000,|||,|||,|||,|||,|||,|||,|||,|||,|||,|||
200.10.69.226,200.10.69.226,00000000000000000000000000000000000000000000000000000000000000,|||,|||,|||,|||,|||,|||,|||,|||,|||,|||
182.106.222.15,182.106.222.15,00000000000000000000000000000000000000000000000000000000000000,|||,|||,|||,|||,|||,|||,|||,|||,|||,|||
182.184.122.8,182.184.122.8,00000000000000000000000000000000000000000000000000000000000000,|||,|||,|||,|||,|||,|||,|||,|||,|||,|||
182.155.112.58,182.155.112.58,00000000000000000000000000000000000000000000000000000000000000,|||,|||,|||,|||,|||,|||,|||,|||,|||,|||
182.239.72.24,182.239.72.24,00000000000000000000000000000000000000000000000000000000000000,|||,|||,|||,|||,|||,|||,|||,|||,|||,|||
198.211.116.121,198.211.116.121,2ad2ad0002ad2ad22c2ad2ad2ad2adce7a321e4956e8298ba917e9f2c22849,c030|0303|http/1.1|ff01-0001-000b-0023-0010-0017,c030|0303|http/1.1|ff01-0001-000b-0023-0010-0017,|||,c030|0303||ff01-0001-000b-0023-0017,c030|0303||ff01-0001-000b-0023-0017,c014|0302|http/1.1|ff01-0001-000b-0023-0010-0017,c030|0303|http/1.1|ff01-0001-000b-0023-0010-0017,c030|0303|http/1.1|ff01-0001-000b-0023-0010-0017,c030|0303|http/1.1|ff01-0001-000b-0023-0010-0017,c030|0303|http/1.1|ff01-0001-000b-0023-0010-0017
182.240.36.68,182.240.36.68,00000000000000000000000000000000000000000000000000000000000000,|||,|||,|||,|||,|||,|||,|||,|||,|||,|||
182.222.195.148,182.222.195.148,00000000000000000000000000000000000000000000000000000000000000,|||,|||,|||,|||,|||,|||,|||,|||,|||,|||
182.240.237.211,182.240.237.211,00000000000000000000000000000000000000000000000000000000000000,|||,|||,|||,|||,|||,|||,|||,|||,|||,|||
182.18.139.59,182.18.139.59,00000000000000000000000000000000000000000000000000000000000000,|||,|||,|||,|||,|||,|||,|||,|||,|||,|||
182.241.199.134,182.241.199.134,00000000000000000000000000000000000000000000000000000000000000,|||,|||,|||,|||,|||,|||,|||,|||,|||,|||
182.215.174.83,182.215.174.83,00000000000000000000000000000000000000000000000000000000000000,|||,|||,|||,|||,|||,|||,|||,|||,|||,|||
182.42.129.148,182.42.129.148,00000000000000000000000000000000000000000000000000000000000000,|||,|||,|||,|||,|||,|||,|||,|||,|||,|||
206.189.0.237,206.189.0.237,00000000000000000000000000000000000000000000000000000000000000,|||,|||,|||,|||,|||,|||,|||,|||,|||,|||
206.189.106.73,206.189.106.73,00000000000000000000000000000000000000000000000000000000000000,|||,|||,|||,|||,|||,|||,|||,|||,|||,|||
200.91.150.61,200.91.150.61,00000000000000000000000000000000000000000000000000000000000000,|||,|||,|||,|||,|||,|||,|||,|||,|||,|||
182.241.128.39,182.241.128.39,00000000000000000000000000000000000000000000000000000000000000,|||,|||,|||,|||,|||,|||,|||,|||,|||,|||
197.220.163.230,197.220.163.230,05d02d20d21d20d05c05d02d05d20d74fcf6501ae7a92319e575bfafd2a827,0016|0303||ff01-0023,0005|0303||ff01-0023,c012|0303||ff01-000b-0023,c013|0303||ff01-000b-0023,c012|0303||ff01-000b-0023,0016|0302||ff01-0023,0016|0303||ff01-0023,0005|0303||ff01-0023,0016|0303||ff01-0023,c012|0303||ff01-000b-0023
200.105.169.181,200.105.169.181,00000000000000000000000000000000000000000000000000000000000000,|||,|||,|||,|||,|||,|||,|||,|||,|||,|||
182.242.122.168,182.242.122.168,00000000000000000000000000000000000000000000000000000000000000,|||,|||,|||,|||,|||,|||,|||,|||,|||,|||
206.189.120.91,206.189.120.91,00000000000000000000000000000000000000000000000000000000000000,|||,|||,|||,|||,|||,|||,|||,|||,|||,|||
182.34.132.54,182.34.132.54,00000000000000000000000000000000000000000000000000000000000000,|||,|||,|||,|||,|||,|||,|||,|||,|||,|||
206.189.114.67,206.189.114.67,00000000000000000000000000000000000000000000000000000000000000,|||,|||,|||,|||,|||,|||,|||,|||,|||,|||
182.255.63.66,182.255.63.66,00000000000000000000000000000000000000000000000000000000000000,|||,|||,|||,|||,|||,|||,|||,|||,|||,|||
200.53.93.66,200.53.93.66,00000000000000000000000000000000000000000000000000000000000000,|||,|||,|||,|||,|||,|||,|||,|||,|||,|||
182.61.147.125,182.61.147.125,00000000000000000000000000000000000000000000000000000000000000,|||,|||,|||,|||,|||,|||,|||,|||,|||,|||
182.61.56.238,182.61.56.238,00000000000000000000000000000000000000000000000000000000000000,|||,|||,|||,|||,|||,|||,|||,|||,|||,|||
180.215.192.138,180.215.192.138,00000000000000000000000000000000000000000000000000000000000000,|||,|||,|||,|||,|||,|||,|||,|||,|||,|||
198.46.154.245,198.46.154.245,15d3fd16d29d29d00042d43d0000009ec686233a4398bea334ba5e62e34a01,009e|0303|http/1.1|ff01-0001-0023-0010-0017,cca8|0303|http/1.1|ff01-0001-000b-0023-0010-0017,009f|0303|http/1.1|ff01-0001-0023-0010-0017,c02f|0303|http/1.1|ff01-0001-000b-0023-0010-0017,c02f|0303|http/1.1|ff01-0001-000b-0023-0010-0017,|||,1302|0303||002b-0033,1303|0303||002b-0033,|||,|||
182.75.104.140,182.75.104.140,00000000000000000000000000000000000000000000000000000000000000,|||,|||,|||,|||,|||,|||,|||,|||,|||,|||
182.61.23.102,182.61.23.102,00000000000000000000000000000000000000000000000000000000000000,|||,|||,|||,|||,|||,|||,|||,|||,|||,|||
182.61.21.101,182.61.21.101,00000000000000000000000000000000000000000000000000000000000000,|||,|||,|||,|||,|||,|||,|||,|||,|||,|||
198.147.22.198,198.147.22.198,21d14d00021d21d21c21d14d21d21dcade67768786e23ca695466fb7f94658,c013|0303||ff01-000b-0023-0017,009d|0303||ff01-0023-0017,|||,c013|0303||ff01-000b-0023-0017,c013|0303||ff01-000b-0023-0017,c013|0302||ff01-000b-0023-0017,c013|0303||ff01-000b-0023-0017,009d|0303||ff01-0023-0017,c013|0303||ff01-000b-0023-0017,c013|0303||ff01-000b-0023-0017
182.91.126.133,182.91.126.133,00000000000000000000000000000000000000000000000000000000000000,|||,|||,|||,|||,|||,|||,|||,|||,|||,|||
182.61.44.92,182.61.44.92,00000000000000000000000000000000000000000000000000000000000000,|||,|||,|||,|||,|||,|||,|||,|||,|||,|||
206.189.26.201,206.189.26.201,00000000000000000000000000000000000000000000000000000000000000,|||,|||,|||,|||,|||,|||,|||,|||,|||,|||
182.92.106.5,182.92.106.5,00000000000000000000000000000000000000000000000000000000000000,|||,|||,|||,|||,|||,|||,|||,|||,|||,|||
182.75.252.42,182.75.252.42,00000000000000000000000000000000000000000000000000000000000000,|||,|||,|||,|||,|||,|||,|||,|||,|||,|||
206.189.23.56,206.189.23.56,00000000000000000000000000000000000000000000000000000000000000,|||,|||,|||,|||,|||,|||,|||,|||,|||,|||
182.77.69.73,182.77.69.73,00000000000000000000000000000000000000000000000000000000000000,|||,|||,|||,|||,|||,|||,|||,|||,|||,|||
182.92.100.76,182.92.100.76,00000000000000000000000000000000000000000000000000000000000000,|||,|||,|||,|||,|||,|||,|||,|||,|||,|||
182.85.109.116,182.85.109.116,00000000000000000000000000000000000000000000000000000000000000,|||,|||,|||,|||,|||,|||,|||,|||,|||,|||
182.75.51.240,182.75.51.240,00000000000000000000000000000000000000000000000000000000000000,|||,|||,|||,|||,|||,|||,|||,|||,|||,|||
207.154.209.191,207.154.209.191,00000000000000000000000000000000000000000000000000000000000000,|||,|||,|||,|||,|||,|||,|||,|||,|||,|||
206.189.25.255,206.189.25.255,00000000000000000000000000000000000000000000000000000000000000,|||,|||,|||,|||,|||,|||,|||,|||,|||,|||
182.92.177.72,182.92.177.72,00000000000000000000000000000000000000000000000000000000000000,|||,|||,|||,|||,|||,|||,|||,|||,|||,|||
207.154.228.110,207.154.228.110,00000000000000000000000000000000000000000000000000000000000000,|||,|||,|||,|||,|||,|||,|||,|||,|||,|||
201.144.235.49,201.144.235.49,00000000000000000000000000000000000000000000000000000000000000,|||,|||,|||,|||,|||,|||,|||,|||,|||,|||
182.92.217.214,182.92.217.214,00000000000000000000000000000000000000000000000000000000000000,|||,|||,|||,|||,|||,|||,|||,|||,|||,|||
200.105.202.43,200.105.202.43,00000000000000000000000000000000000000000000000000000000000000,|||,|||,|||,|||,|||,|||,|||,|||,|||,|||
200.27.221.18,200.27.221.18,00000000000000000000000000000000000000000000000000000000000000,|||,|||,|||,|||,|||,|||,|||,|||,|||,|||
200.165.25.68,200.165.25.68,00000000000000000000000000000000000000000000000000000000000000,|||,|||,|||,|||,|||,|||,|||,|||,|||,|||
207.180.199.91,207.180.199.91,00000000000000000000000000000000000000000000000000000000000000,|||,|||,|||,|||,|||,|||,|||,|||,|||,|||
182.93.95.196,182.93.95.196,00000000000000000000000000000000000000000000000000000000000000,|||,|||,|||,|||,|||,|||,|||,|||,|||,|||
182.92.231.118,182.92.231.118,00000000000000000000000000000000000000000000000000000000000000,|||,|||,|||,|||,|||,|||,|||,|||,|||,|||
182.92.155.64,182.92.155.64,00000000000000000000000000000000000000000000000000000000000000,|||,|||,|||,|||,|||,|||,|||,|||,|||,|||
200.146.211.29,200.146.211.29,00000000000000000000000000000000000000000000000000000000000000,|||,|||,|||,|||,|||,|||,|||,|||,|||,|||
182.92.87.217,182.92.87.217,00000000000000000000000000000000000000000000000000000000000000,|||,|||,|||,|||,|||,|||,|||,|||,|||,|||
202.139.198.178,202.139.198.178,00000000000000000000000000000000000000000000000000000000000000,|||,|||,|||,|||,|||,|||,|||,|||,|||,|||
183.102.52.191,183.102.52.191,00000000000000000000000000000000000000000000000000000000000000,|||,|||,|||,|||,|||,|||,|||,|||,|||,|||
201.158.24.238,201.158.24.238,00000000000000000000000000000000000000000000000000000000000000,|||,|||,|||,|||,|||,|||,|||,|||,|||,|||
200.204.160.26,200.204.160.26,00000000000000000000000000000000000000000000000000000000000000,|||,|||,|||,|||,|||,|||,|||,|||,|||,|||
183.132.11.113,183.132.11.113,00000000000000000000000000000000000000000000000000000000000000,|||,|||,|||,|||,|||,|||,|||,|||,|||,|||
200.49.108.85,200.49.108.85,00000000000000000000000000000000000000000000000000000000000000,|||,|||,|||,|||,|||,|||,|||,|||,|||,|||
201.206.146.33,201.206.146.33,00000000000000000000000000000000000000000000000000000000000000,|||,|||,|||,|||,|||,|||,|||,|||,|||,|||
200.73.129.50,200.73.129.50,00000000000000000000000000000000000000000000000000000000000000,|||,|||,|||,|||,|||,|||,|||,|||,|||,|||
200.73.130.83,200.73.130.83,00000000000000000000000000000000000000000000000000000000000000,|||,|||,|||,|||,|||,|||,|||,|||,|||,|||
201.165.83.6,201.165.83.6,00000000000000000000000000000000000000000000000000000000000000,|||,|||,|||,|||,|||,|||,|||,|||,|||,|||
183.145.207.232,183.145.207.232,00000000000000000000000000000000000000000000000000000000000000,|||,|||,|||,|||,|||,|||,|||,|||,|||,|||
200.73.138.230,200.73.138.230,00000000000000000000000000000000000000000000000000000000000000,|||,|||,|||,|||,|||,|||,|||,|||,|||,|||
202.139.199.93,202.139.199.93,00000000000000000000000000000000000000000000000000000000000000,|||,|||,|||,|||,|||,|||,|||,|||,|||,|||
201.199.91.4,201.199.91.4,00000000000000000000000000000000000000000000000000000000000000,|||,|||,|||,|||,|||,|||,|||,|||,|||,|||
202.163.101.11,202.163.101.11,00000000000000000000000000000000000000000000000000000000000000,|||,|||,|||,|||,|||,|||,|||,|||,|||,|||
200.73.137.67,200.73.137.67,00000000000000000000000000000000000000000000000000000000000000,|||,|||,|||,|||,|||,|||,|||,|||,|||,|||
199.10.64.86,199.10.64.86,21d14d00021d21d21c21d14d21d21dcade67768786e23ca695466fb7f94658,c013|0303||ff01-000b-0023-0017,009d|0303||ff01-0023-0017,|||,c013|0303||ff01-000b-0023-0017,c013|0303||ff01-000b-0023-0017,c013|0302||ff01-000b-0023-0017,c013|0303||ff01-000b-0023-0017,009d|0303||ff01-0023-0017,c013|0303||ff01-000b-0023-0017,c013|0303||ff01-000b-0023-0017
183.13.21.117,183.13.21.117,00000000000000000000000000000000000000000000000000000000000000,|||,|||,|||,|||,|||,|||,|||,|||,|||,|||
200.73.129.40,200.73.129.40,00000000000000000000000000000000000000000000000000000000000000,|||,|||,|||,|||,|||,|||,|||,|||,|||,|||
201.245.168.163,201.245.168.163,00000000000000000000000000000000000000000000000000000000000000,|||,|||,|||,|||,|||,|||,|||,|||,|||,|||
200.73.137.143,200.73.137.143,00000000000000000000000000000000000000000000000000000000000000,|||,|||,|||,|||,|||,|||,|||,|||,|||,|||
183.178.200.218,183.178.200.218,00000000000000000000000000000000000000000000000000000000000000,|||,|||,|||,|||,|||,|||,|||,|||,|||,|||
195.78.49.185,195.78.49.185,1dd40d40d00040d1dc42d43d0000008ef30d0165f90df21a64bafbc24d66f5,c009|0303|h2|ff01-0000-0001-000b-0023-0010-0017,cca9|0303|h2|ff01-0000-0001-000b-0023-0010-0017,cca9|0303|h2|ff01-0000-0001-000b-0023-0010-0017,|||,cca9|0303||ff01-0000-0001-000b-0023-0017,c009|0302|h2|ff01-0000-0001-000b-0023-0010-0017,1302|0303||002b-0033,1303|0303||002b-0033,|||,|||
202.63.218.19,202.63.218.19,00000000000000000000000000000000000000000000000000000000000000,|||,|||,|||,|||,|||,|||,|||,|||,|||,|||
183.162.251.135,183.162.251.135,00000000000000000000000000000000000000000000000000000000000000,|||,|||,|||,|||,|||,|||,|||,|||,|||,|||
183.167.230.13,183.167.230.13,00000000000000000000000000000000000000000000000000000000000000,|||,|||,|||,|||,|||,|||,|||,|||,|||,|||
183.203.162.235,183.203.162.235,00000000000000000000000000000000000000000000000000000000000000,|||,|||,|||,|||,|||,|||,|||,|||,|||,|||
183.178.255.164,183.178.255.164,00000000000000000000000000000000000000000000000000000000000000,|||,|||,|||,|||,|||,|||,|||,|||,|||,|||
202.139.198.181,202.139.198.181,00000000000000000000000000000000000000000000000000000000000000,|||,|||,|||,|||,|||,|||,|||,|||,|||,|||
183.162.224.199,183.162.224.199,00000000000000000000000000000000000000000000000000000000000000,|||,|||,|||,|||,|||,|||,|||,|||,|||,|||
183.142.230.64,183.142.230.64,00000000000000000000000000000000000000000000000000000000000000,|||,|||,|||,|||,|||,|||,|||,|||,|||,|||
183.144.194.230,183.144.194.230,00000000000000000000000000000000000000000000000000000000000000,|||,|||,|||,|||,|||,|||,|||,|||,|||,|||
183.179.24.15,183.179.24.15,00000000000000000000000000000000000000000000000000000000000000,|||,|||,|||,|||,|||,|||,|||,|||,|||,|||
183.146.65.184,183.146.65.184,00000000000000000000000000000000000000000000000000000000000000,|||,|||,|||,|||,|||,|||,|||,|||,|||,|||
183.17.231.199,183.17.231.199,00000000000000000000000000000000000000000000000000000000000000,|||,|||,|||,|||,|||,|||,|||,|||,|||,|||
183.150.188.224,183.150.188.224,00000000000000000000000000000000000000000000000000000000000000,|||,|||,|||,|||,|||,|||,|||,|||,|||,|||
183.215.194.14,183.215.194.14,00000000000000000000000000000000000000000000000000000000000000,|||,|||,|||,|||,|||,|||,|||,|||,|||,|||
183.215.86.137,183.215.86.137,00000000000000000000000000000000000000000000000000000000000000,|||,|||,|||,|||,|||,|||,|||,|||,|||,|||
183.195.241.226,183.195.241.226,00000000000000000000000000000000000000000000000000000000000000,|||,|||,|||,|||,|||,|||,|||,|||,|||,|||
183.177.127.203,183.177.127.203,00000000000000000000000000000000000000000000000000000000000000,|||,|||,|||,|||,|||,|||,|||,|||,|||,|||
183.158.23.19,183.158.23.19,00000000000000000000000000000000000000000000000000000000000000,|||,|||,|||,|||,|||,|||,|||,|||,|||,|||
183.203.143.53,183.203.143.53,00000000000000000000000000000000000000000000000000000000000000,|||,|||,|||,|||,|||,|||,|||,|||,|||,|||
206.81.26.142,206.81.26.142,2ad2ad0002ad2ad00042d42d000000301510f56407964db9434a9bb0d4ee4a,c030|0303|http/1.1|ff01-0000-0001-000b-0023-0010-0017,c030|0303|http/1.1|ff01-0000-0001-000b-0023-0010-0017,|||,c030|0303||ff01-0000-0001-000b-0023-0017,c030|0303||ff01-0000-0001-000b-0023-0017,|||,1302|0303||002b-0033,1302|0303||002b-0033,|||,|||
183.196.141.199,183.196.141.199,00000000000000000000000000000000000000000000000000000000000000,|||,|||,|||,|||,|||,|||,|||,|||,|||,|||
206.81.19.249,206.81.19.249,29d29d00029d29d00042d42d000000591965a32830c32b3ad57d4bfd247359,c02f|0303|http/1.1|ff01-0001-000b-0023-0010-0017,c02f|0303|http/1.1|ff01-0001-000b-0023-0010-0017,|||,c02f|0303||ff01-0001-000b-0023-0017,c02f|0303||ff01-0001-000b-0023-0017,|||,1302|0303||002b-0033,1302|0303||002b-0033,|||,|||
183.214.209.117,183.214.209.117,00000000000000000000000000000000000000000000000000000000000000,|||,|||,|||,|||,|||,|||,|||,|||,|||,|||
183.193.228.34,183.193.228.34,00000000000000000000000000000000000000000000000000000000000000,|||,|||,|||,|||,|||,|||,|||,|||,|||,|||
183.2.191.77,183.2.191.77,00000000000000000000000000000000000000000000000000000000000000,|||,|||,|||,|||,|||,|||,|||,|||,|||,|||
183.184.206.239,183.184.206.239,00000000000000000000000000000000000000000000000000000000000000,|||,|||,|||,|||,|||,|||,|||,|||,|||,|||
183.211.16.120,183.211.16.120,00000000000000000000000000000000000000000000000000000000000000,|||,|||,|||,|||,|||,|||,|||,|||,|||,|||
206.189.127.211,206.189.127.211,29d29d15d29d29d21c29d29d29d29dab54378c5e706b9cc1b450ada42f91e0,c02f|0303|h2|ff01-000b-0023-0010,c02f|0303|h2|ff01-000b-0023-0010,009e|0303|h2|ff01-0023-0010,c02f|0303||ff01-000b-0023,c02f|0303||ff01-000b-0023,c013|0302|h2|ff01-000b-0023-0010,c02f|0303|h2|ff01-000b-0023-0010,c02f|0303|h2|ff01-000b-0023-0010,c02f|0303|h2|ff01-000b-0023-0010,c02f|0303|h2|ff01-000b-0023-0010
202.137.138.88,202.137.138.88,00000000000000000000000000000000000000000000000000000000000000,|||,|||,|||,|||,|||,|||,|||,|||,|||,|||
183.220.100.212,183.220.100.212,00000000000000000000000000000000000000000000000000000000000000,|||,|||,|||,|||,|||,|||,|||,|||,|||,|||
183.220.235.5,183.220.235.5,00000000000000000000000000000000000000000000000000000000000000,|||,|||,|||,|||,|||,|||,|||,|||,|||,|||
183.220.144.185,183.220.144.185,00000000000000000000000000000000000000000000000000000000000000,|||,|||,|||,|||,|||,|||,|||,|||,|||,|||
183.230.113.50,183.230.113.50,00000000000000000000000000000000000000000000000000000000000000,|||,|||,|||,|||,|||,|||,|||,|||,|||,|||
183.224.152.18,183.224.152.18,00000000000000000000000000000000000000000000000000000000000000,|||,|||,|||,|||,|||,|||,|||,|||,|||,|||
183.220.17.201,183.220.17.201,00000000000000000000000000000000000000000000000000000000000000,|||,|||,|||,|||,|||,|||,|||,|||,|||,|||
183.224.229.86,183.224.229.86,00000000000000000000000000000000000000000000000000000000000000,|||,|||,|||,|||,|||,|||,|||,|||,|||,|||
183.230.110.187,183.230.110.187,00000000000000000000000000000000000000000000000000000000000000,|||,|||,|||,|||,|||,|||,|||,|||,|||,|||
183.223.216.190,183.223.216.190,00000000000000000000000000000000000000000000000000000000000000,|||,|||,|||,|||,|||,|||,|||,|||,|||,|||
183.224.81.67,183.224.81.67,00000000000000000000000000000000000000000000000000000000000000,|||,|||,|||,|||,|||,|||,|||,|||,|||,|||
183.230.149.125,183.230.149.125,00000000000000000000000000000000000000000000000000000000000000,|||,|||,|||,|||,|||,|||,|||,|||,|||,|||
183.131.247.18,183.131.247.18,00000000000000000000000000000000000000000000000000000000000000,|||,|||,|||,|||,|||,|||,|||,|||,|||,|||
183.230.114.13,183.230.114.13,00000000000000000000000000000000000000000000000000000000000000,|||,|||,|||,|||,|||,|||,|||,|||,|||,|||
183.234.161.107,183.234.161.107,00000000000000000000000000000000000000000000000000000000000000,|||,|||,|||,|||,|||,|||,|||,|||,|||,|||
183.230.8.116,183.230.8.116,00000000000000000000000000000000000000000000000000000000000000,|||,|||,|||,|||,|||,|||,|||,|||,|||,|||
183.230.193.47,183.230.193.47,00000000000000000000000000000000000000000000000000000000000000,|||,|||,|||,|||,|||,|||,|||,|||,|||,|||
183.234.234.18,183.234.234.18,00000000000000000000000000000000000000000000000000000000000000,|||,|||,|||,|||,|||,|||,|||,|||,|||,|||
183.234.95.53,183.234.95.53,00000000000000000000000000000000000000000000000000000000000000,|||,|||,|||,|||,|||,|||,|||,|||,|||,|||
183.230.113.53,183.230.113.53,00000000000000000000000000000000000000000000000000000000000000,|||,|||,|||,|||,|||,|||,|||,|||,|||,|||
183.236.121.5,183.236.121.5,00000000000000000000000000000000000000000000000000000000000000,|||,|||,|||,|||,|||,|||,|||,|||,|||,|||
183.236.121.2,183.236.121.2,00000000000000000000000000000000000000000000000000000000000000,|||,|||,|||,|||,|||,|||,|||,|||,|||,|||
183.230.170.153,183.230.170.153,00000000000000000000000000000000000000000000000000000000000000,|||,|||,|||,|||,|||,|||,|||,|||,|||,|||
183.234.235.115,183.234.235.115,00000000000000000000000000000000000000000000000000000000000000,|||,|||,|||,|||,|||,|||,|||,|||,|||,|||
207.154.225.171,207.154.225.171,16d16d16d2ad16d00016d16d16d16dcbfa3dc4cbab0b48c0129972c7b68de4,009f|0303|h2|ff01-0001-0023-0010-0017,009f|0303|h2|ff01-0001-0023-0010-0017,009f|0303|h2|ff01-0001-0023-0010-0017,c030|0303||ff01-0001-000b-0023-0017,009f|0303||ff01-0001-0023-0017,|||,009f|0303|h2|ff01-0001-0023-0010-0017,009f|0303|h2|ff01-0001-0023-0010-0017,009f|0303|h2|ff01-0001-0023-0010-0017,009f|0303|h2|ff01-0001-0023-0010-0017
183.236.121.3,183.236.121.3,00000000000000000000000000000000000000000000000000000000000000,|||,|||,|||,|||,|||,|||,|||,|||,|||,|||
183.234.45.106,183.234.45.106,00000000000000000000000000000000000000000000000000000000000000,|||,|||,|||,|||,|||,|||,|||,|||,|||,|||
209.97.140.189,209.97.140.189,00000000000000000000000000000000000000000000000000000000000000,|||,|||,|||,|||,|||,|||,|||,|||,|||,|||
183.236.167.144,183.236.167.144,00000000000000000000000000000000000000000000000000000000000000,|||,|||,|||,|||,|||,|||,|||,|||,|||,|||
183.236.156.70,183.236.156.70,00000000000000000000000000000000000000000000000000000000000000,|||,|||,|||,|||,|||,|||,|||,|||,|||,|||
183.236.166.62,183.236.166.62,00000000000000000000000000000000000000000000000000000000000000,|||,|||,|||,|||,|||,|||,|||,|||,|||,|||
209.97.141.112,209.97.141.112,00000000000000000000000000000000000000000000000000000000000000,|||,|||,|||,|||,|||,|||,|||,|||,|||,|||
201.18.130.29,201.18.130.29,00000000000000000000000000000000000000000000000000000000000000,|||,|||,|||,|||,|||,|||,|||,|||,|||,|||
207.180.220.179,207.180.220.179,00000000000000000000000000000000000000000000000000000000000000,|||,|||,|||,|||,|||,|||,|||,|||,|||,|||
206.189.26.237,206.189.26.237,3fd3fd15d3fd3fd21c42d42d0000006f254909a73bf62f6b28507e9fb451b5,cca8|0303|http/1.1|ff01-0001-000b-0023-0010-0017,cca8|0303|http/1.1|ff01-0001-000b-0023-0010-0017,009e|0303|http/1.1|ff01-0001-0023-0010-0017,cca8|0303|http/1.1|ff01-0001-000b-0023-0010-0017,cca8|0303|http/1.1|ff01-0001-000b-0023-0010-0017,c013|0302|http/1.1|ff01-0001-000b-0023-0010-0017,1302|0303||002b-0033,1302|0303||002b-0033,|||,|||
183.236.163.187,183.236.163.187,00000000000000000000000000000000000000000000000000000000000000,|||,|||,|||,|||,|||,|||,|||,|||,|||,|||
183.236.161.51,183.236.161.51,00000000000000000000000000000000000000000000000000000000000000,|||,|||,|||,|||,|||,|||,|||,|||,|||,|||
183.236.166.25,183.236.166.25,00000000000000000000000000000000000000000000000000000000000000,|||,|||,|||,|||,|||,|||,|||,|||,|||,|||
206.189.6.57,206.189.6.57,29d29d15d29d29d00041d41d0000004b86cf883937e6feb1dd39cad97eaf62,c02f|0303||ff01-0000-0001-000b-0017,c02f|0303||ff01-0000-0001-000b-0017,009e|0303||ff01-0000-0001-0017,c02f|0303||ff01-0000-0001-000b-0017,c02f|0303||ff01-0000-0001-000b-0017,|||,1301|0303||002b-0033,1301|0303||002b-0033,|||,|||
183.236.167.38,183.236.167.38,00000000000000000000000000000000000000000000000000000000000000,|||,|||,|||,|||,|||,|||,|||,|||,|||,|||
183.236.121.6,183.236.121.6,00000000000000000000000000000000000000000000000000000000000000,|||,|||,|||,|||,|||,|||,|||,|||,|||,|||
183.236.168.146,183.236.168.146,00000000000000000000000000000000000000000000000000000000000000,|||,|||,|||,|||,|||,|||,|||,|||,|||,|||
183.236.168.6,183.236.168.6,00000000000000000000000000000000000000000000000000000000000000,|||,|||,|||,|||,|||,|||,|||,|||,|||,|||
202.169.53.11,202.169.53.11,00000000000000000000000000000000000000000000000000000000000000,|||,|||,|||,|||,|||,|||,|||,|||,|||,|||
183.236.121.7,183.236.121.7,00000000000000000000000000000000000000000000000000000000000000,|||,|||,|||,|||,|||,|||,|||,|||,|||,|||
183.236.168.166,183.236.168.166,00000000000000000000000000000000000000000000000000000000000000,|||,|||,|||,|||,|||,|||,|||,|||,|||,|||
183.236.167.70,183.236.167.70,00000000000000000000000000000000000000000000000000000000000000,|||,|||,|||,|||,|||,|||,|||,|||,|||,|||
183.136.225.9,183.136.225.9,00000000000000000000000000000000000000000000000000000000000000,|||,|||,|||,|||,|||,|||,|||,|||,|||,|||
183.240.209.145,183.240.209.145,00000000000000000000000000000000000000000000000000000000000000,|||,|||,|||,|||,|||,|||,|||,|||,|||,|||
183.236.168.170,183.236.168.170,00000000000000000000000000000000000000000000000000000000000000,|||,|||,|||,|||,|||,|||,|||,|||,|||,|||
183.237.238.147,183.237.238.147,00000000000000000000000000000000000000000000000000000000000000,|||,|||,|||,|||,|||,|||,|||,|||,|||,|||
183.245.36.108,183.245.36.108,00000000000000000000000000000000000000000000000000000000000000,|||,|||,|||,|||,|||,|||,|||,|||,|||,|||
207.180.221.177,207.180.221.177,05d10d20d21d20d05c05d10d05d20d74fcf6501ae7a92319e575bfafd2a827,0016|0303||ff01-0023,0084|0303||ff01-0023,c012|0303||ff01-000b-0023,c013|0303||ff01-000b-0023,c012|0303||ff01-000b-0023,0016|0302||ff01-0023,0016|0303||ff01-0023,0084|0303||ff01-0023,0016|0303||ff01-0023,c012|0303||ff01-000b-0023
183.237.25.6,183.237.25.6,00000000000000000000000000000000000000000000000000000000000000,|||,|||,|||,|||,|||,|||,|||,|||,|||,|||
183.236.168.70,183.236.168.70,00000000000000000000000000000000000000000000000000000000000000,|||,|||,|||,|||,|||,|||,|||,|||,|||,|||
183.247.160.131,183.247.160.131,00000000000000000000000000000000000000000000000000000000000000,|||,|||,|||,|||,|||,|||,|||,|||,|||,|||
202.43.162.206,202.43.162.206,00000000000000000000000000000000000000000000000000000000000000,|||,|||,|||,|||,|||,|||,|||,|||,|||,|||
183.239.43.211,183.239.43.211,00000000000000000000000000000000000000000000000000000000000000,|||,|||,|||,|||,|||,|||,|||,|||,|||,|||
183.238.161.66,183.238.161.66,00000000000000000000000000000000000000000000000000000000000000,|||,|||,|||,|||,|||,|||,|||,|||,|||,|||
183.245.151.46,183.245.151.46,00000000000000000000000000000000000000000000000000000000000000,|||,|||,|||,|||,|||,|||,|||,|||,|||,|||
183.236.255.2,183.236.255.2,00000000000000000000000000000000000000000000000000000000000000,|||,|||,|||,|||,|||,|||,|||,|||,|||,|||
183.239.50.218,183.239.50.218,00000000000000000000000000000000000000000000000000000000000000,|||,|||,|||,|||,|||,|||,|||,|||,|||,|||
183.242.15.26,183.242.15.26,00000000000000000000000000000000000000000000000000000000000000,|||,|||,|||,|||,|||,|||,|||,|||,|||,|||
183.250.128.105,183.250.128.105,00000000000000000000000000000000000000000000000000000000000000,|||,|||,|||,|||,|||,|||,|||,|||,|||,|||
183.238.214.38,183.238.214.38,00000000000000000000000000000000000000000000000000000000000000,|||,|||,|||,|||,|||,|||,|||,|||,|||,|||
200.32.255.66,200.32.255.66,07d14d16d21d21d07c07d14d07d21dd7fc4c7c6ef19b77a4ca0787979cdc13,0033|0303||ff01,009d|0303||ff01,009f|0303||ff01,c013|0303||ff01,c013|0303||ff01,0033|0302||ff01,0033|0303||ff01,009d|0303||ff01,0033|0303||ff01,c013|0303||ff01
202.58.205.138,202.58.205.138,00000000000000000000000000000000000000000000000000000000000000,|||,|||,|||,|||,|||,|||,|||,|||,|||,|||
183.246.184.146,183.246.184.146,00000000000000000000000000000000000000000000000000000000000000,|||,|||,|||,|||,|||,|||,|||,|||,|||,|||
183.237.81.181,183.237.81.181,00000000000000000000000000000000000000000000000000000000000000,|||,|||,|||,|||,|||,|||,|||,|||,|||,|||
183.136.226.3,183.136.226.3,00000000000000000000000000000000000000000000000000000000000000,|||,|||,|||,|||,|||,|||,|||,|||,|||,|||
183.251.43.115,183.251.43.115,00000000000000000000000000000000000000000000000000000000000000,|||,|||,|||,|||,|||,|||,|||,|||,|||,|||
183.245.15.19,183.245.15.19,00000000000000000000000000000000000000000000000000000000000000,|||,|||,|||,|||,|||,|||,|||,|||,|||,|||
183.239.219.195,183.239.219.195,00000000000000000000000000000000000000000000000000000000000000,|||,|||,|||,|||,|||,|||,|||,|||,|||,|||
183.251.232.126,183.251.232.126,00000000000000000000000000000000000000000000000000000000000000,|||,|||,|||,|||,|||,|||,|||,|||,|||,|||
183.249.127.202,183.249.127.202,00000000000000000000000000000000000000000000000000000000000000,|||,|||,|||,|||,|||,|||,|||,|||,|||,|||
183.252.51.135,183.252.51.135,00000000000000000000000000000000000000000000000000000000000000,|||,|||,|||,|||,|||,|||,|||,|||,|||,|||
183.52.222.63,183.52.222.63,00000000000000000000000000000000000000000000000000000000000000,|||,|||,|||,|||,|||,|||,|||,|||,|||,|||
183.251.43.149,183.251.43.149,00000000000000000000000000000000000000000000000000000000000000,|||,|||,|||,|||,|||,|||,|||,|||,|||,|||
201.51.3.212,201.51.3.212,00000000000000000000000000000000000000000000000000000000000000,|||,|||,|||,|||,|||,|||,|||,|||,|||,|||
183.52.224.180,183.52.224.180,00000000000000000000000000000000000000000000000000000000000000,|||,|||,|||,|||,|||,|||,|||,|||,|||,|||
183.56.204.44,183.56.204.44,00000000000000000000000000000000000000000000000000000000000000,|||,|||,|||,|||,|||,|||,|||,|||,|||,|||
183.47.2.3,183.47.2.3,00000000000000000000000000000000000000000000000000000000000000,|||,|||,|||,|||,|||,|||,|||,|||,|||,|||
202.86.174.155,202.86.174.155,00000000000000000000000000000000000000000000000000000000000000,|||,|||,|||,|||,|||,|||,|||,|||,|||,|||
201.25.139.40,201.25.139.40,00000000000000000000000000000000000000000000000000000000000000,|||,|||,|||,|||,|||,|||,|||,|||,|||,|||
183.30.201.128,183.30.201.128,00000000000000000000000000000000000000000000000000000000000000,|||,|||,|||,|||,|||,|||,|||,|||,|||,|||
183.52.221.112,183.52.221.112,00000000000000000000000000000000000000000000000000000000000000,|||,|||,|||,|||,|||,|||,|||,|||,|||,|||
183.63.117.10,183.63.117.10,00000000000000000000000000000000000000000000000000000000000000,|||,|||,|||,|||,|||,|||,|||,|||,|||,|||
202.5.36.108,202.5.36.108,00000000000000000000000000000000000000000000000000000000000000,|||,|||,|||,|||,|||,|||,|||,|||,|||,|||
183.52.226.255,183.52.226.255,00000000000000000000000000000000000000000000000000000000000000,|||,|||,|||,|||,|||,|||,|||,|||,|||,|||
183.67.87.113,183.67.87.113,00000000000000000000000000000000000000000000000000000000000000,|||,|||,|||,|||,|||,|||,|||,|||,|||,|||
201.221.203.40,201.221.203.40,00000000000000000000000000000000000000000000000000000000000000,|||,|||,|||,|||,|||,|||,|||,|||,|||,|||
183.64.239.14,183.64.239.14,00000000000000000000000000000000000000000000000000000000000000,|||,|||,|||,|||,|||,|||,|||,|||,|||,|||
183.57.18.250,183.57.18.250,00000000000000000000000000000000000000000000000000000000000000,|||,|||,|||,|||,|||,|||,|||,|||,|||,|||
183.6.116.4,183.6.116.4,00000000000000000000000000000000000000000000000000000000000000,|||,|||,|||,|||,|||,|||,|||,|||,|||,|||
207.182.155.137,207.182.155.137,00000000000000000000000000000000000000000000000000000000000000,|||,|||,|||,|||,|||,|||,|||,|||,|||,|||
183.63.216.237,183.63.216.237,00000000000000000000000000000000000000000000000000000000000000,|||,|||,|||,|||,|||,|||,|||,|||,|||,|||
205.185.117.157,205.185.117.157,00000000000000000000000000000000000000000000000000000000000000,|||,|||,|||,|||,|||,|||,|||,|||,|||,|||
199.231.117.250,199.231.117.250,08d08d00008d08d08c08d08d08d08d9674c6b4e623ae36cc2d998e99e2262e,0035|0303||ff01-0023,0035|0303||ff01-0023,|||,0035|0303||ff01-0023,0035|0303||ff01-0023,0035|0302||ff01-0023,0035|0303||ff01-0023,0035|0303||ff01-0023,0035|0303||ff01-0023,0035|0303||ff01-0023
183.66.23.14,183.66.23.14,00000000000000000000000000000000000000000000000000000000000000,|||,|||,|||,|||,|||,|||,|||,|||,|||,|||
183.47.45.115,183.47.45.115,00000000000000000000000000000000000000000000000000000000000000,|||,|||,|||,|||,|||,|||,|||,|||,|||,|||
199.83.220.184,199.83.220.184,08d08d00008d08d08c08d08d08d08d9674c6b4e623ae36cc2d998e99e2262e,0035|0303||ff01-0023,0035|0303||ff01-0023,|||,0035|0303||ff01-0023,0035|0303||ff01-0023,0035|0302||ff01-0023,0035|0303||ff01-0023,0035|0303||ff01-0023,0035|0303||ff01-0023,0035|0303||ff01-0023
183.64.175.147,183.64.175.147,00000000000000000000000000000000000000000000000000000000000000,|||,|||,|||,|||,|||,|||,|||,|||,|||,|||
205.185.123.130,205.185.123.130,00000000000000000000000000000000000000000000000000000000000000,|||,|||,|||,|||,|||,|||,|||,|||,|||,|||
183.82.123.14,183.82.123.14,00000000000000000000000000000000000000000000000000000000000000,|||,|||,|||,|||,|||,|||,|||,|||,|||,|||
183.6.100.67,183.6.100.67,00000000000000000000000000000000000000000000000000000000000000,|||,|||,|||,|||,|||,|||,|||,|||,|||,|||
206.119.184.130,206.119.184.130,00000000000000000000000000000000000000000000000000000000000000,|||,|||,|||,|||,|||,|||,|||,|||,|||,|||
183.67.85.9,183.67.85.9,00000000000000000000000000000000000000000000000000000000000000,|||,|||,|||,|||,|||,|||,|||,|||,|||,|||
201.186.240.210,201.186.240.210,00000000000000000000000000000000000000000000000000000000000000,|||,|||,|||,|||,|||,|||,|||,|||,|||,|||
183.81.1.102,183.81.1.102,00000000000000000000000000000000000000000000000000000000000000,|||,|||,|||,|||,|||,|||,|||,|||,|||,|||
207.244.236.144,207.244.236.144,00000000000000000000000000000000000000000000000000000000000000,|||,|||,|||,|||,|||,|||,|||,|||,|||,|||
183.88.252.5,183.88.252.5,00000000000000000000000000000000000000000000000000000000000000,|||,|||,|||,|||,|||,|||,|||,|||,|||,|||
183.83.190.186,183.83.190.186,00000000000000000000000000000000000000000000000000000000000000,|||,|||,|||,|||,|||,|||,|||,|||,|||,|||
209.97.138.128,209.97.138.128,2ad2ad0002ad2ad22c42d42d0000008a5941c13f67e0c0a2c8a36bfeef6920,c030|0303|http/1.1|ff01-0000-0001-000b-0023-0010-0017,c030|0303|http/1.1|ff01-0000-0001-000b-0023-0010-0017,|||,c030|0303||ff01-0000-0001-000b-0023-0017,c030|0303||ff01-0000-0001-000b-0023-0017,c014|0302|http/1.1|ff01-0000-0001-000b-0023-0010-0017,1302|0303||002b-0033,1302|0303||002b-0033,|||,|||
183.67.39.10,183.67.39.10,00000000000000000000000000000000000000000000000000000000000000,|||,|||,|||,|||,|||,|||,|||,|||,|||,|||
203.189.150.125,203.189.150.125,00000000000000000000000000000000000000000000000000000000000000,|||,|||,|||,|||,|||,|||,|||,|||,|||,|||
201.158.60.133,201.158.60.133,00000000000000000000000000000000000000000000000000000000000000,|||,|||,|||,|||,|||,|||,|||,|||,|||,|||
202.55.133.105,202.55.133.105,00000000000000000000000000000000000000000000000000000000000000,|||,|||,|||,|||,|||,|||,|||,|||,|||,|||
197.248.29.234,197.248.29.234,2ad2ad16d2ad2ad09c2ad2ad2ad2ad71dbc091d32d86fce1e9de57eec374d8,c030|0303||0000-ff01-000b,c030|0303||0000-ff01-000b,009f|0303||0000-ff01,c030|0303||0000-ff01-000b,c030|0303||0000-ff01-000b,0039|0302||0000-ff01,c030|0303||0000-ff01-000b,c030|0303||0000-ff01-000b,c030|0303||0000-ff01-000b,c030|0303||0000-ff01-000b
183.91.6.225,183.91.6.225,00000000000000000000000000000000000000000000000000000000000000,|||,|||,|||,|||,|||,|||,|||,|||,|||,|||
209.97.155.230,209.97.155.230,00000000000000000000000000000000000000000000000000000000000000,|||,|||,|||,|||,|||,|||,|||,|||,|||,|||
209.141.186.146,209.141.186.146,00000000000000000000000000000000000000000000000000000000000000,|||,|||,|||,|||,|||,|||,|||,|||,|||,|||
201.235.130.106,201.235.130.106,00000000000000000000000000000000000000000000000000000000000000,|||,|||,|||,|||,|||,|||,|||,|||,|||,|||
207.144.22.78,207.144.22.78,00000000000000000000000000000000000000000000000000000000000000,|||,|||,|||,|||,|||,|||,|||,|||,|||,|||
203.80.128.110,203.80.128.110,00000000000000000000000000000000000000000000000000000000000000,|||,|||,|||,|||,|||,|||,|||,|||,|||,|||
196.206.228.246,196.206.228.246,26d26d16d26d26d22c26d26d26d26dd7fc4c7c6ef19b77a4ca0787979cdc13,c028|0303||ff01,c028|0303||ff01,009f|0303||ff01,c028|0303||ff01,c028|0303||ff01,c014|0302||ff01,c028|0303||ff01,c028|0303||ff01,c028|0303||ff01,c028|0303||ff01
208.163.34.67,208.163.34.67,00000000000000000000000000000000000000000000000000000000000000,|||,|||,|||,|||,|||,|||,|||,|||,|||,|||
199.203.204.116,199.203.204.116,29d29d00029d29d22c29d29d29d29db1fed874fb1fbef1feb080db600660a9,c02f|0303||000b,c02f|0303||000b,|||,c02f|0303||000b,c02f|0303||000b,c014|0302||000b,c02f|0303||000b,c02f|0303||000b,c02f|0303||000b,c02f|0303||000b
197.156.232.102,197.156.232.102,15d3fd16d21d21d00042d43d000000fe02290512647416dcf0a400ccbc0b6b,009e|0303|http/1.1|ff01-0000-0001-0010-0017,cca8|0303|http/1.1|ff01-0000-0001-000b-0010-0017,009f|0303|http/1.1|ff01-0000-0001-0010-0017,c013|0303||ff01-0000-0001-000b-0017,c013|0303||ff01-0000-0001-000b-0017,|||,1302|0303||002b-0033,1303|0303||002b-0033,|||,|||
209.200.15.177,209.200.15.177,00000000000000000000000000000000000000000000000000000000000000,|||,|||,|||,|||,|||,|||,|||,|||,|||,|||
203.76.150.130,203.76.150.130,00000000000000000000000000000000000000000000000000000000000000,|||,|||,|||,|||,|||,|||,|||,|||,|||,|||
209.97.145.0,209.97.145.0,00000000000000000000000000000000000000000000000000000000000000,|||,|||,|||,|||,|||,|||,|||,|||,|||,|||
184.153.52.60,184.153.52.60,00000000000000000000000000000000000000000000000000000000000000,|||,|||,|||,|||,|||,|||,|||,|||,|||,|||
209.97.145.22,209.97.145.22,00000000000000000000000000000000000000000000000000000000000000,|||,|||,|||,|||,|||,|||,|||,|||,|||,|||
209.94.191.182,209.94.191.182,00000000000000000000000000000000000000000000000000000000000000,|||,|||,|||,|||,|||,|||,|||,|||,|||,|||
202.191.132.211,202.191.132.211,00000000000000000000000000000000000000000000000000000000000000,|||,|||,|||,|||,|||,|||,|||,|||,|||,|||
184.185.101.13,184.185.101.13,00000000000000000000000000000000000000000000000000000000000000,|||,|||,|||,|||,|||,|||,|||,|||,|||,|||
184.152.235.26,184.152.235.26,00000000000000000000000000000000000000000000000000000000000000,|||,|||,|||,|||,|||,|||,|||,|||,|||,|||
184.147.43.182,184.147.43.182,00000000000000000000000000000000000000000000000000000000000000,|||,|||,|||,|||,|||,|||,|||,|||,|||,|||
201.140.108.165,201.140.108.165,26d26d16d26d26d22c26d26d26d26dd7fc4c7c6ef19b77a4ca0787979cdc13,c028|0303||ff01,c028|0303||ff01,009f|0303||ff01,c028|0303||ff01,c028|0303||ff01,c014|0302||ff01,c028|0303||ff01,c028|0303||ff01,c028|0303||ff01,c028|0303||ff01
185.10.68.40,185.10.68.40,00000000000000000000000000000000000000000000000000000000000000,|||,|||,|||,|||,|||,|||,|||,|||,|||,|||
208.179.58.19,208.179.58.19,00000000000000000000000000000000000000000000000000000000000000,|||,|||,|||,|||,|||,|||,|||,|||,|||,|||
185.151.147.45,185.151.147.45,00000000000000000000000000000000000000000000000000000000000000,|||,|||,|||,|||,|||,|||,|||,|||,|||,|||
184.94.160.131,184.94.160.131,00000000000000000000000000000000000000000000000000000000000000,|||,|||,|||,|||,|||,|||,|||,|||,|||,|||
185.121.165.254,185.121.165.254,00000000000000000000000000000000000000000000000000000000000000,|||,|||,|||,|||,|||,|||,|||,|||,|||,|||
201.140.101.205,201.140.101.205,04b02b00004b04b04b04b02b04b04be3b0c44298fc1c149afbf4c8996fb924,000a|0301||,0005|0301||,|||,000a|0301||,000a|0301||,000a|0301||,000a|0301||,0005|0301||,000a|0301||,000a|0301||
209.141.51.43,209.141.51.43,00000000000000000000000000000000000000000000000000000000000000,|||,|||,|||,|||,|||,|||,|||,|||,|||,|||
202.61.87.57,202.61.87.57,00000000000000000000000000000000000000000000000000000000000000,|||,|||,|||,|||,|||,|||,|||,|||,|||,|||
198.8.91.24,198.8.91.24,2ad2ad16d2ad2ad22c2ad2ad2ad2adc80334825071f8ff93376ac14c5a331f,c030|0303||ff01-000b-0023,c030|0303||ff01-000b-0023,009f|0303||ff01-0023,c030|0303||ff01-000b-0023,c030|0303||ff01-000b-0023,c014|0302||ff01-000b-0023,c030|0303||ff01-000b-0023,c030|0303||ff01-000b-0023,c030|0303||ff01-000b-0023,c030|0303||ff01-000b-0023
185.128.41.50,185.128.41.50,00000000000000000000000000000000000000000000000000000000000000,|||,|||,|||,|||,|||,|||,|||,|||,|||,|||
185.125.230.221,185.125.230.221,00000000000000000000000000000000000000000000000000000000000000,|||,|||,|||,|||,|||,|||,|||,|||,|||,|||
209.141.51.29,209.141.51.29,00000000000000000000000000000000000000000000000000000000000000,|||,|||,|||,|||,|||,|||,|||,|||,|||,|||
209.141.47.54,209.141.47.54,00000000000000000000000000000000000000000000000000000000000000,|||,|||,|||,|||,|||,|||,|||,|||,|||,|||
185.156.72.15,185.156.72.15,00000000000000000000000000000000000000000000000000000000000000,|||,|||,|||,|||,|||,|||,|||,|||,|||,|||
185.112.83.71,185.112.83.71,00000000000000000000000000000000000000000000000000000000000000,|||,|||,|||,|||,|||,|||,|||,|||,|||,|||
203.135.240.140,203.135.240.140,00000000000000000000000000000000000000000000000000000000000000,|||,|||,|||,|||,|||,|||,|||,|||,|||,|||
212.18.115.241,212.18.115.241,00000000000000000000000000000000000000000000000000000000000000,|||,|||,|||,|||,|||,|||,|||,|||,|||,|||
209.141.61.16,209.141.61.16,00000000000000000000000000000000000000000000000000000000000000,|||,|||,|||,|||,|||,|||,|||,|||,|||,|||
185.136.85.250,185.136.85.250,00000000000000000000000000000000000000000000000000000000000000,|||,|||,|||,|||,|||,|||,|||,|||,|||,|||
185.142.239.16,185.142.239.16,00000000000000000000000000000000000000000000000000000000000000,|||,|||,|||,|||,|||,|||,|||,|||,|||,|||
209.141.49.118,209.141.49.118,00000000000000000000000000000000000000000000000000000000000000,|||,|||,|||,|||,|||,|||,|||,|||,|||,|||
184.161.153.157,184.161.153.157,00000000000000000000000000000000000000000000000000000000000000,|||,|||,|||,|||,|||,|||,|||,|||,|||,|||
203.198.130.165,203.198.130.165,00000000000000000000000000000000000000000000000000000000000000,|||,|||,|||,|||,|||,|||,|||,|||,|||,|||
209.150.146.112,209.150.146.112,00000000000000000000000000000000000000000000000000000000000000,|||,|||,|||,|||,|||,|||,|||,|||,|||,|||
185.156.73.109,185.156.73.109,00000000000000000000000000000000000000000000000000000000000000,|||,|||,|||,|||,|||,|||,|||,|||,|||,|||
212.95.175.140,212.95.175.140,00000000000000000000000000000000000000000000000000000000000000,|||,|||,|||,|||,|||,|||,|||,|||,|||,|||
212.192.246.79,212.192.246.79,00000000000000000000000000000000000000000000000000000000000000,|||,|||,|||,|||,|||,|||,|||,|||,|||,|||
209.141.58.240,209.141.58.240,00000000000000000000000000000000000000000000000000000000000000,|||,|||,|||,|||,|||,|||,|||,|||,|||,|||
212.192.246.37,212.192.246.37,00000000000000000000000000000000000000000000000000000000000000,|||,|||,|||,|||,|||,|||,|||,|||,|||,|||
209.141.56.97,209.141.56.97,00000000000000000000000000000000000000000000000000000000000000,|||,|||,|||,|||,|||,|||,|||,|||,|||,|||
212.192.241.211,212.192.241.211,00000000000000000000000000000000000000000000000000000000000000,|||,|||,|||,|||,|||,|||,|||,|||,|||,|||
201.236.109.126,201.236.109.126,00000000000000000000000000000000000000000000000000000000000000,|||,|||,|||,|||,|||,|||,|||,|||,|||,|||
212.23.138.75,212.23.138.75,00000000000000000000000000000000000000000000000000000000000000,|||,|||,|||,|||,|||,|||,|||,|||,|||,|||
202.70.66.227,202.70.66.227,00000000000000000000000000000000000000000000000000000000000000,|||,|||,|||,|||,|||,|||,|||,|||,|||,|||
195.24.207.224,195.24.207.224,00000000000000000000000000000000000000000000000000000000000000,|||,|||,|||,|||,|||,|||,|||,|||,|||,|||
184.170.232.52,184.170.232.52,00000000000000000000000000000000000000000000000000000000000000,|||,|||,|||,|||,|||,|||,|||,|||,|||,|||
212.111.40.208,212.111.40.208,00000000000000000000000000000000000000000000000000000000000000,|||,|||,|||,|||,|||,|||,|||,|||,|||,|||
185.159.101.214,185.159.101.214,00000000000000000000000000000000000000000000000000000000000000,|||,|||,|||,|||,|||,|||,|||,|||,|||,|||
185.156.73.91,185.156.73.91,00000000000000000000000000000000000000000000000000000000000000,|||,|||,|||,|||,|||,|||,|||,|||,|||,|||
183.136.226.4,183.136.226.4,00000000000000000000000000000000000000000000000000000000000000,|||,|||,|||,|||,|||,|||,|||,|||,|||,|||
212.68.34.167,212.68.34.167,00000000000000000000000000000000000000000000000000000000000000,|||,|||,|||,|||,|||,|||,|||,|||,|||,|||
212.114.21.137,212.114.21.137,00000000000000000000000000000000000000000000000000000000000000,|||,|||,|||,|||,|||,|||,|||,|||,|||,|||
212.109.199.60,212.109.199.60,00000000000000000000000000000000000000000000000000000000000000,|||,|||,|||,|||,|||,|||,|||,|||,|||,|||
200.3.204.184,200.3.204.184,2ad2ad16d2ad2ad0002ad2ad2ad2adf61ff80be599affbc2aaaf4e292b2300,c030|0303|http/1.1|ff01-000b-0023-0010,c030|0303|http/1.1|ff01-000b-0023-0010,009f|0303|http/1.1|ff01-0023-0010,c030|0303|http/1.1|ff01-000b-0023-0010,c030|0303|http/1.1|ff01-000b-0023-0010,|||,c030|0303|http/1.1|ff01-000b-0023-0010,c030|0303|http/1.1|ff01-000b-0023-0010,c030|0303|http/1.1|ff01-000b-0023-0010,c030|0303|http/1.1|ff01-000b-0023-0010
203.76.109.114,203.76.109.114,00000000000000000000000000000000000000000000000000000000000000,|||,|||,|||,|||,|||,|||,|||,|||,|||,|||
185.156.72.218,185.156.72.218,00000000000000000000000000000000000000000000000000000000000000,|||,|||,|||,|||,|||,|||,|||,|||,|||,|||
185.166.240.211,185.166.240.211,00000000000000000000000000000000000000000000000000000000000000,|||,|||,|||,|||,|||,|||,|||,|||,|||,|||
213.136.85.5,213.136.85.5,00000000000000000000000000000000000000000000000000000000000000,|||,|||,|||,|||,|||,|||,|||,|||,|||,|||
185.156.73.57,185.156.73.57,00000000000000000000000000000000000000000000000000000000000000,|||,|||,|||,|||,|||,|||,|||,|||,|||,|||
185.156.72.221,185.156.72.221,00000000000000000000000000000000000000000000000000000000000000,|||,|||,|||,|||,|||,|||,|||,|||,|||,|||
210.2.172.202,210.2.172.202,00000000000000000000000000000000000000000000000000000000000000,|||,|||,|||,|||,|||,|||,|||,|||,|||,|||
185.159.82.164,185.159.82.164,00000000000000000000000000000000000000000000000000000000000000,|||,|||,|||,|||,|||,|||,|||,|||,|||,|||
200.195.34.250,200.195.34.250,2ad2ad0002ad2ad22c42d42d0000008a5941c13f67e0c0a2c8a36bfeef6920,c030|0303|http/1.1|ff01-0000-0001-000b-0023-0010-0017,c030|0303|http/1.1|ff01-0000-0001-000b-0023-0010-0017,|||,c030|0303||ff01-0000-0001-000b-0023-0017,c030|0303||ff01-0000-0001-000b-0023-0017,c014|0302|http/1.1|ff01-0000-0001-000b-0023-0010-0017,1302|0303||002b-0033,1302|0303||002b-0033,|||,|||
185.156.72.216,185.156.72.216,00000000000000000000000000000000000000000000000000000000000000,|||,|||,|||,|||,|||,|||,|||,|||,|||,|||
206.189.141.178,206.189.141.178,00000000000000000000000000000000000000000000000000000000000000,|||,|||,|||,|||,|||,|||,|||,|||,|||,|||
206.189.137.166,206.189.137.166,00000000000000000000000000000000000000000000000000000000000000,|||,|||,|||,|||,|||,|||,|||,|||,|||,|||
206.189.140.23,206.189.140.23,00000000000000000000000000000000000000000000000000000000000000,|||,|||,|||,|||,|||,|||,|||,|||,|||,|||
184.83.152.41,184.83.152.41,00000000000000000000000000000000000000000000000000000000000000,|||,|||,|||,|||,|||,|||,|||,|||,|||,|||
185.162.235.53,185.162.235.53,00000000000000000000000000000000000000000000000000000000000000,|||,|||,|||,|||,|||,|||,|||,|||,|||,|||
212.56.203.42,212.56.203.42,00000000000000000000000000000000000000000000000000000000000000,|||,|||,|||,|||,|||,|||,|||,|||,|||,|||
212.42.207.147,212.42.207.147,00000000000000000000000000000000000000000000000000000000000000,|||,|||,|||,|||,|||,|||,|||,|||,|||,|||
212.112.2.196,212.112.2.196,00000000000000000000000000000000000000000000000000000000000000,|||,|||,|||,|||,|||,|||,|||,|||,|||,|||
206.189.134.22,206.189.134.22,00000000000000000000000000000000000000000000000000000000000000,|||,|||,|||,|||,|||,|||,|||,|||,|||,|||
210.2.130.106,210.2.130.106,00000000000000000000000000000000000000000000000000000000000000,|||,|||,|||,|||,|||,|||,|||,|||,|||,|||
180.76.163.165,180.76.163.165,00000000000000000000000000000000000000000000000000000000000000,|||,|||,|||,|||,|||,|||,|||,|||,|||,|||
206.81.8.196,206.81.8.196,3fd3fd15d3fd3fd00042d42d00000061256d32ed7779c14686ad100544dc8d,cca8|0303|http/1.1|ff01-0001-000b-0023-0010-0017,cca8|0303|http/1.1|ff01-0001-000b-0023-0010-0017,009e|0303|http/1.1|ff01-0001-0023-0010-0017,cca8|0303|http/1.1|ff01-0001-000b-0023-0010-0017,cca8|0303|http/1.1|ff01-0001-000b-0023-0010-0017,|||,1302|0303||002b-0033,1302|0303||002b-0033,|||,|||
209.14.136.189,209.14.136.189,00000000000000000000000000000000000000000000000000000000000000,|||,|||,|||,|||,|||,|||,|||,|||,|||,|||
203.202.255.193,203.202.255.193,00000000000000000000000000000000000000000000000000000000000000,|||,|||,|||,|||,|||,|||,|||,|||,|||,|||
209.14.136.162,209.14.136.162,00000000000000000000000000000000000000000000000000000000000000,|||,|||,|||,|||,|||,|||,|||,|||,|||,|||
209.14.136.236,209.14.136.236,00000000000000000000000000000000000000000000000000000000000000,|||,|||,|||,|||,|||,|||,|||,|||,|||,|||
212.217.113.11,212.217.113.11,00000000000000000000000000000000000000000000000000000000000000,|||,|||,|||,|||,|||,|||,|||,|||,|||,|||
212.83.8.74,212.83.8.74,00000000000000000000000000000000000000000000000000000000000000,|||,|||,|||,|||,|||,|||,|||,|||,|||,|||
212.83.8.75,212.83.8.75,00000000000000000000000000000000000000000000000000000000000000,|||,|||,|||,|||,|||,|||,|||,|||,|||,|||
212.83.8.77,212.83.8.77,00000000000000000000000000000000000000000000000000000000000000,|||,|||,|||,|||,|||,|||,|||,|||,|||,|||
209.162.24.205,209.162.24.205,00000000000000000000000000000000000000000000000000000000000000,|||,|||,|||,|||,|||,|||,|||,|||,|||,|||
206.189.180.87,206.189.180.87,2ad2ad16d2ad2ad00042d42d00000061256d32ed7779c14686ad100544dc8d,c030|0303|http/1.1|ff01-0001-000b-0023-0010-0017,c030|0303|http/1.1|ff01-0001-000b-0023-0010-0017,009f|0303|http/1.1|ff01-0001-0023-0010-0017,c030|0303|http/1.1|ff01-0001-000b-0023-0010-0017,c030|0303|http/1.1|ff01-0001-000b-0023-0010-0017,|||,1302|0303||002b-0033,1302|0303||002b-0033,|||,|||
216.66.80.238,216.66.80.238,00000000000000000000000000000000000000000000000000000000000000,|||,|||,|||,|||,|||,|||,|||,|||,|||,|||
213.207.34.120,213.207.34.120,00000000000000000000000000000000000000000000000000000000000000,|||,|||,|||,|||,|||,|||,|||,|||,|||,|||
204.148.94.170,204.148.94.170,08d08d00008d08d08c08d08d08d08d9674c6b4e623ae36cc2d998e99e2262e,0035|0303||ff01-0023,0035|0303||ff01-0023,|||,0035|0303||ff01-0023,0035|0303||ff01-0023,0035|0302||ff01-0023,0035|0303||ff01-0023,0035|0303||ff01-0023,0035|0303||ff01-0023,0035|0303||ff01-0023
212.46.241.13,212.46.241.13,00000000000000000000000000000000000000000000000000000000000000,|||,|||,|||,|||,|||,|||,|||,|||,|||,|||
203.243.10.220,203.243.10.220,00000000000000000000000000000000000000000000000000000000000000,|||,|||,|||,|||,|||,|||,|||,|||,|||,|||
213.164.198.176,213.164.198.176,00000000000000000000000000000000000000000000000000000000000000,|||,|||,|||,|||,|||,|||,|||,|||,|||,|||
208.68.37.235,208.68.37.235,2ad2ad0002ad2ad22c2ad2ad2ad2adc164a087807e86a582087219b4ab0a3c,c030|0303|http/1.1|ff01-0001-000b-0010-0017,c030|0303|http/1.1|ff01-0001-000b-0010-0017,|||,c030|0303||ff01-0001-000b-0017,c030|0303||ff01-0001-000b-0017,c014|0302|http/1.1|ff01-0001-000b-0010-0017,c030|0303|http/1.1|ff01-0001-000b-0010-0017,c030|0303|http/1.1|ff01-0001-000b-0010-0017,c030|0303|http/1.1|ff01-0001-000b-0010-0017,c030|0303|http/1.1|ff01-0001-000b-0010-0017
212.0.149.75,212.0.149.75,00000000000000000000000000000000000000000000000000000000000000,|||,|||,|||,|||,|||,|||,|||,|||,|||,|||
203.243.10.211,203.243.10.211,00000000000000000000000000000000000000000000000000000000000000,|||,|||,|||,|||,|||,|||,|||,|||,|||,|||
203.69.29.133,203.69.29.133,00000000000000000000000000000000000000000000000000000000000000,|||,|||,|||,|||,|||,|||,|||,|||,|||,|||
201.192.153.107,201.192.153.107,00000000000000000000000000000000000000000000000000000000000000,|||,|||,|||,|||,|||,|||,|||,|||,|||,|||
213.196.127.194,213.196.127.194,00000000000000000000000000000000000000000000000000000000000000,|||,|||,|||,|||,|||,|||,|||,|||,|||,|||
204.42.253.132,204.42.253.132,15d3fd16d29d29d00042d43d000000ed1cf37c9a169b41886e27ba8fad60b0,009e|0303|http/1.1|ff01-0001-0010-0017,cca8|0303|http/1.1|ff01-0001-000b-0010-0017,009f|0303|http/1.1|ff01-0001-0010-0017,c02f|0303|http/1.1|ff01-0001-000b-0010-0017,c02f|0303|http/1.1|ff01-0001-000b-0010-0017,|||,1302|0303||002b-0033,1303|0303||002b-0033,|||,|||
213.52.130.133,213.52.130.133,00000000000000000000000000000000000000000000000000000000000000,|||,|||,|||,|||,|||,|||,|||,|||,|||,|||
212.192.40.46,212.192.40.46,00000000000000000000000000000000000000000000000000000000000000,|||,|||,|||,|||,|||,|||,|||,|||,|||,|||
204.42.253.130,204.42.253.130,15d3fd16d29d29d00042d43d000000ed1cf37c9a169b41886e27ba8fad60b0,009e|0303|http/1.1|ff01-0001-0010-0017,cca8|0303|http/1.1|ff01-0001-000b-0010-0017,009f|0303|http/1.1|ff01-0001-0010-0017,c02f|0303|http/1.1|ff01-0001-000b-0010-0017,c02f|0303|http/1.1|ff01-0001-000b-0010-0017,|||,1302|0303||002b-0033,1303|0303||002b-0033,|||,|||
203.204.51.199,203.204.51.199,00000000000000000000000000000000000000000000000000000000000000,|||,|||,|||,|||,|||,|||,|||,|||,|||,|||
203.243.10.231,203.243.10.231,00000000000000000000000000000000000000000000000000000000000000,|||,|||,|||,|||,|||,|||,|||,|||,|||,|||
200.73.130.172,200.73.130.172,00000000000000000000000000000000000000000000000000000000000000,|||,|||,|||,|||,|||,|||,|||,|||,|||,|||
200.89.175.32,200.89.175.32,00000000000000000000000000000000000000000000000000000000000000,|||,|||,|||,|||,|||,|||,|||,|||,|||,|||
213.136.72.226,213.136.72.226,3fd3fd15d3fd3fd21c3fd3fd3fd3fdc110bab2c0a19e5d4e587c17ce497b15,cca8|0303|http/1.1|ff01-0001-000b-0023-0010-0017,cca8|0303|http/1.1|ff01-0001-000b-0023-0010-0017,009e|0303|http/1.1|ff01-0001-0023-0010-0017,cca8|0303||ff01-0001-000b-0023-0017,cca8|0303||ff01-0001-000b-0023-0017,c013|0302|http/1.1|ff01-0001-000b-0023-0010-0017,cca8|0303|http/1.1|ff01-0001-000b-0023-0010-0017,cca8|0303|http/1.1|ff01-0001-000b-0023-0010-0017,cca8|0303|http/1.1|ff01-0001-000b-0023-0010-0017,cca8|0303|http/1.1|ff01-0001-000b-0023-0010-0017
213.171.58.162,213.171.58.162,00000000000000000000000000000000000000000000000000000000000000,|||,|||,|||,|||,|||,|||,|||,|||,|||,|||
213.14.173.117,213.14.173.117,00000000000000000000000000000000000000000000000000000000000000,|||,|||,|||,|||,|||,|||,|||,|||,|||,|||
203.116.184.243,203.116.184.243,08d08d00008d08d08c08d08d08d08d2bb1101b28b790bf5d9d4dcad463fdc2,0035|0303||ff01,0035|0303||ff01,|||,0035|0303||ff01,0035|0303||ff01,0035|0302||ff01,0035|0303||ff01,0035|0303||ff01,0035|0303||ff01,0035|0303||ff01
213.14.140.50,213.14.140.50,00000000000000000000000000000000000000000000000000000000000000,|||,|||,|||,|||,|||,|||,|||,|||,|||,|||
212.112.2.100,212.112.2.100,04b01b00001b04b04b04b01b01b04b2bb1101b28b790bf5d9d4dcad463fdc2,000a|0301||ff01,0004|0301||ff01,|||,0004|0301||ff01,000a|0301||ff01,000a|0301||ff01,000a|0301||ff01,0004|0301||ff01,0004|0301||ff01,000a|0301||ff01
203.243.10.241,203.243.10.241,00000000000000000000000000000000000000000000000000000000000000,|||,|||,|||,|||,|||,|||,|||,|||,|||,|||
212.114.27.0,212.114.27.0,04b02b00004b04b04b04b02b04b04be3b0c44298fc1c149afbf4c8996fb924,000a|0301||,0005|0301||,|||,000a|0301||,000a|0301||,000a|0301||,000a|0301||,0005|0301||,000a|0301||,000a|0301||
212.47.226.19,212.47.226.19,00000000000000000000000000000000000000000000000000000000000000,|||,|||,|||,|||,|||,|||,|||,|||,|||,|||
210.74.8.20,210.74.8.20,00000000000000000000000000000000000000000000000000000000000000,|||,|||,|||,|||,|||,|||,|||,|||,|||,|||
213.147.97.225,213.147.97.225,00000000000000000000000000000000000000000000000000000000000000,|||,|||,|||,|||,|||,|||,|||,|||,|||,|||
207.244.245.90,207.244.245.90,2ad2ad0002ad2ad00042d42d0000005d86ccb1a0567e012264097a0315d7a7,c030|0303|h2|ff01-0000-0001-000b-0023-0010-0017,c030|0303|h2|ff01-0000-0001-000b-0023-0010-0017,|||,c030|0303||ff01-0000-0001-000b-0023-0017,c030|0303||ff01-0000-0001-000b-0023-0017,|||,1302|0303||002b-0033,1302|0303||002b-0033,|||,|||
207.244.235.165,207.244.235.165,15d3fd16d29d29d00042d43d000000fe02290512647416dcf0a400ccbc0b6b,009e|0303|http/1.1|ff01-0000-0001-0010-0017,cca8|0303|http/1.1|ff01-0000-0001-000b-0010-0017,009f|0303|http/1.1|ff01-0000-0001-0010-0017,c02f|0303||ff01-0000-0001-000b-0017,c02f|0303||ff01-0000-0001-000b-0017,|||,1302|0303||002b-0033,1303|0303||002b-0033,|||,|||
177.92.4.58,177.92.4.58,00000000000000000000000000000000000000000000000000000000000000,|||,|||,|||,|||,|||,|||,|||,|||,|||,|||
212.3.156.228,212.3.156.228,00000000000000000000000000000000000000000000000000000000000000,|||,|||,|||,|||,|||,|||,|||,|||,|||,|||
213.19.54.22,213.19.54.22,00000000000000000000000000000000000000000000000000000000000000,|||,|||,|||,|||,|||,|||,|||,|||,|||,|||
200.58.94.104,200.58.94.104,04d14d00004d04d00004d14d04d04d6b64279c20472e17718ddea38ab610fa,000a|0303||ff01-0023,009d|0303||ff01-0023,|||,000a|0303||ff01-0023,000a|0303||ff01-0023,|||,000a|0303||ff01-0023,009d|0303||ff01-0023,000a|0303||ff01-0023,000a|0303||ff01-0023
201.244.121.74,201.244.121.74,26d26d16d26d26d00026d26d26d26dd3b67dd3674d9af9dd91c1955a35d0e9,c028|0303||0017-ff01,c028|0303||0017-ff01,009f|0303||0017-ff01,c028|0303||0017-ff01,c028|0303||0017-ff01,|||,c028|0303||0017-ff01,c028|0303||0017-ff01,c028|0303||0017-ff01,c028|0303||0017-ff01
203.206.188.109,203.206.188.109,00000000000000000000000000000000000000000000000000000000000000,|||,|||,|||,|||,|||,|||,|||,|||,|||,|||
203.187.221.76,203.187.221.76,08d08d00008d08d08c08d08d08d08d9674c6b4e623ae36cc2d998e99e2262e,0035|0303||ff01-0023,0035|0303||ff01-0023,|||,0035|0303||ff01-0023,0035|0303||ff01-0023,0035|0302||ff01-0023,0035|0303||ff01-0023,0035|0303||ff01-0023,0035|0303||ff01-0023,0035|0303||ff01-0023
200.110.54.236,200.110.54.236,04d14d00004d04d00004d14d04d04d6b64279c20472e17718ddea38ab610fa,000a|0303||ff01-0023,009d|0303||ff01-0023,|||,000a|0303||ff01-0023,000a|0303||ff01-0023,|||,000a|0303||ff01-0023,009d|0303||ff01-0023,000a|0303||ff01-0023,000a|0303||ff01-0023
200.110.52.139,200.110.52.139,04d14d00004d04d00004d14d04d04d6b64279c20472e17718ddea38ab610fa,000a|0303||ff01-0023,009d|0303||ff01-0023,|||,000a|0303||ff01-0023,000a|0303||ff01-0023,|||,000a|0303||ff01-0023,009d|0303||ff01-0023,000a|0303||ff01-0023,000a|0303||ff01-0023
207.204.249.241,207.204.249.241,2ad2ad16d2ad2ad22c2ad2ad2ad2adc80334825071f8ff93376ac14c5a331f,c030|0303||ff01-000b-0023,c030|0303||ff01-000b-0023,009f|0303||ff01-0023,c030|0303||ff01-000b-0023,c030|0303||ff01-000b-0023,c014|0302||ff01-000b-0023,c030|0303||ff01-000b-0023,c030|0303||ff01-000b-0023,c030|0303||ff01-000b-0023,c030|0303||ff01-000b-0023
213.32.87.146,213.32.87.146,00000000000000000000000000000000000000000000000000000000000000,|||,|||,|||,|||,|||,|||,|||,|||,|||,|||
212.192.246.108,212.192.246.108,00000000000000000000000000000000000000000000000000000000000000,|||,|||,|||,|||,|||,|||,|||,|||,|||,|||
195.24.207.223,195.24.207.223,00000000000000000000000000000000000000000000000000000000000000,|||,|||,|||,|||,|||,|||,|||,|||,|||,|||
185.200.116.68,185.200.116.68,00000000000000000000000000000000000000000000000000000000000000,|||,|||,|||,|||,|||,|||,|||,|||,|||,|||
186.74.125.75,186.74.125.75,29d29d00029d29d08c29d29d29d29dcd113334714fbefb4b0aba4000bcef62,c02f|0303||0000-ff01-000b-0023,c02f|0303||0000-ff01-000b-0023,|||,c02f|0303||0000-ff01-000b-0023,c02f|0303||0000-ff01-000b-0023,0035|0302||0000-ff01-0023,c02f|0303||0000-ff01-000b-0023,c02f|0303||0000-ff01-000b-0023,c02f|0303||0000-ff01-000b-0023,c02f|0303||0000-ff01-000b-0023
201.150.174.25,201.150.174.25,04d14d00004d04d00004d14d04d04d6b64279c20472e17718ddea38ab610fa,000a|0303||ff01-0023,009d|0303||ff01-0023,|||,000a|0303||ff01-0023,000a|0303||ff01-0023,|||,000a|0303||ff01-0023,009d|0303||ff01-0023,000a|0303||ff01-0023,000a|0303||ff01-0023
205.185.124.113,205.185.124.113,40d1db40d0000001dc43d1db1db43d2f70423af611c314ea6b67982756f7de,cca9|0303|h2|ff01-0010-000b,c009|0301|h2|ff01-0010-000b,cca9|0303|h2|ff01-0010-000b,|||,|||,c009|0302|h2|ff01-0010-000b,1303|0303||002b-0033,c009|0301|h2|ff01-0010-000b,c009|0301|h2|ff01-0010-000b,1303|0303||002b-0033
201.150.186.191,201.150.186.191,04d14d00004d04d00004d14d04d04d6b64279c20472e17718ddea38ab610fa,000a|0303||ff01-0023,009d|0303||ff01-0023,|||,000a|0303||ff01-0023,000a|0303||ff01-0023,|||,000a|0303||ff01-0023,009d|0303||ff01-0023,000a|0303||ff01-0023,000a|0303||ff01-0023
213.74.173.71,213.74.173.71,00000000000000000000000000000000000000000000000000000000000000,|||,|||,|||,|||,|||,|||,|||,|||,|||,|||
213.142.148.245,213.142.148.245,2ad2ad0002ad2ad22c2ad2ad2ad2add67503cb8836da6e35829b1e18acf30e,c030|0303|http/1.1|ff01-000b-0023-0010,c030|0303|http/1.1|ff01-000b-0023-0010,|||,c030|0303|http/1.1|ff01-000b-0023-0010,c030|0303|http/1.1|ff01-000b-0023-0010,c014|0302|http/1.1|ff01-000b-0023-0010,c030|0303|http/1.1|ff01-000b-0023-0010,c030|0303|http/1.1|ff01-000b-0023-0010,c030|0303|http/1.1|ff01-000b-0023-0010,c030|0303|http/1.1|ff01-000b-0023-0010
216.24.220.150,216.24.220.150,21d19d00021d21d21c21d19d21d21d3b0d229d76f2fd7cb8e23bb87da38a20,c013|0303|http/1.1|ff01-0000-0001-000b-0023-0010-0017,00c0|0303|http/1.1|ff01-0000-0001-0023-0010-0017,|||,c013|0303||ff01-0000-0001-000b-0023-0017,c013|0303||ff01-0000-0001-000b-0023-0017,c013|0302|http/1.1|ff01-0000-0001-000b-0023-0010-0017,c013|0303|http/1.1|ff01-0000-0001-000b-0023-0010-0017,00c0|0303|http/1.1|ff01-0000-0001-0023-0010-0017,c013|0303|http/1.1|ff01-0000-0001-000b-0023-0010-0017,c013|0303|http/1.1|ff01-0000-0001-000b-0023-0010-0017
210.73.210.21,210.73.210.21,00000000000000000000000000000000000000000000000000000000000000,|||,|||,|||,|||,|||,|||,|||,|||,|||,|||
185.200.116.71,185.200.116.71,00000000000000000000000000000000000000000000000000000000000000,|||,|||,|||,|||,|||,|||,|||,|||,|||,|||
201.150.180.219,201.150.180.219,04d14d00004d04d00004d14d04d04d6b64279c20472e17718ddea38ab610fa,000a|0303||ff01-0023,009d|0303||ff01-0023,|||,000a|0303||ff01-0023,000a|0303||ff01-0023,|||,000a|0303||ff01-0023,009d|0303||ff01-0023,000a|0303||ff01-0023,000a|0303||ff01-0023
185.191.34.207,185.191.34.207,00000000000000000000000000000000000000000000000000000000000000,|||,|||,|||,|||,|||,|||,|||,|||,|||,|||
200.152.186.1,200.152.186.1,0ad0ad0000ad0ad06c0ad0ad0ad0ad2bb1101b28b790bf5d9d4dcad463fdc2,003c|0303||ff01,003c|0303||ff01,|||,003c|0303||ff01,003c|0303||ff01,002f|0302||ff01,003c|0303||ff01,003c|0303||ff01,003c|0303||ff01,003c|0303||ff01
213.32.16.42,213.32.16.42,00000000000000000000000000000000000000000000000000000000000000,|||,|||,|||,|||,|||,|||,|||,|||,|||,|||
200.73.129.166,200.73.129.166,00000000000000000000000000000000000000000000000000000000000000,|||,|||,|||,|||,|||,|||,|||,|||,|||,|||
213.57.233.106,213.57.233.106,00000000000000000000000000000000000000000000000000000000000000,|||,|||,|||,|||,|||,|||,|||,|||,|||,|||
213.40.1.225,213.40.1.225,08d08d00008d08d08c08d08d08d08d9674c6b4e623ae36cc2d998e99e2262e,0035|0303||ff01-0023,0035|0303||ff01-0023,|||,0035|0303||ff01-0023,0035|0303||ff01-0023,0035|0302||ff01-0023,0035|0303||ff01-0023,0035|0303||ff01-0023,0035|0303||ff01-0023,0035|0303||ff01-0023
185.216.215.107,185.216.215.107,00000000000000000000000000000000000000000000000000000000000000,|||,|||,|||,|||,|||,|||,|||,|||,|||,|||
212.69.113.149,212.69.113.149,06b06b00006b06b06b06b06b06b06b2bb1101b28b790bf5d9d4dcad463fdc2,002f|0301||ff01,002f|0301||ff01,|||,002f|0301||ff01,002f|0301||ff01,002f|0301||ff01,002f|0301||ff01,002f|0301||ff01,002f|0301||ff01,002f|0301||ff01
203.217.1.13,203.217.1.13,00000000000000000000000000000000000000000000000000000000000000,|||,|||,|||,|||,|||,|||,|||,|||,|||,|||
210.211.16.6,210.211.16.6,00000000000000000000000000000000000000000000000000000000000000,|||,|||,|||,|||,|||,|||,|||,|||,|||,|||
201.20.87.156,201.20.87.156,2ad2ad16d2ad2ad22c2ad2ad2ad2adc7639a2c8ee8049d85e08031e30b69d9,c030|0303|http/1.1|ff01-000b-0023-0010,c030|0303|http/1.1|ff01-000b-0023-0010,009f|0303|http/1.1|ff01-0023-0010,c030|0303|http/1.1|ff01-000b-0023-0010,c030|0303|http/1.1|ff01-000b-0023-0010,c014|0302|http/1.1|ff01-000b-0023-0010,c030|0303|http/1.1|ff01-000b-0023-0010,c030|0303|http/1.1|ff01-000b-0023-0010,c030|0303|http/1.1|ff01-000b-0023-0010,c030|0303|http/1.1|ff01-000b-0023-0010
202.166.198.206,202.166.198.206,00000000000000000000000000000000000000000000000000000000000000,|||,|||,|||,|||,|||,|||,|||,|||,|||,|||
210.121.95.31,210.121.95.31,00000000000000000000000000000000000000000000000000000000000000,|||,|||,|||,|||,|||,|||,|||,|||,|||,|||
185.20.24.138,185.20.24.138,00000000000000000000000000000000000000000000000000000000000000,|||,|||,|||,|||,|||,|||,|||,|||,|||,|||
210.126.180.235,210.126.180.235,00000000000000000000000000000000000000000000000000000000000000,|||,|||,|||,|||,|||,|||,|||,|||,|||,|||
185.217.1.242,185.217.1.242,00000000000000000000000000000000000000000000000000000000000000,|||,|||,|||,|||,|||,|||,|||,|||,|||,|||
185.216.140.6,185.216.140.6,00000000000000000000000000000000000000000000000000000000000000,|||,|||,|||,|||,|||,|||,|||,|||,|||,|||
201.20.75.177,201.20.75.177,2ad2ad16d2ad2ad00042d42d000000038eaaf490bec8dc33757f165ce01762,c030|0303|h2|ff01-0000-0001-000b-0010-0017,c030|0303|h2|ff01-0000-0001-000b-0010-0017,009f|0303|h2|ff01-0000-0001-0010-0017,c030|0303||ff01-0000-0001-000b-0017,c030|0303||ff01-0000-0001-000b-0017,|||,1302|0303||002b-0033,1302|0303||002b-0033,|||,|||
203.124.15.197,203.124.15.197,29d29d00029d29d22c29d29d29d29dc2ddcfd203d071c45b4b0ffe3d7b4b89,c02f|0303|http/1.1|ff01-0000-0001-000b-0023-0010-0017,c02f|0303|http/1.1|ff01-0000-0001-000b-0023-0010-0017,|||,c02f|0303||ff01-0000-0001-000b-0023-0017,c02f|0303||ff01-0000-0001-000b-0023-0017,c014|0302|http/1.1|ff01-0000-0001-000b-0023-0010-0017,c02f|0303|http/1.1|ff01-0000-0001-000b-0023-0010-0017,c02f|0303|http/1.1|ff01-0000-0001-000b-0023-0010-0017,c02f|0303|http/1.1|ff01-0000-0001-000b-0023-0010-0017,c02f|0303|http/1.1|ff01-0000-0001-000b-0023-0010-0017
217.146.82.22,217.146.82.22,00000000000000000000000000000000000000000000000000000000000000,|||,|||,|||,|||,|||,|||,|||,|||,|||,|||
210.219.180.104,210.219.180.104,00000000000000000000000000000000000000000000000000000000000000,|||,|||,|||,|||,|||,|||,|||,|||,|||,|||
185.200.116.85,185.200.116.85,00000000000000000000000000000000000000000000000000000000000000,|||,|||,|||,|||,|||,|||,|||,|||,|||,|||
185.244.148.75,185.244.148.75,00000000000000000000000000000000000000000000000000000000000000,|||,|||,|||,|||,|||,|||,|||,|||,|||,|||
185.239.242.57,185.239.242.57,00000000000000000000000000000000000000000000000000000000000000,|||,|||,|||,|||,|||,|||,|||,|||,|||,|||
185.217.1.245,185.217.1.245,00000000000000000000000000000000000000000000000000000000000000,|||,|||,|||,|||,|||,|||,|||,|||,|||,|||
185.200.116.74,185.200.116.74,00000000000000000000000000000000000000000000000000000000000000,|||,|||,|||,|||,|||,|||,|||,|||,|||,|||
185.200.116.52,185.200.116.52,00000000000000000000000000000000000000000000000000000000000000,|||,|||,|||,|||,|||,|||,|||,|||,|||,|||
211.149.129.3,211.149.129.3,00000000000000000000000000000000000000000000000000000000000000,|||,|||,|||,|||,|||,|||,|||,|||,|||,|||
185.200.116.42,185.200.116.42,00000000000000000000000000000000000000000000000000000000000000,|||,|||,|||,|||,|||,|||,|||,|||,|||,|||
185.200.118.58,185.200.118.58,00000000000000000000000000000000000000000000000000000000000000,|||,|||,|||,|||,|||,|||,|||,|||,|||,|||
185.200.118.79,185.200.118.79,00000000000000000000000000000000000000000000000000000000000000,|||,|||,|||,|||,|||,|||,|||,|||,|||,|||
216.189.116.247,216.189.116.247,00000000000000000000000000000000000000000000000000000000000000,|||,|||,|||,|||,|||,|||,|||,|||,|||,|||
185.209.162.108,185.209.162.108,00000000000000000000000000000000000000000000000000000000000000,|||,|||,|||,|||,|||,|||,|||,|||,|||,|||
185.222.57.74,185.222.57.74,00000000000000000000000000000000000000000000000000000000000000,|||,|||,|||,|||,|||,|||,|||,|||,|||,|||
185.203.6.136,185.203.6.136,00000000000000000000000000000000000000000000000000000000000000,|||,|||,|||,|||,|||,|||,|||,|||,|||,|||
217.131.28.178,217.131.28.178,00000000000000000000000000000000000000000000000000000000000000,|||,|||,|||,|||,|||,|||,|||,|||,|||,|||
185.239.242.42,185.239.242.42,00000000000000000000000000000000000000000000000000000000000000,|||,|||,|||,|||,|||,|||,|||,|||,|||,|||
185.217.1.244,185.217.1.244,00000000000000000000000000000000000000000000000000000000000000,|||,|||,|||,|||,|||,|||,|||,|||,|||,|||
185.200.116.38,185.200.116.38,00000000000000000000000000000000000000000000000000000000000000,|||,|||,|||,|||,|||,|||,|||,|||,|||,|||
217.132.111.125,217.132.111.125,00000000000000000000000000000000000000000000000000000000000000,|||,|||,|||,|||,|||,|||,|||,|||,|||,|||
212.118.31.34,212.118.31.34,2ad2ad0002ad2ad0002ad2ad2ad2ad755a2cec4b52fb1bce1ac7f1e48c8a7d,c030|0303||ff01-000b,c030|0303||ff01-000b,|||,c030|0303||ff01-000b,c030|0303||ff01-000b,|||,c030|0303||ff01-000b,c030|0303||ff01-000b,c030|0303||ff01-000b,c030|0303||ff01-000b
217.146.82.20,217.146.82.20,00000000000000000000000000000000000000000000000000000000000000,|||,|||,|||,|||,|||,|||,|||,|||,|||,|||
200.89.178.98,200.89.178.98,00000000000000000000000000000000000000000000000000000000000000,|||,|||,|||,|||,|||,|||,|||,|||,|||,|||
185.216.117.111,185.216.117.111,00000000000000000000000000000000000000000000000000000000000000,|||,|||,|||,|||,|||,|||,|||,|||,|||,|||
185.216.140.31,185.216.140.31,00000000000000000000000000000000000000000000000000000000000000,|||,|||,|||,|||,|||,|||,|||,|||,|||,|||
211.95.47.188,211.95.47.188,00000000000000000000000000000000000000000000000000000000000000,|||,|||,|||,|||,|||,|||,|||,|||,|||,|||
185.200.118.71,185.200.118.71,00000000000000000000000000000000000000000000000000000000000000,|||,|||,|||,|||,|||,|||,|||,|||,|||,|||
185.217.1.243,185.217.1.243,00000000000000000000000000000000000000000000000000000000000000,|||,|||,|||,|||,|||,|||,|||,|||,|||,|||
213.251.224.9,213.251.224.9,2ad2ad16d2ad2ad0002ad2ad2ad2adc5ebd31ce9f1e6d200dccf2c0649e3ea,c030|0303||ff01-000b,c030|0303||ff01-000b,009f|0303||ff01,c030|0303||ff01-000b,c030|0303||ff01-000b,|||,c030|0303||ff01-000b,c030|0303||ff01-000b,c030|0303||ff01-000b,c030|0303||ff01-000b
211.109.56.18,211.109.56.18,00000000000000000000000000000000000000000000000000000000000000,|||,|||,|||,|||,|||,|||,|||,|||,|||,|||
217.25.88.154,217.25.88.154,00000000000000000000000000000000000000000000000000000000000000,|||,|||,|||,|||,|||,|||,|||,|||,|||,|||
216.137.14.69,216.137.14.69,00000000000000000000000000000000000000000000000000000000000000,|||,|||,|||,|||,|||,|||,|||,|||,|||,|||
217.182.253.200,217.182.253.200,15d3fd16d21d21d00042d43d000000fe02290512647416dcf0a400ccbc0b6b,009e|0303|http/1.1|ff01-0000-0001-0010-0017,cca8|0303|http/1.1|ff01-0000-0001-000b-0010-0017,009f|0303|http/1.1|ff01-0000-0001-0010-0017,c013|0303||ff01-0000-0001-000b-0017,c013|0303||ff01-0000-0001-000b-0017,|||,1302|0303||002b-0033,1303|0303||002b-0033,|||,|||
185.245.41.205,185.245.41.205,00000000000000000000000000000000000000000000000000000000000000,|||,|||,|||,|||,|||,|||,|||,|||,|||,|||
203.154.37.61,203.154.37.61,2ad2ad16d2ad2ad0002ad2ad2ad2ad487dfc3734968073f786f66dcf4de1b2,c030|0303||ff01-000b-0023,c030|0303||ff01-000b-0023,009f|0303||ff01-0023,c030|0303||ff01-000b-0023,c030|0303||ff01-000b-0023,|||,c030|0303||ff01-000b-0023,c030|0303||ff01-000b-0023,c030|0303||ff01-000b-0023,c030|0303||ff01-000b-0023
185.200.118.44,185.200.118.44,00000000000000000000000000000000000000000000000000000000000000,|||,|||,|||,|||,|||,|||,|||,|||,|||,|||
185.200.116.86,185.200.116.86,00000000000000000000000000000000000000000000000000000000000000,|||,|||,|||,|||,|||,|||,|||,|||,|||,|||
185.223.127.158,185.223.127.158,00000000000000000000000000000000000000000000000000000000000000,|||,|||,|||,|||,|||,|||,|||,|||,|||,|||
185.200.116.69,185.200.116.69,00000000000000000000000000000000000000000000000000000000000000,|||,|||,|||,|||,|||,|||,|||,|||,|||,|||
216.18.253.108,216.18.253.108,00000000000000000000000000000000000000000000000000000000000000,|||,|||,|||,|||,|||,|||,|||,|||,|||,|||
200.89.158.19,200.89.158.19,21d19d00021d21d21c42d43d000000624c0617d7b1f32125cdb5240cd23ec9,c013|0303||ff01-0000-0001-000b-0017,00c0|0303||ff01-0000-0001-0017,|||,c013|0303||ff01-0000-0001-000b-0017,c013|0303||ff01-0000-0001-000b-0017,c013|0302||ff01-0000-0001-000b-0017,1302|0303||002b-0033,1303|0303||002b-0033,|||,|||
185.233.77.203,185.233.77.203,00000000000000000000000000000000000000000000000000000000000000,|||,|||,|||,|||,|||,|||,|||,|||,|||,|||
211.111.250.184,211.111.250.184,00000000000000000000000000000000000000000000000000000000000000,|||,|||,|||,|||,|||,|||,|||,|||,|||,|||
210.101.94.203,210.101.94.203,00000000000000000000000000000000000000000000000000000000000000,|||,|||,|||,|||,|||,|||,|||,|||,|||,|||
185.245.41.221,185.245.41.221,00000000000000000000000000000000000000000000000000000000000000,|||,|||,|||,|||,|||,|||,|||,|||,|||,|||
210.212.235.51,210.212.235.51,00000000000000000000000000000000000000000000000000000000000000,|||,|||,|||,|||,|||,|||,|||,|||,|||,|||
211.215.240.117,211.215.240.117,00000000000000000000000000000000000000000000000000000000000000,|||,|||,|||,|||,|||,|||,|||,|||,|||,|||
213.232.125.46,213.232.125.46,3fd3fd15d3fd3fd21c42d42d0000006f254909a73bf62f6b28507e9fb451b5,cca8|0303|http/1.1|ff01-0001-000b-0023-0010-0017,cca8|0303|http/1.1|ff01-0001-000b-0023-0010-0017,009e|0303|http/1.1|ff01-0001-0023-0010-0017,cca8|0303|http/1.1|ff01-0001-000b-0023-0010-0017,cca8|0303|http/1.1|ff01-0001-000b-0023-0010-0017,c013|0302|http/1.1|ff01-0001-000b-0023-0010-0017,1302|0303||002b-0033,1302|0303||002b-0033,|||,|||
216.36.136.91,216.36.136.91,00000000000000000000000000000000000000000000000000000000000000,|||,|||,|||,|||,|||,|||,|||,|||,|||,|||
185.221.253.129,185.221.253.129,00000000000000000000000000000000000000000000000000000000000000,|||,|||,|||,|||,|||,|||,|||,|||,|||,|||
213.162.196.114,213.162.196.114,26d26d16d26d26d22b26d26d26d26dfd9c9d14e4f4f67f94f0359f8b28f532,c028|0303||0017-ff01,c028|0303||0017-ff01,009f|0303||0017-ff01,c028|0303||0017-ff01,c028|0303||0017-ff01,c014|0301||0017-ff01,c028|0303||0017-ff01,c028|0303||0017-ff01,c028|0303||0017-ff01,c028|0303||0017-ff01
185.200.118.38,185.200.118.38,00000000000000000000000000000000000000000000000000000000000000,|||,|||,|||,|||,|||,|||,|||,|||,|||,|||
210.179.71.94,210.179.71.94,00000000000000000000000000000000000000000000000000000000000000,|||,|||,|||,|||,|||,|||,|||,|||,|||,|||
201.8.46.215,201.8.46.215,2ad2ad16d2ad2ad22c42d42d0000006f254909a73bf62f6b28507e9fb451b5,c030|0303|http/1.1|ff01-0001-000b-0023-0010-0017,c030|0303|http/1.1|ff01-0001-000b-0023-0010-0017,009f|0303|http/1.1|ff01-0001-0023-0010-0017,c030|0303|http/1.1|ff01-0001-000b-0023-0010-0017,c030|0303|http/1.1|ff01-0001-000b-0023-0010-0017,c014|0302|http/1.1|ff01-0001-000b-0023-0010-0017,1302|0303||002b-0033,1302|0303||002b-0033,|||,|||
210.97.25.217,210.97.25.217,00000000000000000000000000000000000000000000000000000000000000,|||,|||,|||,|||,|||,|||,|||,|||,|||,|||
185.228.152.143,185.228.152.143,00000000000000000000000000000000000000000000000000000000000000,|||,|||,|||,|||,|||,|||,|||,|||,|||,|||
185.200.118.69,185.200.118.69,00000000000000000000000000000000000000000000000000000000000000,|||,|||,|||,|||,|||,|||,|||,|||,|||,|||
217.111.53.227,217.111.53.227,00000000000000000000000000000000000000000000000000000000000000,|||,|||,|||,|||,|||,|||,|||,|||,|||,|||
202.107.194.50,202.107.194.50,2ad2ad16d2ad2ad22c2ad2ad2ad2ad47321614530b94a96fa03d06e666d6d6,c030|0303|http/1.1|ff01-000b-0023-0010,c030|0303|http/1.1|ff01-000b-0023-0010,009f|0303|http/1.1|ff01-0023-0010,c030|0303||ff01-000b-0023,c030|0303||ff01-000b-0023,c014|0302|http/1.1|ff01-000b-0023-0010,c030|0303|http/1.1|ff01-000b-0023-0010,c030|0303|http/1.1|ff01-000b-0023-0010,c030|0303|http/1.1|ff01-000b-0023-0010,c030|0303|http/1.1|ff01-000b-0023-0010
210.200.167.55,210.200.167.55,00000000000000000000000000000000000000000000000000000000000000,|||,|||,|||,|||,|||,|||,|||,|||,|||,|||
185.229.153.255,185.229.153.255,00000000000000000000000000000000000000000000000000000000000000,|||,|||,|||,|||,|||,|||,|||,|||,|||,|||
210.210.255.27,210.210.255.27,00000000000000000000000000000000000000000000000000000000000000,|||,|||,|||,|||,|||,|||,|||,|||,|||,|||
217.73.131.240,217.73.131.240,00000000000000000000000000000000000000000000000000000000000000,|||,|||,|||,|||,|||,|||,|||,|||,|||,|||
216.218.142.110,216.218.142.110,00000000000000000000000000000000000000000000000000000000000000,|||,|||,|||,|||,|||,|||,|||,|||,|||,|||
211.243.249.66,211.243.249.66,00000000000000000000000000000000000000000000000000000000000000,|||,|||,|||,|||,|||,|||,|||,|||,|||,|||
208.109.36.152,208.109.36.152,00029d15d29d29d21c42d42d000000c9290a01e203742e508e247965814482,|||,c02f|0303|h2|ff01-0000-0001-000b-0023-0010-0017,009e|0303|h2|ff01-0000-0001-0023-0010-0017,c02f|0303||ff01-0000-0001-000b-0023-0017,c02f|0303||ff01-0000-0001-000b-0023-0017,c013|0302|h2|ff01-0000-0001-000b-0023-0010-0017,1302|0303||002b-0033,1302|0303||002b-0033,|||,|||
202.29.32.159,202.29.32.159,07d0bd0fd21d21d07c42d43d0000009424803a662b126a748cf4f90707a33c,0033|0303|http/1.1|ff01-0001-0023-0010-0017,003d|0303|http/1.1|ff01-0001-0023-0010-0017,006b|0303|http/1.1|ff01-0001-0023-0010-0017,c013|0303|http/1.1|ff01-0001-000b-0023-0010-0017,c013|0303|http/1.1|ff01-0001-000b-0023-0010-0017,0033|0302|http/1.1|ff01-0001-0023-0010-0017,1302|0303||002b-0033,1303|0303||002b-0033,|||,|||
185.200.118.74,185.200.118.74,00000000000000000000000000000000000000000000000000000000000000,|||,|||,|||,|||,|||,|||,|||,|||,|||,|||
210.210.255.21,210.210.255.21,00000000000000000000000000000000000000000000000000000000000000,|||,|||,|||,|||,|||,|||,|||,|||,|||,|||
211.214.152.142,211.214.152.142,00000000000000000000000000000000000000000000000000000000000000,|||,|||,|||,|||,|||,|||,|||,|||,|||,|||
185.81.157.155,185.81.157.155,00000000000000000000000000000000000000000000000000000000000000,|||,|||,|||,|||,|||,|||,|||,|||,|||,|||
210.61.130.11,210.61.130.11,00000000000000000000000000000000000000000000000000000000000000,|||,|||,|||,|||,|||,|||,|||,|||,|||,|||
211.104.149.79,211.104.149.79,00000000000000000000000000000000000000000000000000000000000000,|||,|||,|||,|||,|||,|||,|||,|||,|||,|||
185.49.87.86,185.49.87.86,00000000000000000000000000000000000000000000000000000000000000,|||,|||,|||,|||,|||,|||,|||,|||,|||,|||
185.87.43.178,185.87.43.178,00000000000000000000000000000000000000000000000000000000000000,|||,|||,|||,|||,|||,|||,|||,|||,|||,|||
211.117.45.86,211.117.45.86,00000000000000000000000000000000000000000000000000000000000000,|||,|||,|||,|||,|||,|||,|||,|||,|||,|||
185.45.165.6,185.45.165.6,00000000000000000000000000000000000000000000000000000000000000,|||,|||,|||,|||,|||,|||,|||,|||,|||,|||
185.87.122.86,185.87.122.86,00000000000000000000000000000000000000000000000000000000000000,|||,|||,|||,|||,|||,|||,|||,|||,|||,|||
186.114.184.195,186.114.184.195,00000000000000000000000000000000000000000000000000000000000000,|||,|||,|||,|||,|||,|||,|||,|||,|||,|||
209.124.105.166,209.124.105.166,08d08d00008d08d08c08d08d08d08d9674c6b4e623ae36cc2d998e99e2262e,0035|0303||ff01-0023,0035|0303||ff01-0023,|||,0035|0303||ff01-0023,0035|0303||ff01-0023,0035|0302||ff01-0023,0035|0303||ff01-0023,0035|0303||ff01-0023,0035|0303||ff01-0023,0035|0303||ff01-0023
185.246.128.26,185.246.128.26,00000000000000000000000000000000000000000000000000000000000000,|||,|||,|||,|||,|||,|||,|||,|||,|||,|||
185.36.211.19,185.36.211.19,00000000000000000000000000000000000000000000000000000000000000,|||,|||,|||,|||,|||,|||,|||,|||,|||,|||
200.41.189.140,200.41.189.140,2ad2ad16d2ad2ad22c43d43d00043d6f8b597c1aa7683060e93dddc17104dd,c030|0303||0001-ff01-0023-0017,c030|0303||0001-ff01-0023-0017,009f|0303||0001-ff01-0023-0017,c030|0303||0001-ff01-0023-0017,c030|0303||0001-ff01-0023-0017,c014|0302||0001-ff01-0023-0017,1303|0303||002b-0033,1303|0303||002b-0033,|||,1303|0303||002b-0033
186.153.216.6,186.153.216.6,00000000000000000000000000000000000000000000000000000000000000,|||,|||,|||,|||,|||,|||,|||,|||,|||,|||
212.129.221.154,212.129.221.154,00000000000000000000000000000000000000000000000000000000000000,|||,|||,|||,|||,|||,|||,|||,|||,|||,|||
185.245.41.235,185.245.41.235,00000000000000000000000000000000000000000000000000000000000000,|||,|||,|||,|||,|||,|||,|||,|||,|||,|||
211.59.70.159,211.59.70.159,00000000000000000000000000000000000000000000000000000000000000,|||,|||,|||,|||,|||,|||,|||,|||,|||,|||
213.194.164.91,213.194.164.91,00000000000000000000000000000000000000000000000000000000000000,|||,|||,|||,|||,|||,|||,|||,|||,|||,|||
211.239.157.201,211.239.157.201,00000000000000000000000000000000000000000000000000000000000000,|||,|||,|||,|||,|||,|||,|||,|||,|||,|||
209.124.101.154,209.124.101.154,08d08d00008d08d08c08d08d08d08d9674c6b4e623ae36cc2d998e99e2262e,0035|0303||ff01-0023,0035|0303||ff01-0023,|||,0035|0303||ff01-0023,0035|0303||ff01-0023,0035|0302||ff01-0023,0035|0303||ff01-0023,0035|0303||ff01-0023,0035|0303||ff01-0023,0035|0303||ff01-0023
211.114.68.161,211.114.68.161,00000000000000000000000000000000000000000000000000000000000000,|||,|||,|||,|||,|||,|||,|||,|||,|||,|||
186.149.199.90,186.149.199.90,00000000000000000000000000000000000000000000000000000000000000,|||,|||,|||,|||,|||,|||,|||,|||,|||,|||
186.146.138.211,186.146.138.211,00000000000000000000000000000000000000000000000000000000000000,|||,|||,|||,|||,|||,|||,|||,|||,|||,|||
197.87.178.110,197.87.178.110,00000000000000000000000000000000000000000000000000000000000000,|||,|||,|||,|||,|||,|||,|||,|||,|||,|||
217.146.82.84,217.146.82.84,21d14d00021d21d21c21d14d21d21dcade67768786e23ca695466fb7f94658,c013|0303||ff01-000b-0023-0017,009d|0303||ff01-0023-0017,|||,c013|0303||ff01-000b-0023-0017,c013|0303||ff01-000b-0023-0017,c013|0302||ff01-000b-0023-0017,c013|0303||ff01-000b-0023-0017,009d|0303||ff01-0023-0017,c013|0303||ff01-000b-0023-0017,c013|0303||ff01-000b-0023-0017
211.221.191.244,211.221.191.244,00000000000000000000000000000000000000000000000000000000000000,|||,|||,|||,|||,|||,|||,|||,|||,|||,|||
211.230.145.196,211.230.145.196,00000000000000000000000000000000000000000000000000000000000000,|||,|||,|||,|||,|||,|||,|||,|||,|||,|||
186.227.10.150,186.227.10.150,00000000000000000000000000000000000000000000000000000000000000,|||,|||,|||,|||,|||,|||,|||,|||,|||,|||
186.3.157.72,186.3.157.72,00000000000000000000000000000000000000000000000000000000000000,|||,|||,|||,|||,|||,|||,|||,|||,|||,|||
201.213.185.113,201.213.185.113,08d08d00008d08d08c08d08d08d08d9674c6b4e623ae36cc2d998e99e2262e,0035|0303||ff01-0023,0035|0303||ff01-0023,|||,0035|0303||ff01-0023,0035|0303||ff01-0023,0035|0302||ff01-0023,0035|0303||ff01-0023,0035|0303||ff01-0023,0035|0303||ff01-0023,0035|0303||ff01-0023
186.220.100.133,186.220.100.133,00000000000000000000000000000000000000000000000000000000000000,|||,|||,|||,|||,|||,|||,|||,|||,|||,|||
211.228.1.108,211.228.1.108,00000000000000000000000000000000000000000000000000000000000000,|||,|||,|||,|||,|||,|||,|||,|||,|||,|||
186.192.181.241,186.192.181.241,00000000000000000000000000000000000000000000000000000000000000,|||,|||,|||,|||,|||,|||,|||,|||,|||,|||
186.224.247.4,186.224.247.4,00000000000000000000000000000000000000000000000000000000000000,|||,|||,|||,|||,|||,|||,|||,|||,|||,|||
210.99.230.107,210.99.230.107,00000000000000000000000000000000000000000000000000000000000000,|||,|||,|||,|||,|||,|||,|||,|||,|||,|||
186.13.43.210,186.13.43.210,00000000000000000000000000000000000000000000000000000000000000,|||,|||,|||,|||,|||,|||,|||,|||,|||,|||
211.170.201.111,211.170.201.111,00000000000000000000000000000000000000000000000000000000000000,|||,|||,|||,|||,|||,|||,|||,|||,|||,|||
211.76.34.126,211.76.34.126,00000000000000000000000000000000000000000000000000000000000000,|||,|||,|||,|||,|||,|||,|||,|||,|||,|||
186.190.224.130,186.190.224.130,00000000000000000000000000000000000000000000000000000000000000,|||,|||,|||,|||,|||,|||,|||,|||,|||,|||
186.211.106.217,186.211.106.217,00000000000000000000000000000000000000000000000000000000000000,|||,|||,|||,|||,|||,|||,|||,|||,|||,|||
186.251.229.2,186.251.229.2,00000000000000000000000000000000000000000000000000000000000000,|||,|||,|||,|||,|||,|||,|||,|||,|||,|||
186.208.217.15,186.208.217.15,00000000000000000000000000000000000000000000000000000000000000,|||,|||,|||,|||,|||,|||,|||,|||,|||,|||
186.215.72.154,186.215.72.154,00000000000000000000000000000000000000000000000000000000000000,|||,|||,|||,|||,|||,|||,|||,|||,|||,|||
186.220.37.254,186.220.37.254,00000000000000000000000000000000000000000000000000000000000000,|||,|||,|||,|||,|||,|||,|||,|||,|||,|||
186.237.14.239,186.237.14.239,00000000000000000000000000000000000000000000000000000000000000,|||,|||,|||,|||,|||,|||,|||,|||,|||,|||
209.124.107.6,209.124.107.6,08d08d00008d08d08c08d08d08d08d9674c6b4e623ae36cc2d998e99e2262e,0035|0303||ff01-0023,0035|0303||ff01-0023,|||,0035|0303||ff01-0023,0035|0303||ff01-0023,0035|0302||ff01-0023,0035|0303||ff01-0023,0035|0303||ff01-0023,0035|0303||ff01-0023,0035|0303||ff01-0023
186.159.242.188,186.159.242.188,00000000000000000000000000000000000000000000000000000000000000,|||,|||,|||,|||,|||,|||,|||,|||,|||,|||
186.225.23.34,186.225.23.34,00000000000000000000000000000000000000000000000000000000000000,|||,|||,|||,|||,|||,|||,|||,|||,|||,|||
185.94.111.1,185.94.111.1,00000000000000000000000000000000000000000000000000000000000000,|||,|||,|||,|||,|||,|||,|||,|||,|||,|||
211.23.127.172,211.23.127.172,00000000000000000000000000000000000000000000000000000000000000,|||,|||,|||,|||,|||,|||,|||,|||,|||,|||
211.228.57.96,211.228.57.96,00000000000000000000000000000000000000000000000000000000000000,|||,|||,|||,|||,|||,|||,|||,|||,|||,|||
217.219.67.90,217.219.67.90,00000000000000000000000000000000000000000000000000000000000000,|||,|||,|||,|||,|||,|||,|||,|||,|||,|||
186.189.233.89,186.189.233.89,00000000000000000000000000000000000000000000000000000000000000,|||,|||,|||,|||,|||,|||,|||,|||,|||,|||
186.224.33.11,186.224.33.11,00000000000000000000000000000000000000000000000000000000000000,|||,|||,|||,|||,|||,|||,|||,|||,|||,|||
186.71.144.66,186.71.144.66,00000000000000000000000000000000000000000000000000000000000000,|||,|||,|||,|||,|||,|||,|||,|||,|||,|||
186.227.35.220,186.227.35.220,00000000000000000000000000000000000000000000000000000000000000,|||,|||,|||,|||,|||,|||,|||,|||,|||,|||
186.251.228.5,186.251.228.5,00000000000000000000000000000000000000000000000000000000000000,|||,|||,|||,|||,|||,|||,|||,|||,|||,|||
211.253.25.194,211.253.25.194,00000000000000000000000000000000000000000000000000000000000000,|||,|||,|||,|||,|||,|||,|||,|||,|||,|||
186.227.166.154,186.227.166.154,00000000000000000000000000000000000000000000000000000000000000,|||,|||,|||,|||,|||,|||,|||,|||,|||,|||
210.99.230.67,210.99.230.67,00000000000000000000000000000000000000000000000000000000000000,|||,|||,|||,|||,|||,|||,|||,|||,|||,|||
186.232.197.29,186.232.197.29,00000000000000000000000000000000000000000000000000000000000000,|||,|||,|||,|||,|||,|||,|||,|||,|||,|||
186.71.82.31,186.71.82.31,00000000000000000000000000000000000000000000000000000000000000,|||,|||,|||,|||,|||,|||,|||,|||,|||,|||
186.251.224.21,186.251.224.21,00000000000000000000000000000000000000000000000000000000000000,|||,|||,|||,|||,|||,|||,|||,|||,|||,|||
216.127.161.84,216.127.161.84,00000000000000000000000000000000000000000000000000000000000000,|||,|||,|||,|||,|||,|||,|||,|||,|||,|||
213.14.185.109,213.14.185.109,26d26d16d26d26d22c26d26d26d26dd7fc4c7c6ef19b77a4ca0787979cdc13,c028|0303||ff01,c028|0303||ff01,009f|0303||ff01,c028|0303||ff01,c028|0303||ff01,c014|0302||ff01,c028|0303||ff01,c028|0303||ff01,c028|0303||ff01,c028|0303||ff01
186.3.123.66,186.3.123.66,00000000000000000000000000000000000000000000000000000000000000,|||,|||,|||,|||,|||,|||,|||,|||,|||,|||
213.30.13.166,213.30.13.166,02b02b00002b02b02b02b02b02b02be3b0c44298fc1c149afbf4c8996fb924,0005|0301||,0005|0301||,|||,0005|0301||,0005|0301||,0005|0301||,0005|0301||,0005|0301||,0005|0301||,0005|0301||
186.96.33.37,186.96.33.37,00000000000000000000000000000000000000000000000000000000000000,|||,|||,|||,|||,|||,|||,|||,|||,|||,|||
187.109.6.57,187.109.6.57,00000000000000000000000000000000000000000000000000000000000000,|||,|||,|||,|||,|||,|||,|||,|||,|||,|||
210.12.108.162,210.12.108.162,21d10d00021d21d21c21d10d21d21d3d0c2881a1a83f4b0b2042ad989c640f,c013|0303|http/1.1|0000-ff01-000b-0023-0010,0084|0303|http/1.1|0000-ff01-0023-0010,|||,c013|0303|http/1.0|0000-ff01-000b-0023-0010,c013|0303|http/1.0|0000-ff01-000b-0023-0010,c013|0302|http/1.1|0000-ff01-000b-0023-0010,c013|0303|http/1.1|0000-ff01-000b-0023-0010,0084|0303|http/1.1|0000-ff01-0023-0010,c013|0303|http/1.1|0000-ff01-000b-0023-0010,c013|0303|http/1.1|0000-ff01-000b-0023-0010
186.188.12.220,186.188.12.220,00000000000000000000000000000000000000000000000000000000000000,|||,|||,|||,|||,|||,|||,|||,|||,|||,|||
187.111.161.90,187.111.161.90,00000000000000000000000000000000000000000000000000000000000000,|||,|||,|||,|||,|||,|||,|||,|||,|||,|||
186.29.78.250,186.29.78.250,00000000000000000000000000000000000000000000000000000000000000,|||,|||,|||,|||,|||,|||,|||,|||,|||,|||
186.69.29.14,186.69.29.14,00000000000000000000000000000000000000000000000000000000000000,|||,|||,|||,|||,|||,|||,|||,|||,|||,|||
186.67.163.106,186.67.163.106,00000000000000000000000000000000000000000000000000000000000000,|||,|||,|||,|||,|||,|||,|||,|||,|||,|||
200.123.6.146,200.123.6.146,07d0bd0fd21d21d07c07d0bd07d21de77d7d390b8938342b77c0ea37fc40c4,0033|0303||ff01-0023-0017,003d|0303||ff01-0023-0017,006b|0303||ff01-0023-0017,c013|0303||ff01-000b-0023-0017,c013|0303||ff01-000b-0023-0017,0033|0302||ff01-0023-0017,0033|0303||ff01-0023-0017,003d|0303||ff01-0023-0017,0033|0303||ff01-0023-0017,c013|0303||ff01-000b-0023-0017
187.182.5.103,187.182.5.103,00000000000000000000000000000000000000000000000000000000000000,|||,|||,|||,|||,|||,|||,|||,|||,|||,|||
210.64.53.89,210.64.53.89,14d14d09d14d14d08c14d14d14d14de3b0c44298fc1c149afbf4c8996fb924,009d|0303||,009d|0303||,0039|0303||,009d|0303||,009d|0303||,0035|0302||,009d|0303||,009d|0303||,009d|0303||,009d|0303||
203.191.150.32,203.191.150.32,2ad2ad0002ad2ad22c2ad2ad2ad2ad881e59db99b9f67f908be168829ecef9,c030|0303|http/1.1|ff01-000b-0023-0010,c030|0303|http/1.1|ff01-000b-0023-0010,|||,c030|0303||ff01-000b-0023,c030|0303||ff01-000b-0023,c014|0302|http/1.1|ff01-000b-0023-0010,c030|0303|http/1.1|ff01-000b-0023-0010,c030|0303|http/1.1|ff01-000b-0023-0010,c030|0303|http/1.1|ff01-000b-0023-0010,c030|0303|http/1.1|ff01-000b-0023-0010
186.97.200.235,186.97.200.235,00000000000000000000000000000000000000000000000000000000000000,|||,|||,|||,|||,|||,|||,|||,|||,|||,|||
187.160.8.58,187.160.8.58,00000000000000000000000000000000000000000000000000000000000000,|||,|||,|||,|||,|||,|||,|||,|||,|||,|||
212.102.44.77,212.102.44.77,21d14d00021d21d21c21d14d21d21dcade67768786e23ca695466fb7f94658,c013|0303||ff01-000b-0023-0017,009d|0303||ff01-0023-0017,|||,c013|0303||ff01-000b-0023-0017,c013|0303||ff01-000b-0023-0017,c013|0302||ff01-000b-0023-0017,c013|0303||ff01-000b-0023-0017,009d|0303||ff01-0023-0017,c013|0303||ff01-000b-0023-0017,c013|0303||ff01-000b-0023-0017
187.152.123.51,187.152.123.51,00000000000000000000000000000000000000000000000000000000000000,|||,|||,|||,|||,|||,|||,|||,|||,|||,|||
186.64.186.238,186.64.186.238,00000000000000000000000000000000000000000000000000000000000000,|||,|||,|||,|||,|||,|||,|||,|||,|||,|||
210.223.200.228,210.223.200.228,00000000000000000000000000000000000000000000000000000000000000,|||,|||,|||,|||,|||,|||,|||,|||,|||,|||
187.189.155.138,187.189.155.138,00000000000000000000000000000000000000000000000000000000000000,|||,|||,|||,|||,|||,|||,|||,|||,|||,|||
211.22.25.210,211.22.25.210,00000000000000000000000000000000000000000000000000000000000000,|||,|||,|||,|||,|||,|||,|||,|||,|||,|||
187.195.165.211,187.195.165.211,00000000000000000000000000000000000000000000000000000000000000,|||,|||,|||,|||,|||,|||,|||,|||,|||,|||
182.92.128.154,182.92.128.154,00000000000000000000000000000000000000000000000000000000000000,|||,|||,|||,|||,|||,|||,|||,|||,|||,|||
213.207.255.60,213.207.255.60,00000000000000000000000000000000000000000000000000000000000000,|||,|||,|||,|||,|||,|||,|||,|||,|||,|||
212.102.40.69,212.102.40.69,21d14d00021d21d21c21d14d21d21dcade67768786e23ca695466fb7f94658,c013|0303||ff01-000b-0023-0017,009d|0303||ff01-0023-0017,|||,c013|0303||ff01-000b-0023-0017,c013|0303||ff01-000b-0023-0017,c013|0302||ff01-000b-0023-0017,c013|0303||ff01-000b-0023-0017,009d|0303||ff01-0023-0017,c013|0303||ff01-000b-0023-0017,c013|0303||ff01-000b-0023-0017
216.146.229.136,216.146.229.136,00000000000000000000000000000000000000000000000000000000000000,|||,|||,|||,|||,|||,|||,|||,|||,|||,|||
187.140.216.70,187.140.216.70,00000000000000000000000000000000000000000000000000000000000000,|||,|||,|||,|||,|||,|||,|||,|||,|||,|||
187.167.190.4,187.167.190.4,00000000000000000000000000000000000000000000000000000000000000,|||,|||,|||,|||,|||,|||,|||,|||,|||,|||
187.156.215.174,187.156.215.174,00000000000000000000000000000000000000000000000000000000000000,|||,|||,|||,|||,|||,|||,|||,|||,|||,|||
187.144.215.207,187.144.215.207,00000000000000000000000000000000000000000000000000000000000000,|||,|||,|||,|||,|||,|||,|||,|||,|||,|||
187.152.152.27,187.152.152.27,00000000000000000000000000000000000000000000000000000000000000,|||,|||,|||,|||,|||,|||,|||,|||,|||,|||
187.189.151.138,187.189.151.138,00000000000000000000000000000000000000000000000000000000000000,|||,|||,|||,|||,|||,|||,|||,|||,|||,|||
187.176.73.64,187.176.73.64,00000000000000000000000000000000000000000000000000000000000000,|||,|||,|||,|||,|||,|||,|||,|||,|||,|||
187.195.206.38,187.195.206.38,00000000000000000000000000000000000000000000000000000000000000,|||,|||,|||,|||,|||,|||,|||,|||,|||,|||
187.225.189.83,187.225.189.83,00000000000000000000000000000000000000000000000000000000000000,|||,|||,|||,|||,|||,|||,|||,|||,|||,|||
187.195.83.227,187.195.83.227,00000000000000000000000000000000000000000000000000000000000000,|||,|||,|||,|||,|||,|||,|||,|||,|||,|||
187.208.88.79,187.208.88.79,00000000000000000000000000000000000000000000000000000000000000,|||,|||,|||,|||,|||,|||,|||,|||,|||,|||
187.180.69.61,187.180.69.61,00000000000000000000000000000000000000000000000000000000000000,|||,|||,|||,|||,|||,|||,|||,|||,|||,|||
187.190.204.28,187.190.204.28,00000000000000000000000000000000000000000000000000000000000000,|||,|||,|||,|||,|||,|||,|||,|||,|||,|||
187.161.223.152,187.161.223.152,00000000000000000000000000000000000000000000000000000000000000,|||,|||,|||,|||,|||,|||,|||,|||,|||,|||
187.190.131.178,187.190.131.178,00000000000000000000000000000000000000000000000000000000000000,|||,|||,|||,|||,|||,|||,|||,|||,|||,|||
187.180.81.187,187.180.81.187,00000000000000000000000000000000000000000000000000000000000000,|||,|||,|||,|||,|||,|||,|||,|||,|||,|||
187.189.240.239,187.189.240.239,00000000000000000000000000000000000000000000000000000000000000,|||,|||,|||,|||,|||,|||,|||,|||,|||,|||
187.120.143.5,187.120.143.5,00000000000000000000000000000000000000000000000000000000000000,|||,|||,|||,|||,|||,|||,|||,|||,|||,|||
187.199.0.53,187.199.0.53,00000000000000000000000000000000000000000000000000000000000000,|||,|||,|||,|||,|||,|||,|||,|||,|||,|||
187.195.172.92,187.195.172.92,00000000000000000000000000000000000000000000000000000000000000,|||,|||,|||,|||,|||,|||,|||,|||,|||,|||
187.214.65.99,187.214.65.99,00000000000000000000000000000000000000000000000000000000000000,|||,|||,|||,|||,|||,|||,|||,|||,|||,|||
187.193.125.149,187.193.125.149,00000000000000000000000000000000000000000000000000000000000000,|||,|||,|||,|||,|||,|||,|||,|||,|||,|||
210.12.108.167,210.12.108.167,3fd3fd20d3fd3fd00042d42d0000009a446043bf081833549980e35ec7462f,cca8|0303|h2|ff01-0000-0001-000b-0023-0010-0017,cca8|0303|h2|ff01-0000-0001-000b-0023-0010-0017,c012|0303|h2|ff01-0000-0001-000b-0023-0010-0017,cca8|0303||ff01-0000-0001-000b-0023-0017,cca8|0303||ff01-0000-0001-000b-0023-0017,|||,1302|0303||002b-0033,1302|0303||002b-0033,|||,|||
187.23.100.138,187.23.100.138,00000000000000000000000000000000000000000000000000000000000000,|||,|||,|||,|||,|||,|||,|||,|||,|||,|||
187.190.199.6,187.190.199.6,00000000000000000000000000000000000000000000000000000000000000,|||,|||,|||,|||,|||,|||,|||,|||,|||,|||
200.109.232.58,200.109.232.58,2ad2ad16d2ad2ad0002ad2ad2ad2ad487dfc3734968073f786f66dcf4de1b2,c030|0303||ff01-000b-0023,c030|0303||ff01-000b-0023,009f|0303||ff01-0023,c030|0303||ff01-000b-0023,c030|0303||ff01-000b-0023,|||,c030|0303||ff01-000b-0023,c030|0303||ff01-000b-0023,c030|0303||ff01-000b-0023,c030|0303||ff01-000b-0023
200.73.130.145,200.73.130.145,21d19d00021d21d21c42d43d000000624c0617d7b1f32125cdb5240cd23ec9,c013|0303||ff01-0000-0001-000b-0017,00c0|0303||ff01-0000-0001-0017,|||,c013|0303||ff01-0000-0001-000b-0017,c013|0303||ff01-0000-0001-000b-0017,c013|0302||ff01-0000-0001-000b-0017,1302|0303||002b-0033,1303|0303||002b-0033,|||,|||
187.202.140.28,187.202.140.28,00000000000000000000000000000000000000000000000000000000000000,|||,|||,|||,|||,|||,|||,|||,|||,|||,|||
187.75.152.79,187.75.152.79,00000000000000000000000000000000000000000000000000000000000000,|||,|||,|||,|||,|||,|||,|||,|||,|||,|||
187.85.80.179,187.85.80.179,00000000000000000000000000000000000000000000000000000000000000,|||,|||,|||,|||,|||,|||,|||,|||,|||,|||
187.157.32.38,187.157.32.38,00000000000000000000000000000000000000000000000000000000000000,|||,|||,|||,|||,|||,|||,|||,|||,|||,|||
188.119.112.146,188.119.112.146,00000000000000000000000000000000000000000000000000000000000000,|||,|||,|||,|||,|||,|||,|||,|||,|||,|||
187.63.232.3,187.63.232.3,00000000000000000000000000000000000000000000000000000000000000,|||,|||,|||,|||,|||,|||,|||,|||,|||,|||
187.57.36.3,187.57.36.3,00000000000000000000000000000000000000000000000000000000000000,|||,|||,|||,|||,|||,|||,|||,|||,|||,|||
187.92.43.138,187.92.43.138,00000000000000000000000000000000000000000000000000000000000000,|||,|||,|||,|||,|||,|||,|||,|||,|||,|||
188.124.42.107,188.124.42.107,00000000000000000000000000000000000000000000000000000000000000,|||,|||,|||,|||,|||,|||,|||,|||,|||,|||
187.167.248.244,187.167.248.244,00000000000000000000000000000000000000000000000000000000000000,|||,|||,|||,|||,|||,|||,|||,|||,|||,|||
206.189.131.41,206.189.131.41,16d16d16d2ad16d00016d16d16d16dcbfa3dc4cbab0b48c0129972c7b68de4,009f|0303|h2|ff01-0001-0023-0010-0017,009f|0303|h2|ff01-0001-0023-0010-0017,009f|0303|h2|ff01-0001-0023-0010-0017,c030|0303||ff01-0001-000b-0023-0017,009f|0303||ff01-0001-0023-0017,|||,009f|0303|h2|ff01-0001-0023-0010-0017,009f|0303|h2|ff01-0001-0023-0010-0017,009f|0303|h2|ff01-0001-0023-0010-0017,009f|0303|h2|ff01-0001-0023-0010-0017
188.148.129.182,188.148.129.182,00000000000000000000000000000000000000000000000000000000000000,|||,|||,|||,|||,|||,|||,|||,|||,|||,|||
206.189.156.179,206.189.156.179,00000000000000000000000000000000000000000000000000000000000000,|||,|||,|||,|||,|||,|||,|||,|||,|||,|||
188.128.73.66,188.128.73.66,00000000000000000000000000000000000000000000000000000000000000,|||,|||,|||,|||,|||,|||,|||,|||,|||,|||
216.211.15.27,216.211.15.27,08d08d00008d08d08c08d08d08d08d9674c6b4e623ae36cc2d998e99e2262e,0035|0303||ff01-0023,0035|0303||ff01-0023,|||,0035|0303||ff01-0023,0035|0303||ff01-0023,0035|0302||ff01-0023,0035|0303||ff01-0023,0035|0303||ff01-0023,0035|0303||ff01-0023,0035|0303||ff01-0023
211.197.134.180,211.197.134.180,00000000000000000000000000000000000000000000000000000000000000,|||,|||,|||,|||,|||,|||,|||,|||,|||,|||
188.166.14.89,188.166.14.89,00000000000000000000000000000000000000000000000000000000000000,|||,|||,|||,|||,|||,|||,|||,|||,|||,|||
187.228.70.34,187.228.70.34,00000000000000000000000000000000000000000000000000000000000000,|||,|||,|||,|||,|||,|||,|||,|||,|||,|||
218.57.204.114,218.57.204.114,00000000000000000000000000000000000000000000000000000000000000,|||,|||,|||,|||,|||,|||,|||,|||,|||,|||
187.54.173.244,187.54.173.244,00000000000000000000000000000000000000000000000000000000000000,|||,|||,|||,|||,|||,|||,|||,|||,|||,|||
216.218.97.239,216.218.97.239,08d08d00008d08d08c08d08d08d08d9674c6b4e623ae36cc2d998e99e2262e,0035|0303||ff01-0023,0035|0303||ff01-0023,|||,0035|0303||ff01-0023,0035|0303||ff01-0023,0035|0302||ff01-0023,0035|0303||ff01-0023,0035|0303||ff01-0023,0035|0303||ff01-0023,0035|0303||ff01-0023
213.212.211.162,213.212.211.162,26d26d16d26d26d22c26d26d26d26dd7fc4c7c6ef19b77a4ca0787979cdc13,c028|0303||ff01,c028|0303||ff01,009f|0303||ff01,c028|0303||ff01,c028|0303||ff01,c014|0302||ff01,c028|0303||ff01,c028|0303||ff01,c028|0303||ff01,c028|0303||ff01
187.252.231.13,187.252.231.13,00000000000000000000000000000000000000000000000000000000000000,|||,|||,|||,|||,|||,|||,|||,|||,|||,|||
218.28.106.134,218.28.106.134,00000000000000000000000000000000000000000000000000000000000000,|||,|||,|||,|||,|||,|||,|||,|||,|||,|||
217.129.31.145,217.129.31.145,21b21b00021b21b21b21b21b21b21b4d38a7b5ffb0e5536d09513d9de81205,c013|0301||ff01-000b-0023,c013|0301||ff01-000b-0023,|||,c013|0301||ff01-000b-0023,c013|0301||ff01-000b-0023,c013|0301||ff01-000b-0023,c013|0301||ff01-000b-0023,c013|0301||ff01-000b-0023,c013|0301||ff01-000b-0023,c013|0301||ff01-000b-0023
211.229.82.179,211.229.82.179,00000000000000000000000000000000000000000000000000000000000000,|||,|||,|||,|||,|||,|||,|||,|||,|||,|||
216.218.97.237,216.218.97.237,08d08d00008d08d08c08d08d08d08d9674c6b4e623ae36cc2d998e99e2262e,0035|0303||ff01-0023,0035|0303||ff01-0023,|||,0035|0303||ff01-0023,0035|0303||ff01-0023,0035|0302||ff01-0023,0035|0303||ff01-0023,0035|0303||ff01-0023,0035|0303||ff01-0023,0035|0303||ff01-0023
188.153.237.187,188.153.237.187,00000000000000000000000000000000000000000000000000000000000000,|||,|||,|||,|||,|||,|||,|||,|||,|||,|||
188.127.183.245,188.127.183.245,00000000000000000000000000000000000000000000000000000000000000,|||,|||,|||,|||,|||,|||,|||,|||,|||,|||
188.166.154.110,188.166.154.110,00000000000000000000000000000000000000000000000000000000000000,|||,|||,|||,|||,|||,|||,|||,|||,|||,|||
218.249.69.210,218.249.69.210,00000000000000000000000000000000000000000000000000000000000000,|||,|||,|||,|||,|||,|||,|||,|||,|||,|||
218.103.150.180,218.103.150.180,00000000000000000000000000000000000000000000000000000000000000,|||,|||,|||,|||,|||,|||,|||,|||,|||,|||
187.95.194.147,187.95.194.147,00000000000000000000000000000000000000000000000000000000000000,|||,|||,|||,|||,|||,|||,|||,|||,|||,|||
188.0.133.189,188.0.133.189,00000000000000000000000000000000000000000000000000000000000000,|||,|||,|||,|||,|||,|||,|||,|||,|||,|||
188.127.186.73,188.127.186.73,00000000000000000000000000000000000000000000000000000000000000,|||,|||,|||,|||,|||,|||,|||,|||,|||,|||
188.166.252.163,188.166.252.163,00000000000000000000000000000000000000000000000000000000000000,|||,|||,|||,|||,|||,|||,|||,|||,|||,|||
187.59.114.133,187.59.114.133,00000000000000000000000000000000000000000000000000000000000000,|||,|||,|||,|||,|||,|||,|||,|||,|||,|||
188.166.184.25,188.166.184.25,00000000000000000000000000000000000000000000000000000000000000,|||,|||,|||,|||,|||,|||,|||,|||,|||,|||
188.166.33.116,188.166.33.116,00000000000000000000000000000000000000000000000000000000000000,|||,|||,|||,|||,|||,|||,|||,|||,|||,|||
218.255.69.150,218.255.69.150,00000000000000000000000000000000000000000000000000000000000000,|||,|||,|||,|||,|||,|||,|||,|||,|||,|||
188.169.30.11,188.169.30.11,00000000000000000000000000000000000000000000000000000000000000,|||,|||,|||,|||,|||,|||,|||,|||,|||,|||
188.166.246.252,188.166.246.252,00000000000000000000000000000000000000000000000000000000000000,|||,|||,|||,|||,|||,|||,|||,|||,|||,|||
188.166.234.249,188.166.234.249,00000000000000000000000000000000000000000000000000000000000000,|||,|||,|||,|||,|||,|||,|||,|||,|||,|||
188.168.21.97,188.168.21.97,00000000000000000000000000000000000000000000000000000000000000,|||,|||,|||,|||,|||,|||,|||,|||,|||,|||
206.189.86.209,206.189.86.209,15d3fd16d29d29d00042d43d0000009ec686233a4398bea334ba5e62e34a01,009e|0303|http/1.1|ff01-0001-0023-0010-0017,cca8|0303|http/1.1|ff01-0001-000b-0023-0010-0017,009f|0303|http/1.1|ff01-0001-0023-0010-0017,c02f|0303|http/1.1|ff01-0001-000b-0023-0010-0017,c02f|0303|http/1.1|ff01-0001-000b-0023-0010-0017,|||,1302|0303||002b-0033,1303|0303||002b-0033,|||,|||
188.166.90.171,188.166.90.171,00000000000000000000000000000000000000000000000000000000000000,|||,|||,|||,|||,|||,|||,|||,|||,|||,|||
188.150.204.254,188.150.204.254,00000000000000000000000000000000000000000000000000000000000000,|||,|||,|||,|||,|||,|||,|||,|||,|||,|||
188.169.36.27,188.169.36.27,00000000000000000000000000000000000000000000000000000000000000,|||,|||,|||,|||,|||,|||,|||,|||,|||,|||
216.80.108.138,216.80.108.138,2ad2ad20d2ad2ad22c2ad2ad2ad2ad15a110e3e079cba2b9e84d88fe6e1939,c030|0303||ff01-000b-0023,c030|0303||ff01-000b-0023,c012|0303||ff01-000b-0023,c030|0303||ff01-000b-0023,c030|0303||ff01-000b-0023,c014|0302||ff01-000b-0023,c030|0303||ff01-000b-0023,c030|0303||ff01-000b-0023,c030|0303||ff01-000b-0023,c030|0303||ff01-000b-0023
188.166.88.66,188.166.88.66,00000000000000000000000000000000000000000000000000000000000000,|||,|||,|||,|||,|||,|||,|||,|||,|||,|||
188.172.86.89,188.172.86.89,00000000000000000000000000000000000000000000000000000000000000,|||,|||,|||,|||,|||,|||,|||,|||,|||,|||
195.24.207.209,195.24.207.209,29d29d15d29d29d21c29d29d29d29dc7639a2c8ee8049d85e08031e30b69d9,c02f|0303|http/1.1|ff01-000b-0023-0010,c02f|0303|http/1.1|ff01-000b-0023-0010,009e|0303|http/1.1|ff01-0023-0010,c02f|0303|http/1.1|ff01-000b-0023-0010,c02f|0303|http/1.1|ff01-000b-0023-0010,c013|0302|http/1.1|ff01-000b-0023-0010,c02f|0303|http/1.1|ff01-000b-0023-0010,c02f|0303|http/1.1|ff01-000b-0023-0010,c02f|0303|http/1.1|ff01-000b-0023-0010,c02f|0303|http/1.1|ff01-000b-0023-0010
188.169.36.159,188.169.36.159,00000000000000000000000000000000000000000000000000000000000000,|||,|||,|||,|||,|||,|||,|||,|||,|||,|||
213.6.42.118,213.6.42.118,07d0bd0fd21d21d07c42d43d000000f50d155305214cf247147c43c0f1a823,0033|0303||ff01-0001-0023-0017,003d|0303||ff01-0001-0023-0017,006b|0303||ff01-0001-0023-0017,c013|0303||ff01-0001-000b-0023-0017,c013|0303||ff01-0001-000b-0023-0017,0033|0302||ff01-0001-0023-0017,1302|0303||002b-0033,1303|0303||002b-0033,|||,|||
188.169.174.237,188.169.174.237,00000000000000000000000000000000000000000000000000000000000000,|||,|||,|||,|||,|||,|||,|||,|||,|||,|||
216.82.192.214,216.82.192.214,08d08d00008d08d08c08d08d08d08d9674c6b4e623ae36cc2d998e99e2262e,0035|0303||ff01-0023,0035|0303||ff01-0023,|||,0035|0303||ff01-0023,0035|0303||ff01-0023,0035|0302||ff01-0023,0035|0303||ff01-0023,0035|0303||ff01-0023,0035|0303||ff01-0023,0035|0303||ff01-0023
182.92.97.190,182.92.97.190,00000000000000000000000000000000000000000000000000000000000000,|||,|||,|||,|||,|||,|||,|||,|||,|||,|||
213.34.163.254,213.34.163.254,00000000000000000000000000000000000000000000000000000000000000,|||,|||,|||,|||,|||,|||,|||,|||,|||,|||
188.38.128.138,188.38.128.138,00000000000000000000000000000000000000000000000000000000000000,|||,|||,|||,|||,|||,|||,|||,|||,|||,|||
218.244.136.138,218.244.136.138,00000000000000000000000000000000000000000000000000000000000000,|||,|||,|||,|||,|||,|||,|||,|||,|||,|||
211.184.127.80,211.184.127.80,00000000000000000000000000000000000000000000000000000000000000,|||,|||,|||,|||,|||,|||,|||,|||,|||,|||
188.239.27.18,188.239.27.18,00000000000000000000000000000000000000000000000000000000000000,|||,|||,|||,|||,|||,|||,|||,|||,|||,|||
188.36.198.232,188.36.198.232,00000000000000000000000000000000000000000000000000000000000000,|||,|||,|||,|||,|||,|||,|||,|||,|||,|||
188.254.76.69,188.254.76.69,00000000000000000000000000000000000000000000000000000000000000,|||,|||,|||,|||,|||,|||,|||,|||,|||,|||
203.248.175.71,203.248.175.71,16d16d16d14d16d09c16d16d16d16da441f40918707087561e2af18cf76f0e,009f|0303||ff01-0023,009f|0303||ff01-0023,009f|0303||ff01-0023,009d|0303||ff01-0023,009f|0303||ff01-0023,0039|0302||ff01-0023,009f|0303||ff01-0023,009f|0303||ff01-0023,009f|0303||ff01-0023,009f|0303||ff01-0023
188.208.219.101,188.208.219.101,00000000000000000000000000000000000000000000000000000000000000,|||,|||,|||,|||,|||,|||,|||,|||,|||,|||
218.22.93.6,218.22.93.6,00000000000000000000000000000000000000000000000000000000000000,|||,|||,|||,|||,|||,|||,|||,|||,|||,|||
188.36.243.14,188.36.243.14,00000000000000000000000000000000000000000000000000000000000000,|||,|||,|||,|||,|||,|||,|||,|||,|||,|||
188.40.162.39,188.40.162.39,00000000000000000000000000000000000000000000000000000000000000,|||,|||,|||,|||,|||,|||,|||,|||,|||,|||
218.146.248.114,218.146.248.114,00000000000000000000000000000000000000000000000000000000000000,|||,|||,|||,|||,|||,|||,|||,|||,|||,|||
218.244.138.104,218.244.138.104,00000000000000000000000000000000000000000000000000000000000000,|||,|||,|||,|||,|||,|||,|||,|||,|||,|||
219.73.91.232,219.73.91.232,00000000000000000000000000000000000000000000000000000000000000,|||,|||,|||,|||,|||,|||,|||,|||,|||,|||
188.166.83.110,188.166.83.110,00000000000000000000000000000000000000000000000000000000000000,|||,|||,|||,|||,|||,|||,|||,|||,|||,|||
188.68.217.167,188.68.217.167,00000000000000000000000000000000000000000000000000000000000000,|||,|||,|||,|||,|||,|||,|||,|||,|||,|||
188.9.231.131,188.9.231.131,00000000000000000000000000000000000000000000000000000000000000,|||,|||,|||,|||,|||,|||,|||,|||,|||,|||
188.93.27.222,188.93.27.222,00000000000000000000000000000000000000000000000000000000000000,|||,|||,|||,|||,|||,|||,|||,|||,|||,|||
188.26.118.102,188.26.118.102,00000000000000000000000000000000000000000000000000000000000000,|||,|||,|||,|||,|||,|||,|||,|||,|||,|||
188.68.217.28,188.68.217.28,00000000000000000000000000000000000000000000000000000000000000,|||,|||,|||,|||,|||,|||,|||,|||,|||,|||
180.215.192.140,180.215.192.140,00000000000000000000000000000000000000000000000000000000000000,|||,|||,|||,|||,|||,|||,|||,|||,|||,|||
188.166.90.186,188.166.90.186,00000000000000000000000000000000000000000000000000000000000000,|||,|||,|||,|||,|||,|||,|||,|||,|||,|||
218.233.97.131,218.233.97.131,00000000000000000000000000000000000000000000000000000000000000,|||,|||,|||,|||,|||,|||,|||,|||,|||,|||
189.1.162.2,189.1.162.2,00000000000000000000000000000000000000000000000000000000000000,|||,|||,|||,|||,|||,|||,|||,|||,|||,|||
188.54.126.198,188.54.126.198,00000000000000000000000000000000000000000000000000000000000000,|||,|||,|||,|||,|||,|||,|||,|||,|||,|||
188.54.112.63,188.54.112.63,00000000000000000000000000000000000000000000000000000000000000,|||,|||,|||,|||,|||,|||,|||,|||,|||,|||
188.217.2.226,188.217.2.226,00000000000000000000000000000000000000000000000000000000000000,|||,|||,|||,|||,|||,|||,|||,|||,|||,|||
188.71.253.156,188.71.253.156,00000000000000000000000000000000000000000000000000000000000000,|||,|||,|||,|||,|||,|||,|||,|||,|||,|||
218.161.108.207,218.161.108.207,00000000000000000000000000000000000000000000000000000000000000,|||,|||,|||,|||,|||,|||,|||,|||,|||,|||
218.156.125.171,218.156.125.171,00000000000000000000000000000000000000000000000000000000000000,|||,|||,|||,|||,|||,|||,|||,|||,|||,|||
218.54.223.47,218.54.223.47,00000000000000000000000000000000000000000000000000000000000000,|||,|||,|||,|||,|||,|||,|||,|||,|||,|||
189.13.71.127,189.13.71.127,00000000000000000000000000000000000000000000000000000000000000,|||,|||,|||,|||,|||,|||,|||,|||,|||,|||
218.149.99.113,218.149.99.113,00000000000000000000000000000000000000000000000000000000000000,|||,|||,|||,|||,|||,|||,|||,|||,|||,|||
218.234.91.87,218.234.91.87,00000000000000000000000000000000000000000000000000000000000000,|||,|||,|||,|||,|||,|||,|||,|||,|||,|||
189.13.57.227,189.13.57.227,00000000000000000000000000000000000000000000000000000000000000,|||,|||,|||,|||,|||,|||,|||,|||,|||,|||
189.143.62.105,189.143.62.105,00000000000000000000000000000000000000000000000000000000000000,|||,|||,|||,|||,|||,|||,|||,|||,|||,|||
188.6.119.253,188.6.119.253,00000000000000000000000000000000000000000000000000000000000000,|||,|||,|||,|||,|||,|||,|||,|||,|||,|||
189.135.2.72,189.135.2.72,00000000000000000000000000000000000000000000000000000000000000,|||,|||,|||,|||,|||,|||,|||,|||,|||,|||
188.64.205.249,188.64.205.249,00000000000000000000000000000000000000000000000000000000000000,|||,|||,|||,|||,|||,|||,|||,|||,|||,|||
189.135.194.97,189.135.194.97,00000000000000000000000000000000000000000000000000000000000000,|||,|||,|||,|||,|||,|||,|||,|||,|||,|||
189.135.247.210,189.135.247.210,00000000000000000000000000000000000000000000000000000000000000,|||,|||,|||,|||,|||,|||,|||,|||,|||,|||
189.146.52.253,189.146.52.253,00000000000000000000000000000000000000000000000000000000000000,|||,|||,|||,|||,|||,|||,|||,|||,|||,|||
189.109.245.83,189.109.245.83,00000000000000000000000000000000000000000000000000000000000000,|||,|||,|||,|||,|||,|||,|||,|||,|||,|||
203.69.64.199,203.69.64.199,26d26d16d26d26d22c26d26d26d26dfd9c9d14e4f4f67f94f0359f8b28f532,c028|0303||0017-ff01,c028|0303||0017-ff01,009f|0303||0017-ff01,c028|0303||0017-ff01,c028|0303||0017-ff01,c014|0302||0017-ff01,c028|0303||0017-ff01,c028|0303||0017-ff01,c028|0303||0017-ff01,c028|0303||0017-ff01
189.145.163.228,189.145.163.228,00000000000000000000000000000000000000000000000000000000000000,|||,|||,|||,|||,|||,|||,|||,|||,|||,|||
188.19.177.167,188.19.177.167,00000000000000000000000000000000000000000000000000000000000000,|||,|||,|||,|||,|||,|||,|||,|||,|||,|||
188.26.125.26,188.26.125.26,00000000000000000000000000000000000000000000000000000000000000,|||,|||,|||,|||,|||,|||,|||,|||,|||,|||
189.150.209.169,189.150.209.169,00000000000000000000000000000000000000000000000000000000000000,|||,|||,|||,|||,|||,|||,|||,|||,|||,|||
189.152.185.172,189.152.185.172,00000000000000000000000000000000000000000000000000000000000000,|||,|||,|||,|||,|||,|||,|||,|||,|||,|||
189.161.193.70,189.161.193.70,00000000000000000000000000000000000000000000000000000000000000,|||,|||,|||,|||,|||,|||,|||,|||,|||,|||
189.152.136.99,189.152.136.99,00000000000000000000000000000000000000000000000000000000000000,|||,|||,|||,|||,|||,|||,|||,|||,|||,|||
188.49.81.64,188.49.81.64,00000000000000000000000000000000000000000000000000000000000000,|||,|||,|||,|||,|||,|||,|||,|||,|||,|||
189.148.184.21,189.148.184.21,00000000000000000000000000000000000000000000000000000000000000,|||,|||,|||,|||,|||,|||,|||,|||,|||,|||
189.151.104.33,189.151.104.33,00000000000000000000000000000000000000000000000000000000000000,|||,|||,|||,|||,|||,|||,|||,|||,|||,|||
189.160.115.116,189.160.115.116,00000000000000000000000000000000000000000000000000000000000000,|||,|||,|||,|||,|||,|||,|||,|||,|||,|||
202.39.211.248,202.39.211.248,04b02b00004b04b04b04b02b04b04b9674c6b4e623ae36cc2d998e99e2262e,000a|0301||ff01-0023,0005|0301||ff01-0023,|||,000a|0301||ff01-0023,000a|0301||ff01-0023,000a|0301||ff01-0023,000a|0301||ff01-0023,0005|0301||ff01-0023,000a|0301||ff01-0023,000a|0301||ff01-0023
189.172.144.164,189.172.144.164,00000000000000000000000000000000000000000000000000000000000000,|||,|||,|||,|||,|||,|||,|||,|||,|||,|||
189.157.43.102,189.157.43.102,00000000000000000000000000000000000000000000000000000000000000,|||,|||,|||,|||,|||,|||,|||,|||,|||,|||
202.39.23.42,202.39.23.42,00000000000000000000000000000000000000000000000000000000000000,|||,|||,|||,|||,|||,|||,|||,|||,|||,|||
189.153.201.41,189.153.201.41,00000000000000000000000000000000000000000000000000000000000000,|||,|||,|||,|||,|||,|||,|||,|||,|||,|||
189.148.203.1,189.148.203.1,00000000000000000000000000000000000000000000000000000000000000,|||,|||,|||,|||,|||,|||,|||,|||,|||,|||
189.163.143.212,189.163.143.212,00000000000000000000000000000000000000000000000000000000000000,|||,|||,|||,|||,|||,|||,|||,|||,|||,|||
189.178.127.196,189.178.127.196,00000000000000000000000000000000000000000000000000000000000000,|||,|||,|||,|||,|||,|||,|||,|||,|||,|||
189.186.9.148,189.186.9.148,00000000000000000000000000000000000000000000000000000000000000,|||,|||,|||,|||,|||,|||,|||,|||,|||,|||
189.231.99.23,189.231.99.23,00000000000000000000000000000000000000000000000000000000000000,|||,|||,|||,|||,|||,|||,|||,|||,|||,|||
212.64.6.10,212.64.6.10,00000000000000000000000000000000000000000000000000000000000000,|||,|||,|||,|||,|||,|||,|||,|||,|||,|||
189.195.200.84,189.195.200.84,00000000000000000000000000000000000000000000000000000000000000,|||,|||,|||,|||,|||,|||,|||,|||,|||,|||
189.179.246.208,189.179.246.208,00000000000000000000000000000000000000000000000000000000000000,|||,|||,|||,|||,|||,|||,|||,|||,|||,|||
189.198.188.28,189.198.188.28,00000000000000000000000000000000000000000000000000000000000000,|||,|||,|||,|||,|||,|||,|||,|||,|||,|||
189.201.148.189,189.201.148.189,00000000000000000000000000000000000000000000000000000000000000,|||,|||,|||,|||,|||,|||,|||,|||,|||,|||
189.195.41.222,189.195.41.222,00000000000000000000000000000000000000000000000000000000000000,|||,|||,|||,|||,|||,|||,|||,|||,|||,|||
189.18.173.123,189.18.173.123,00000000000000000000000000000000000000000000000000000000000000,|||,|||,|||,|||,|||,|||,|||,|||,|||,|||
189.203.150.235,189.203.150.235,00000000000000000000000000000000000000000000000000000000000000,|||,|||,|||,|||,|||,|||,|||,|||,|||,|||
202.51.97.204,202.51.97.204,29d29d15d29d29d21c29d29d29d29d47321614530b94a96fa03d06e666d6d6,c02f|0303|http/1.1|ff01-000b-0023-0010,c02f|0303|http/1.1|ff01-000b-0023-0010,009e|0303|http/1.1|ff01-0023-0010,c02f|0303||ff01-000b-0023,c02f|0303||ff01-000b-0023,c013|0302|http/1.1|ff01-000b-0023-0010,c02f|0303|http/1.1|ff01-000b-0023-0010,c02f|0303|http/1.1|ff01-000b-0023-0010,c02f|0303|http/1.1|ff01-000b-0023-0010,c02f|0303|http/1.1|ff01-000b-0023-0010
189.206.171.164,189.206.171.164,00000000000000000000000000000000000000000000000000000000000000,|||,|||,|||,|||,|||,|||,|||,|||,|||,|||
189.203.106.102,189.203.106.102,00000000000000000000000000000000000000000000000000000000000000,|||,|||,|||,|||,|||,|||,|||,|||,|||,|||
218.149.29.151,218.149.29.151,00000000000000000000000000000000000000000000000000000000000000,|||,|||,|||,|||,|||,|||,|||,|||,|||,|||
189.225.12.111,189.225.12.111,00000000000000000000000000000000000000000000000000000000000000,|||,|||,|||,|||,|||,|||,|||,|||,|||,|||
219.79.104.208,219.79.104.208,00000000000000000000000000000000000000000000000000000000000000,|||,|||,|||,|||,|||,|||,|||,|||,|||,|||
189.203.240.2,189.203.240.2,00000000000000000000000000000000000000000000000000000000000000,|||,|||,|||,|||,|||,|||,|||,|||,|||,|||
189.216.243.107,189.216.243.107,00000000000000000000000000000000000000000000000000000000000000,|||,|||,|||,|||,|||,|||,|||,|||,|||,|||
189.243.178.239,189.243.178.239,00000000000000000000000000000000000000000000000000000000000000,|||,|||,|||,|||,|||,|||,|||,|||,|||,|||
219.233.17.173,219.233.17.173,00000000000000000000000000000000000000000000000000000000000000,|||,|||,|||,|||,|||,|||,|||,|||,|||,|||
189.190.183.7,189.190.183.7,00000000000000000000000000000000000000000000000000000000000000,|||,|||,|||,|||,|||,|||,|||,|||,|||,|||
189.243.126.116,189.243.126.116,00000000000000000000000000000000000000000000000000000000000000,|||,|||,|||,|||,|||,|||,|||,|||,|||,|||
189.206.51.226,189.206.51.226,00000000000000000000000000000000000000000000000000000000000000,|||,|||,|||,|||,|||,|||,|||,|||,|||,|||
189.250.112.229,189.250.112.229,00000000000000000000000000000000000000000000000000000000000000,|||,|||,|||,|||,|||,|||,|||,|||,|||,|||
189.217.198.183,189.217.198.183,00000000000000000000000000000000000000000000000000000000000000,|||,|||,|||,|||,|||,|||,|||,|||,|||,|||
189.252.242.1,189.252.242.1,00000000000000000000000000000000000000000000000000000000000000,|||,|||,|||,|||,|||,|||,|||,|||,|||,|||
189.245.107.198,189.245.107.198,00000000000000000000000000000000000000000000000000000000000000,|||,|||,|||,|||,|||,|||,|||,|||,|||,|||
180.215.192.163,180.215.192.163,00000000000000000000000000000000000000000000000000000000000000,|||,|||,|||,|||,|||,|||,|||,|||,|||,|||
189.83.118.116,189.83.118.116,00000000000000000000000000000000000000000000000000000000000000,|||,|||,|||,|||,|||,|||,|||,|||,|||,|||
189.244.68.89,189.244.68.89,00000000000000000000000000000000000000000000000000000000000000,|||,|||,|||,|||,|||,|||,|||,|||,|||,|||
189.39.33.145,189.39.33.145,00000000000000000000000000000000000000000000000000000000000000,|||,|||,|||,|||,|||,|||,|||,|||,|||,|||
189.48.184.173,189.48.184.173,00000000000000000000000000000000000000000000000000000000000000,|||,|||,|||,|||,|||,|||,|||,|||,|||,|||
189.85.36.110,189.85.36.110,00000000000000000000000000000000000000000000000000000000000000,|||,|||,|||,|||,|||,|||,|||,|||,|||,|||
189.57.109.210,189.57.109.210,00000000000000000000000000000000000000000000000000000000000000,|||,|||,|||,|||,|||,|||,|||,|||,|||,|||
189.4.191.104,189.4.191.104,00000000000000000000000000000000000000000000000000000000000000,|||,|||,|||,|||,|||,|||,|||,|||,|||,|||
190.115.196.208,190.115.196.208,00000000000000000000000000000000000000000000000000000000000000,|||,|||,|||,|||,|||,|||,|||,|||,|||,|||
218.75.240.104,218.75.240.104,00000000000000000000000000000000000000000000000000000000000000,|||,|||,|||,|||,|||,|||,|||,|||,|||,|||
203.162.76.32,203.162.76.32,21d19d00021d21d21c21d19d21d21d3b0d229d76f2fd7cb8e23bb87da38a20,c013|0303|http/1.1|ff01-0000-0001-000b-0023-0010-0017,00c0|0303|http/1.1|ff01-0000-0001-0023-0010-0017,|||,c013|0303||ff01-0000-0001-000b-0023-0017,c013|0303||ff01-0000-0001-000b-0023-0017,c013|0302|http/1.1|ff01-0000-0001-000b-0023-0010-0017,c013|0303|http/1.1|ff01-0000-0001-000b-0023-0010-0017,00c0|0303|http/1.1|ff01-0000-0001-0023-0010-0017,c013|0303|http/1.1|ff01-0000-0001-000b-0023-0010-0017,c013|0303|http/1.1|ff01-0000-0001-000b-0023-0010-0017
189.252.155.33,189.252.155.33,00000000000000000000000000000000000000000000000000000000000000,|||,|||,|||,|||,|||,|||,|||,|||,|||,|||
189.85.40.89,189.85.40.89,00000000000000000000000000000000000000000000000000000000000000,|||,|||,|||,|||,|||,|||,|||,|||,|||,|||
189.243.53.33,189.243.53.33,00000000000000000000000000000000000000000000000000000000000000,|||,|||,|||,|||,|||,|||,|||,|||,|||,|||
189.80.111.61,189.80.111.61,00000000000000000000000000000000000000000000000000000000000000,|||,|||,|||,|||,|||,|||,|||,|||,|||,|||
189.57.159.90,189.57.159.90,00000000000000000000000000000000000000000000000000000000000000,|||,|||,|||,|||,|||,|||,|||,|||,|||,|||
189.89.169.205,189.89.169.205,00000000000000000000000000000000000000000000000000000000000000,|||,|||,|||,|||,|||,|||,|||,|||,|||,|||
189.91.97.65,189.91.97.65,00000000000000000000000000000000000000000000000000000000000000,|||,|||,|||,|||,|||,|||,|||,|||,|||,|||
190.0.49.178,190.0.49.178,00000000000000000000000000000000000000000000000000000000000000,|||,|||,|||,|||,|||,|||,|||,|||,|||,|||
189.222.197.106,189.222.197.106,00000000000000000000000000000000000000000000000000000000000000,|||,|||,|||,|||,|||,|||,|||,|||,|||,|||
190.111.246.85,190.111.246.85,00000000000000000000000000000000000000000000000000000000000000,|||,|||,|||,|||,|||,|||,|||,|||,|||,|||
190.114.253.207,190.114.253.207,00000000000000000000000000000000000000000000000000000000000000,|||,|||,|||,|||,|||,|||,|||,|||,|||,|||
211.100.61.113,211.100.61.113,00000000000000000000000000000000000000000000000000000000000000,|||,|||,|||,|||,|||,|||,|||,|||,|||,|||
190.111.9.84,190.111.9.84,00000000000000000000000000000000000000000000000000000000000000,|||,|||,|||,|||,|||,|||,|||,|||,|||,|||
190.123.193.24,190.123.193.24,00000000000000000000000000000000000000000000000000000000000000,|||,|||,|||,|||,|||,|||,|||,|||,|||,|||
190.128.172.82,190.128.172.82,00000000000000000000000000000000000000000000000000000000000000,|||,|||,|||,|||,|||,|||,|||,|||,|||,|||
190.140.246.230,190.140.246.230,00000000000000000000000000000000000000000000000000000000000000,|||,|||,|||,|||,|||,|||,|||,|||,|||,|||
217.218.219.146,217.218.219.146,00000000000000000000000000000000000000000000000000000000000000,|||,|||,|||,|||,|||,|||,|||,|||,|||,|||
190.141.86.72,190.141.86.72,00000000000000000000000000000000000000000000000000000000000000,|||,|||,|||,|||,|||,|||,|||,|||,|||,|||
218.164.166.220,218.164.166.220,00000000000000000000000000000000000000000000000000000000000000,|||,|||,|||,|||,|||,|||,|||,|||,|||,|||
190.154.216.109,190.154.216.109,00000000000000000000000000000000000000000000000000000000000000,|||,|||,|||,|||,|||,|||,|||,|||,|||,|||
190.145.118.122,190.145.118.122,00000000000000000000000000000000000000000000000000000000000000,|||,|||,|||,|||,|||,|||,|||,|||,|||,|||
190.152.10.249,190.152.10.249,00000000000000000000000000000000000000000000000000000000000000,|||,|||,|||,|||,|||,|||,|||,|||,|||,|||
190.151.118.187,190.151.118.187,00000000000000000000000000000000000000000000000000000000000000,|||,|||,|||,|||,|||,|||,|||,|||,|||,|||
190.195.210.23,190.195.210.23,00000000000000000000000000000000000000000000000000000000000000,|||,|||,|||,|||,|||,|||,|||,|||,|||,|||
190.186.243.67,190.186.243.67,00000000000000000000000000000000000000000000000000000000000000,|||,|||,|||,|||,|||,|||,|||,|||,|||,|||
190.147.3.2,190.147.3.2,00000000000000000000000000000000000000000000000000000000000000,|||,|||,|||,|||,|||,|||,|||,|||,|||,|||
190.163.109.249,190.163.109.249,00000000000000000000000000000000000000000000000000000000000000,|||,|||,|||,|||,|||,|||,|||,|||,|||,|||
190.171.137.146,190.171.137.146,00000000000000000000000000000000000000000000000000000000000000,|||,|||,|||,|||,|||,|||,|||,|||,|||,|||
190.153.242.186,190.153.242.186,00000000000000000000000000000000000000000000000000000000000000,|||,|||,|||,|||,|||,|||,|||,|||,|||,|||
203.125.236.222,203.125.236.222,07d0bd0fd21d21d07c07d0bd07d21de77d7d390b8938342b77c0ea37fc40c4,0033|0303||ff01-0023-0017,003d|0303||ff01-0023-0017,006b|0303||ff01-0023-0017,c013|0303||ff01-000b-0023-0017,c013|0303||ff01-000b-0023-0017,0033|0302||ff01-0023-0017,0033|0303||ff01-0023-0017,003d|0303||ff01-0023-0017,0033|0303||ff01-0023-0017,c013|0303||ff01-000b-0023-0017
190.218.195.227,190.218.195.227,00000000000000000000000000000000000000000000000000000000000000,|||,|||,|||,|||,|||,|||,|||,|||,|||,|||
190.236.224.215,190.236.224.215,00000000000000000000000000000000000000000000000000000000000000,|||,|||,|||,|||,|||,|||,|||,|||,|||,|||
190.213.154.106,190.213.154.106,00000000000000000000000000000000000000000000000000000000000000,|||,|||,|||,|||,|||,|||,|||,|||,|||,|||
190.55.240.18,190.55.240.18,00000000000000000000000000000000000000000000000000000000000000,|||,|||,|||,|||,|||,|||,|||,|||,|||,|||
190.238.35.27,190.238.35.27,00000000000000000000000000000000000000000000000000000000000000,|||,|||,|||,|||,|||,|||,|||,|||,|||,|||
190.61.55.155,190.61.55.155,00000000000000000000000000000000000000000000000000000000000000,|||,|||,|||,|||,|||,|||,|||,|||,|||,|||
190.81.50.34,190.81.50.34,00000000000000000000000000000000000000000000000000000000000000,|||,|||,|||,|||,|||,|||,|||,|||,|||,|||
190.83.176.74,190.83.176.74,00000000000000000000000000000000000000000000000000000000000000,|||,|||,|||,|||,|||,|||,|||,|||,|||,|||
190.4.185.27,190.4.185.27,00000000000000000000000000000000000000000000000000000000000000,|||,|||,|||,|||,|||,|||,|||,|||,|||,|||
190.151.75.22,190.151.75.22,00000000000000000000000000000000000000000000000000000000000000,|||,|||,|||,|||,|||,|||,|||,|||,|||,|||
190.64.90.154,190.64.90.154,00000000000000000000000000000000000000000000000000000000000000,|||,|||,|||,|||,|||,|||,|||,|||,|||,|||
190.77.5.213,190.77.5.213,00000000000000000000000000000000000000000000000000000000000000,|||,|||,|||,|||,|||,|||,|||,|||,|||,|||
210.61.216.104,210.61.216.104,2ad2ad16d2ad2ad22c2ad2ad2ad2ad579b2ec9bfaf00aff9d6fe780b7932ae,c030|0303||0000-ff01-000b-0023,c030|0303||0000-ff01-000b-0023,009f|0303||0000-ff01-0023,c030|0303||0000-ff01-000b-0023,c030|0303||0000-ff01-000b-0023,c014|0302||0000-ff01-000b-0023,c030|0303||0000-ff01-000b-0023,c030|0303||0000-ff01-000b-0023,c030|0303||0000-ff01-000b-0023,c030|0303||0000-ff01-000b-0023
219.94.82.103,219.94.82.103,00000000000000000000000000000000000000000000000000000000000000,|||,|||,|||,|||,|||,|||,|||,|||,|||,|||
191.185.32.63,191.185.32.63,00000000000000000000000000000000000000000000000000000000000000,|||,|||,|||,|||,|||,|||,|||,|||,|||,|||
190.85.134.194,190.85.134.194,00000000000000000000000000000000000000000000000000000000000000,|||,|||,|||,|||,|||,|||,|||,|||,|||,|||
190.89.178.54,190.89.178.54,00000000000000000000000000000000000000000000000000000000000000,|||,|||,|||,|||,|||,|||,|||,|||,|||,|||
195.24.207.221,195.24.207.221,00000000000000000000000000000000000000000000000000000000000000,|||,|||,|||,|||,|||,|||,|||,|||,|||,|||
190.94.245.163,190.94.245.163,00000000000000000000000000000000000000000000000000000000000000,|||,|||,|||,|||,|||,|||,|||,|||,|||,|||
191.185.29.206,191.185.29.206,00000000000000000000000000000000000000000000000000000000000000,|||,|||,|||,|||,|||,|||,|||,|||,|||,|||
191.185.188.105,191.185.188.105,00000000000000000000000000000000000000000000000000000000000000,|||,|||,|||,|||,|||,|||,|||,|||,|||,|||
191.163.156.244,191.163.156.244,00000000000000000000000000000000000000000000000000000000000000,|||,|||,|||,|||,|||,|||,|||,|||,|||,|||
190.121.149.132,190.121.149.132,00000000000000000000000000000000000000000000000000000000000000,|||,|||,|||,|||,|||,|||,|||,|||,|||,|||
190.97.226.117,190.97.226.117,00000000000000000000000000000000000000000000000000000000000000,|||,|||,|||,|||,|||,|||,|||,|||,|||,|||
191.188.72.91,191.188.72.91,00000000000000000000000000000000000000000000000000000000000000,|||,|||,|||,|||,|||,|||,|||,|||,|||,|||
191.223.175.60,191.223.175.60,00000000000000000000000000000000000000000000000000000000000000,|||,|||,|||,|||,|||,|||,|||,|||,|||,|||
192.0.141.206,192.0.141.206,00000000000000000000000000000000000000000000000000000000000000,|||,|||,|||,|||,|||,|||,|||,|||,|||,|||
191.97.10.224,191.97.10.224,00000000000000000000000000000000000000000000000000000000000000,|||,|||,|||,|||,|||,|||,|||,|||,|||,|||
192.169.176.28,192.169.176.28,00000000000000000000000000000000000000000000000000000000000000,|||,|||,|||,|||,|||,|||,|||,|||,|||,|||
190.97.188.105,190.97.188.105,00000000000000000000000000000000000000000000000000000000000000,|||,|||,|||,|||,|||,|||,|||,|||,|||,|||
192.154.229.106,192.154.229.106,00000000000000000000000000000000000000000000000000000000000000,|||,|||,|||,|||,|||,|||,|||,|||,|||,|||
218.94.6.82,218.94.6.82,00000000000000000000000000000000000000000000000000000000000000,|||,|||,|||,|||,|||,|||,|||,|||,|||,|||
191.182.231.106,191.182.231.106,00000000000000000000000000000000000000000000000000000000000000,|||,|||,|||,|||,|||,|||,|||,|||,|||,|||
191.223.63.76,191.223.63.76,00000000000000000000000000000000000000000000000000000000000000,|||,|||,|||,|||,|||,|||,|||,|||,|||,|||
191.99.250.31,191.99.250.31,00000000000000000000000000000000000000000000000000000000000000,|||,|||,|||,|||,|||,|||,|||,|||,|||,|||
192.136.234.110,192.136.234.110,00000000000000000000000000000000000000000000000000000000000000,|||,|||,|||,|||,|||,|||,|||,|||,|||,|||
219.249.25.251,219.249.25.251,00000000000000000000000000000000000000000000000000000000000000,|||,|||,|||,|||,|||,|||,|||,|||,|||,|||
192.225.126.245,192.225.126.245,00000000000000000000000000000000000000000000000000000000000000,|||,|||,|||,|||,|||,|||,|||,|||,|||,|||
192.210.143.199,192.210.143.199,00000000000000000000000000000000000000000000000000000000000000,|||,|||,|||,|||,|||,|||,|||,|||,|||,|||
192.184.240.31,192.184.240.31,00000000000000000000000000000000000000000000000000000000000000,|||,|||,|||,|||,|||,|||,|||,|||,|||,|||
220.130.130.241,220.130.130.241,00000000000000000000000000000000000000000000000000000000000000,|||,|||,|||,|||,|||,|||,|||,|||,|||,|||
192.226.232.235,192.226.232.235,00000000000000000000000000000000000000000000000000000000000000,|||,|||,|||,|||,|||,|||,|||,|||,|||,|||
192.210.239.171,192.210.239.171,00000000000000000000000000000000000000000000000000000000000000,|||,|||,|||,|||,|||,|||,|||,|||,|||,|||
192.192.1.192,192.192.1.192,00000000000000000000000000000000000000000000000000000000000000,|||,|||,|||,|||,|||,|||,|||,|||,|||,|||
192.228.152.1,192.228.152.1,00000000000000000000000000000000000000000000000000000000000000,|||,|||,|||,|||,|||,|||,|||,|||,|||,|||
220.189.253.93,220.189.253.93,00000000000000000000000000000000000000000000000000000000000000,|||,|||,|||,|||,|||,|||,|||,|||,|||,|||
192.227.152.112,192.227.152.112,00000000000000000000000000000000000000000000000000000000000000,|||,|||,|||,|||,|||,|||,|||,|||,|||,|||
220.125.91.14,220.125.91.14,00000000000000000000000000000000000000000000000000000000000000,|||,|||,|||,|||,|||,|||,|||,|||,|||,|||
191.5.240.254,191.5.240.254,00000000000000000000000000000000000000000000000000000000000000,|||,|||,|||,|||,|||,|||,|||,|||,|||,|||
183.251.101.129,183.251.101.129,00000000000000000000000000000000000000000000000000000000000000,|||,|||,|||,|||,|||,|||,|||,|||,|||,|||
221.11.115.54,221.11.115.54,00000000000000000000000000000000000000000000000000000000000000,|||,|||,|||,|||,|||,|||,|||,|||,|||,|||
192.241.201.187,192.241.201.187,00000000000000000000000000000000000000000000000000000000000000,|||,|||,|||,|||,|||,|||,|||,|||,|||,|||
220.127.102.7,220.127.102.7,00000000000000000000000000000000000000000000000000000000000000,|||,|||,|||,|||,|||,|||,|||,|||,|||,|||
211.38.86.67,211.38.86.67,26d26d00026d26d22c26d26d26d26d2bb1101b28b790bf5d9d4dcad463fdc2,c028|0303||ff01,c028|0303||ff01,|||,c028|0303||ff01,c028|0303||ff01,c014|0302||ff01,c028|0303||ff01,c028|0303||ff01,c028|0303||ff01,c028|0303||ff01
218.24.173.120,218.24.173.120,07d02d09d04d04d07c07d02d07d04da441f40918707087561e2af18cf76f0e,0033|0303||ff01-0023,0005|0303||ff01-0023,0039|0303||ff01-0023,000a|0303||ff01-0023,000a|0303||ff01-0023,0033|0302||ff01-0023,0033|0303||ff01-0023,0005|0303||ff01-0023,0033|0303||ff01-0023,000a|0303||ff01-0023
192.241.198.70,192.241.198.70,00000000000000000000000000000000000000000000000000000000000000,|||,|||,|||,|||,|||,|||,|||,|||,|||,|||
192.241.130.170,192.241.130.170,00000000000000000000000000000000000000000000000000000000000000,|||,|||,|||,|||,|||,|||,|||,|||,|||,|||
219.85.57.85,219.85.57.85,00000000000000000000000000000000000000000000000000000000000000,|||,|||,|||,|||,|||,|||,|||,|||,|||,|||
219.85.47.100,219.85.47.100,00000000000000000000000000000000000000000000000000000000000000,|||,|||,|||,|||,|||,|||,|||,|||,|||,|||
192.241.198.217,192.241.198.217,00000000000000000000000000000000000000000000000000000000000000,|||,|||,|||,|||,|||,|||,|||,|||,|||,|||
192.241.199.146,192.241.199.146,00000000000000000000000000000000000000000000000000000000000000,|||,|||,|||,|||,|||,|||,|||,|||,|||,|||
192.241.199.220,192.241.199.220,00000000000000000000000000000000000000000000000000000000000000,|||,|||,|||,|||,|||,|||,|||,|||,|||,|||
219.80.217.209,219.80.217.209,00000000000000000000000000000000000000000000000000000000000000,|||,|||,|||,|||,|||,|||,|||,|||,|||,|||
219.85.61.136,219.85.61.136,00000000000000000000000000000000000000000000000000000000000000,|||,|||,|||,|||,|||,|||,|||,|||,|||,|||
190.80.189.254,190.80.189.254,00000000000000000000000000000000000000000000000000000000000000,|||,|||,|||,|||,|||,|||,|||,|||,|||,|||
192.241.199.24,192.241.199.24,00000000000000000000000000000000000000000000000000000000000000,|||,|||,|||,|||,|||,|||,|||,|||,|||,|||
191.101.130.4,191.101.130.4,00000000000000000000000000000000000000000000000000000000000000,|||,|||,|||,|||,|||,|||,|||,|||,|||,|||
192.241.200.24,192.241.200.24,00000000000000000000000000000000000000000000000000000000000000,|||,|||,|||,|||,|||,|||,|||,|||,|||,|||
192.241.201.126,192.241.201.126,00000000000000000000000000000000000000000000000000000000000000,|||,|||,|||,|||,|||,|||,|||,|||,|||,|||
192.241.201.224,192.241.201.224,00000000000000000000000000000000000000000000000000000000000000,|||,|||,|||,|||,|||,|||,|||,|||,|||,|||
220.132.105.67,220.132.105.67,00000000000000000000000000000000000000000000000000000000000000,|||,|||,|||,|||,|||,|||,|||,|||,|||,|||
192.241.198.50,192.241.198.50,00000000000000000000000000000000000000000000000000000000000000,|||,|||,|||,|||,|||,|||,|||,|||,|||,|||
192.241.201.136,192.241.201.136,00000000000000000000000000000000000000000000000000000000000000,|||,|||,|||,|||,|||,|||,|||,|||,|||,|||
192.241.198.215,192.241.198.215,00000000000000000000000000000000000000000000000000000000000000,|||,|||,|||,|||,|||,|||,|||,|||,|||,|||
192.241.193.110,192.241.193.110,00000000000000000000000000000000000000000000000000000000000000,|||,|||,|||,|||,|||,|||,|||,|||,|||,|||
220.134.201.19,220.134.201.19,00000000000000000000000000000000000000000000000000000000000000,|||,|||,|||,|||,|||,|||,|||,|||,|||,|||
220.133.154.43,220.133.154.43,00000000000000000000000000000000000000000000000000000000000000,|||,|||,|||,|||,|||,|||,|||,|||,|||,|||
220.134.241.102,220.134.241.102,00000000000000000000000000000000000000000000000000000000000000,|||,|||,|||,|||,|||,|||,|||,|||,|||,|||
192.241.202.124,192.241.202.124,00000000000000000000000000000000000000000000000000000000000000,|||,|||,|||,|||,|||,|||,|||,|||,|||,|||
192.241.195.124,192.241.195.124,00000000000000000000000000000000000000000000000000000000000000,|||,|||,|||,|||,|||,|||,|||,|||,|||,|||
192.241.196.214,192.241.196.214,00000000000000000000000000000000000000000000000000000000000000,|||,|||,|||,|||,|||,|||,|||,|||,|||,|||
192.241.201.94,192.241.201.94,00000000000000000000000000000000000000000000000000000000000000,|||,|||,|||,|||,|||,|||,|||,|||,|||,|||
192.241.193.187,192.241.193.187,00000000000000000000000000000000000000000000000000000000000000,|||,|||,|||,|||,|||,|||,|||,|||,|||,|||
191.188.163.91,191.188.163.91,00000000000000000000000000000000000000000000000000000000000000,|||,|||,|||,|||,|||,|||,|||,|||,|||,|||
192.241.152.192,192.241.152.192,00000000000000000000000000000000000000000000000000000000000000,|||,|||,|||,|||,|||,|||,|||,|||,|||,|||
192.241.200.13,192.241.200.13,00000000000000000000000000000000000000000000000000000000000000,|||,|||,|||,|||,|||,|||,|||,|||,|||,|||
191.241.34.132,191.241.34.132,00000000000000000000000000000000000000000000000000000000000000,|||,|||,|||,|||,|||,|||,|||,|||,|||,|||
192.210.206.189,192.210.206.189,00000000000000000000000000000000000000000000000000000000000000,|||,|||,|||,|||,|||,|||,|||,|||,|||,|||
192.241.202.82,192.241.202.82,00000000000000000000000000000000000000000000000000000000000000,|||,|||,|||,|||,|||,|||,|||,|||,|||,|||
191.253.90.13,191.253.90.13,00000000000000000000000000000000000000000000000000000000000000,|||,|||,|||,|||,|||,|||,|||,|||,|||,|||
192.241.194.31,192.241.194.31,00000000000000000000000000000000000000000000000000000000000000,|||,|||,|||,|||,|||,|||,|||,|||,|||,|||
192.241.202.78,192.241.202.78,00000000000000000000000000000000000000000000000000000000000000,|||,|||,|||,|||,|||,|||,|||,|||,|||,|||
219.70.239.115,219.70.239.115,00000000000000000000000000000000000000000000000000000000000000,|||,|||,|||,|||,|||,|||,|||,|||,|||,|||
192.241.196.217,192.241.196.217,00000000000000000000000000000000000000000000000000000000000000,|||,|||,|||,|||,|||,|||,|||,|||,|||,|||
192.241.196.173,192.241.196.173,00000000000000000000000000000000000000000000000000000000000000,|||,|||,|||,|||,|||,|||,|||,|||,|||,|||
192.241.202.43,192.241.202.43,00000000000000000000000000000000000000000000000000000000000000,|||,|||,|||,|||,|||,|||,|||,|||,|||,|||
192.241.202.218,192.241.202.218,00000000000000000000000000000000000000000000000000000000000000,|||,|||,|||,|||,|||,|||,|||,|||,|||,|||
220.135.122.66,220.135.122.66,00000000000000000000000000000000000000000000000000000000000000,|||,|||,|||,|||,|||,|||,|||,|||,|||,|||
192.241.196.120,192.241.196.120,00000000000000000000000000000000000000000000000000000000000000,|||,|||,|||,|||,|||,|||,|||,|||,|||,|||
192.241.203.112,192.241.203.112,00000000000000000000000000000000000000000000000000000000000000,|||,|||,|||,|||,|||,|||,|||,|||,|||,|||
220.133.156.140,220.133.156.140,00000000000000000000000000000000000000000000000000000000000000,|||,|||,|||,|||,|||,|||,|||,|||,|||,|||
220.135.97.106,220.135.97.106,00000000000000000000000000000000000000000000000000000000000000,|||,|||,|||,|||,|||,|||,|||,|||,|||,|||
220.134.53.83,220.134.53.83,00000000000000000000000000000000000000000000000000000000000000,|||,|||,|||,|||,|||,|||,|||,|||,|||,|||
218.212.248.49,218.212.248.49,00000000000000000000000000000000000000000000000000000000000000,|||,|||,|||,|||,|||,|||,|||,|||,|||,|||
192.241.203.143,192.241.203.143,00000000000000000000000000000000000000000000000000000000000000,|||,|||,|||,|||,|||,|||,|||,|||,|||,|||
192.227.144.50,192.227.144.50,00000000000000000000000000000000000000000000000000000000000000,|||,|||,|||,|||,|||,|||,|||,|||,|||,|||
192.227.147.215,192.227.147.215,00000000000000000000000000000000000000000000000000000000000000,|||,|||,|||,|||,|||,|||,|||,|||,|||,|||
192.241.203.140,192.241.203.140,00000000000000000000000000000000000000000000000000000000000000,|||,|||,|||,|||,|||,|||,|||,|||,|||,|||
220.133.87.19,220.133.87.19,00000000000000000000000000000000000000000000000000000000000000,|||,|||,|||,|||,|||,|||,|||,|||,|||,|||
192.241.203.119,192.241.203.119,00000000000000000000000000000000000000000000000000000000000000,|||,|||,|||,|||,|||,|||,|||,|||,|||,|||
192.241.203.129,192.241.203.129,00000000000000000000000000000000000000000000000000000000000000,|||,|||,|||,|||,|||,|||,|||,|||,|||,|||
192.241.203.134,192.241.203.134,00000000000000000000000000000000000000000000000000000000000000,|||,|||,|||,|||,|||,|||,|||,|||,|||,|||
220.134.74.55,220.134.74.55,00000000000000000000000000000000000000000000000000000000000000,|||,|||,|||,|||,|||,|||,|||,|||,|||,|||
192.241.200.131,192.241.200.131,00000000000000000000000000000000000000000000000000000000000000,|||,|||,|||,|||,|||,|||,|||,|||,|||,|||
192.241.194.30,192.241.194.30,00000000000000000000000000000000000000000000000000000000000000,|||,|||,|||,|||,|||,|||,|||,|||,|||,|||
192.241.201.86,192.241.201.86,00000000000000000000000000000000000000000000000000000000000000,|||,|||,|||,|||,|||,|||,|||,|||,|||,|||
192.241.203.180,192.241.203.180,00000000000000000000000000000000000000000000000000000000000000,|||,|||,|||,|||,|||,|||,|||,|||,|||,|||
192.241.202.252,192.241.202.252,00000000000000000000000000000000000000000000000000000000000000,|||,|||,|||,|||,|||,|||,|||,|||,|||,|||
192.241.203.194,192.241.203.194,00000000000000000000000000000000000000000000000000000000000000,|||,|||,|||,|||,|||,|||,|||,|||,|||,|||
192.241.198.145,192.241.198.145,00000000000000000000000000000000000000000000000000000000000000,|||,|||,|||,|||,|||,|||,|||,|||,|||,|||
192.241.203.18,192.241.203.18,00000000000000000000000000000000000000000000000000000000000000,|||,|||,|||,|||,|||,|||,|||,|||,|||,|||
192.241.202.127,192.241.202.127,00000000000000000000000000000000000000000000000000000000000000,|||,|||,|||,|||,|||,|||,|||,|||,|||,|||
192.241.203.184,192.241.203.184,00000000000000000000000000000000000000000000000000000000000000,|||,|||,|||,|||,|||,|||,|||,|||,|||,|||
192.241.203.189,192.241.203.189,00000000000000000000000000000000000000000000000000000000000000,|||,|||,|||,|||,|||,|||,|||,|||,|||,|||
192.241.203.142,192.241.203.142,00000000000000000000000000000000000000000000000000000000000000,|||,|||,|||,|||,|||,|||,|||,|||,|||,|||
221.124.106.151,221.124.106.151,00000000000000000000000000000000000000000000000000000000000000,|||,|||,|||,|||,|||,|||,|||,|||,|||,|||
192.241.196.27,192.241.196.27,00000000000000000000000000000000000000000000000000000000000000,|||,|||,|||,|||,|||,|||,|||,|||,|||,|||
221.124.21.29,221.124.21.29,00000000000000000000000000000000000000000000000000000000000000,|||,|||,|||,|||,|||,|||,|||,|||,|||,|||
192.241.203.171,192.241.203.171,00000000000000000000000000000000000000000000000000000000000000,|||,|||,|||,|||,|||,|||,|||,|||,|||,|||
221.138.146.83,221.138.146.83,00000000000000000000000000000000000000000000000000000000000000,|||,|||,|||,|||,|||,|||,|||,|||,|||,|||
192.241.203.17,192.241.203.17,00000000000000000000000000000000000000000000000000000000000000,|||,|||,|||,|||,|||,|||,|||,|||,|||,|||
220.135.30.7,220.135.30.7,00000000000000000000000000000000000000000000000000000000000000,|||,|||,|||,|||,|||,|||,|||,|||,|||,|||
192.241.201.233,192.241.201.233,00000000000000000000000000000000000000000000000000000000000000,|||,|||,|||,|||,|||,|||,|||,|||,|||,|||
221.7.154.155,221.7.154.155,00000000000000000000000000000000000000000000000000000000000000,|||,|||,|||,|||,|||,|||,|||,|||,|||,|||
220.77.149.136,220.77.149.136,00000000000000000000000000000000000000000000000000000000000000,|||,|||,|||,|||,|||,|||,|||,|||,|||,|||
192.241.203.186,192.241.203.186,00000000000000000000000000000000000000000000000000000000000000,|||,|||,|||,|||,|||,|||,|||,|||,|||,|||
192.241.201.228,192.241.201.228,00000000000000000000000000000000000000000000000000000000000000,|||,|||,|||,|||,|||,|||,|||,|||,|||,|||
192.241.203.213,192.241.203.213,00000000000000000000000000000000000000000000000000000000000000,|||,|||,|||,|||,|||,|||,|||,|||,|||,|||
218.29.78.213,218.29.78.213,21d19d00021d21d21c21d19d21d21d3b0d229d76f2fd7cb8e23bb87da38a20,c013|0303|http/1.1|ff01-0000-0001-000b-0023-0010-0017,00c0|0303|http/1.1|ff01-0000-0001-0023-0010-0017,|||,c013|0303||ff01-0000-0001-000b-0023-0017,c013|0303||ff01-0000-0001-000b-0023-0017,c013|0302|http/1.1|ff01-0000-0001-000b-0023-0010-0017,c013|0303|http/1.1|ff01-0000-0001-000b-0023-0010-0017,00c0|0303|http/1.1|ff01-0000-0001-0023-0010-0017,c013|0303|http/1.1|ff01-0000-0001-000b-0023-0010-0017,c013|0303|http/1.1|ff01-0000-0001-000b-0023-0010-0017
192.241.203.193,192.241.203.193,00000000000000000000000000000000000000000000000000000000000000,|||,|||,|||,|||,|||,|||,|||,|||,|||,|||
192.241.203.85,192.241.203.85,00000000000000000000000000000000000000000000000000000000000000,|||,|||,|||,|||,|||,|||,|||,|||,|||,|||
192.241.203.209,192.241.203.209,00000000000000000000000000000000000000000000000000000000000000,|||,|||,|||,|||,|||,|||,|||,|||,|||,|||
220.130.84.250,220.130.84.250,00000000000000000000000000000000000000000000000000000000000000,|||,|||,|||,|||,|||,|||,|||,|||,|||,|||
192.241.202.20,192.241.202.20,00000000000000000000000000000000000000000000000000000000000000,|||,|||,|||,|||,|||,|||,|||,|||,|||,|||
192.241.204.115,192.241.204.115,00000000000000000000000000000000000000000000000000000000000000,|||,|||,|||,|||,|||,|||,|||,|||,|||,|||
192.241.203.240,192.241.203.240,00000000000000000000000000000000000000000000000000000000000000,|||,|||,|||,|||,|||,|||,|||,|||,|||,|||
192.241.203.234,192.241.203.234,00000000000000000000000000000000000000000000000000000000000000,|||,|||,|||,|||,|||,|||,|||,|||,|||,|||
203.234.179.132,203.234.179.132,07d0bd0fd21d21d07c07d0bd07d21de77d7d390b8938342b77c0ea37fc40c4,0033|0303||ff01-0023-0017,003d|0303||ff01-0023-0017,006b|0303||ff01-0023-0017,c013|0303||ff01-000b-0023-0017,c013|0303||ff01-000b-0023-0017,0033|0302||ff01-0023-0017,0033|0303||ff01-0023-0017,003d|0303||ff01-0023-0017,0033|0303||ff01-0023-0017,c013|0303||ff01-000b-0023-0017
219.92.94.159,219.92.94.159,07d0bd0fd21d21d07c42d43d000000f50d155305214cf247147c43c0f1a823,0033|0303||ff01-0001-0023-0017,003d|0303||ff01-0001-0023-0017,006b|0303||ff01-0001-0023-0017,c013|0303||ff01-0001-000b-0023-0017,c013|0303||ff01-0001-000b-0023-0017,0033|0302||ff01-0001-0023-0017,1302|0303||002b-0033,1303|0303||002b-0033,|||,|||
192.241.201.46,192.241.201.46,00000000000000000000000000000000000000000000000000000000000000,|||,|||,|||,|||,|||,|||,|||,|||,|||,|||
192.241.204.125,192.241.204.125,00000000000000000000000000000000000000000000000000000000000000,|||,|||,|||,|||,|||,|||,|||,|||,|||,|||
192.241.204.134,192.241.204.134,00000000000000000000000000000000000000000000000000000000000000,|||,|||,|||,|||,|||,|||,|||,|||,|||,|||
220.133.178.10,220.133.178.10,00000000000000000000000000000000000000000000000000000000000000,|||,|||,|||,|||,|||,|||,|||,|||,|||,|||
192.241.201.192,192.241.201.192,00000000000000000000000000000000000000000000000000000000000000,|||,|||,|||,|||,|||,|||,|||,|||,|||,|||
220.72.87.230,220.72.87.230,00000000000000000000000000000000000000000000000000000000000000,|||,|||,|||,|||,|||,|||,|||,|||,|||,|||
192.241.204.132,192.241.204.132,00000000000000000000000000000000000000000000000000000000000000,|||,|||,|||,|||,|||,|||,|||,|||,|||,|||
220.134.69.194,220.134.69.194,00000000000000000000000000000000000000000000000000000000000000,|||,|||,|||,|||,|||,|||,|||,|||,|||,|||
192.241.204.129,192.241.204.129,00000000000000000000000000000000000000000000000000000000000000,|||,|||,|||,|||,|||,|||,|||,|||,|||,|||
192.241.204.160,192.241.204.160,00000000000000000000000000000000000000000000000000000000000000,|||,|||,|||,|||,|||,|||,|||,|||,|||,|||
221.127.7.144,221.127.7.144,00000000000000000000000000000000000000000000000000000000000000,|||,|||,|||,|||,|||,|||,|||,|||,|||,|||
192.241.200.164,192.241.200.164,00000000000000000000000000000000000000000000000000000000000000,|||,|||,|||,|||,|||,|||,|||,|||,|||,|||
192.241.203.205,192.241.203.205,00000000000000000000000000000000000000000000000000000000000000,|||,|||,|||,|||,|||,|||,|||,|||,|||,|||
192.241.204.137,192.241.204.137,00000000000000000000000000000000000000000000000000000000000000,|||,|||,|||,|||,|||,|||,|||,|||,|||,|||
192.241.197.243,192.241.197.243,00000000000000000000000000000000000000000000000000000000000000,|||,|||,|||,|||,|||,|||,|||,|||,|||,|||
221.229.127.21,221.229.127.21,00000000000000000000000000000000000000000000000000000000000000,|||,|||,|||,|||,|||,|||,|||,|||,|||,|||
192.241.204.168,192.241.204.168,00000000000000000000000000000000000000000000000000000000000000,|||,|||,|||,|||,|||,|||,|||,|||,|||,|||
192.241.204.16,192.241.204.16,00000000000000000000000000000000000000000000000000000000000000,|||,|||,|||,|||,|||,|||,|||,|||,|||,|||
192.241.204.169,192.241.204.169,00000000000000000000000000000000000000000000000000000000000000,|||,|||,|||,|||,|||,|||,|||,|||,|||,|||
192.241.204.186,192.241.204.186,00000000000000000000000000000000000000000000000000000000000000,|||,|||,|||,|||,|||,|||,|||,|||,|||,|||
192.241.204.142,192.241.204.142,00000000000000000000000000000000000000000000000000000000000000,|||,|||,|||,|||,|||,|||,|||,|||,|||,|||
221.142.214.94,221.142.214.94,00000000000000000000000000000000000000000000000000000000000000,|||,|||,|||,|||,|||,|||,|||,|||,|||,|||
192.241.204.146,192.241.204.146,00000000000000000000000000000000000000000000000000000000000000,|||,|||,|||,|||,|||,|||,|||,|||,|||,|||
192.241.204.235,192.241.204.235,00000000000000000000000000000000000000000000000000000000000000,|||,|||,|||,|||,|||,|||,|||,|||,|||,|||
192.241.204.206,192.241.204.206,00000000000000000000000000000000000000000000000000000000000000,|||,|||,|||,|||,|||,|||,|||,|||,|||,|||
192.241.204.198,192.241.204.198,00000000000000000000000000000000000000000000000000000000000000,|||,|||,|||,|||,|||,|||,|||,|||,|||,|||
192.241.204.201,192.241.204.201,00000000000000000000000000000000000000000000000000000000000000,|||,|||,|||,|||,|||,|||,|||,|||,|||,|||
192.241.204.224,192.241.204.224,00000000000000000000000000000000000000000000000000000000000000,|||,|||,|||,|||,|||,|||,|||,|||,|||,|||
192.241.204.195,192.241.204.195,00000000000000000000000000000000000000000000000000000000000000,|||,|||,|||,|||,|||,|||,|||,|||,|||,|||
192.241.203.208,192.241.203.208,00000000000000000000000000000000000000000000000000000000000000,|||,|||,|||,|||,|||,|||,|||,|||,|||,|||
192.241.204.85,192.241.204.85,00000000000000000000000000000000000000000000000000000000000000,|||,|||,|||,|||,|||,|||,|||,|||,|||,|||
192.241.205.104,192.241.205.104,00000000000000000000000000000000000000000000000000000000000000,|||,|||,|||,|||,|||,|||,|||,|||,|||,|||
219.86.241.56,219.86.241.56,00000000000000000000000000000000000000000000000000000000000000,|||,|||,|||,|||,|||,|||,|||,|||,|||,|||
220.133.248.235,220.133.248.235,00000000000000000000000000000000000000000000000000000000000000,|||,|||,|||,|||,|||,|||,|||,|||,|||,|||
192.241.204.239,192.241.204.239,00000000000000000000000000000000000000000000000000000000000000,|||,|||,|||,|||,|||,|||,|||,|||,|||,|||
192.241.204.207,192.241.204.207,00000000000000000000000000000000000000000000000000000000000000,|||,|||,|||,|||,|||,|||,|||,|||,|||,|||
220.88.103.27,220.88.103.27,00000000000000000000000000000000000000000000000000000000000000,|||,|||,|||,|||,|||,|||,|||,|||,|||,|||
220.88.103.30,220.88.103.30,00000000000000000000000000000000000000000000000000000000000000,|||,|||,|||,|||,|||,|||,|||,|||,|||,|||
192.241.204.91,192.241.204.91,00000000000000000000000000000000000000000000000000000000000000,|||,|||,|||,|||,|||,|||,|||,|||,|||,|||
192.241.204.44,192.241.204.44,00000000000000000000000000000000000000000000000000000000000000,|||,|||,|||,|||,|||,|||,|||,|||,|||,|||
192.241.205.10,192.241.205.10,00000000000000000000000000000000000000000000000000000000000000,|||,|||,|||,|||,|||,|||,|||,|||,|||,|||
192.241.205.11,192.241.205.11,00000000000000000000000000000000000000000000000000000000000000,|||,|||,|||,|||,|||,|||,|||,|||,|||,|||
192.241.204.152,192.241.204.152,00000000000000000000000000000000000000000000000000000000000000,|||,|||,|||,|||,|||,|||,|||,|||,|||,|||
192.241.204.38,192.241.204.38,00000000000000000000000000000000000000000000000000000000000000,|||,|||,|||,|||,|||,|||,|||,|||,|||,|||
192.241.204.54,192.241.204.54,00000000000000000000000000000000000000000000000000000000000000,|||,|||,|||,|||,|||,|||,|||,|||,|||,|||
192.241.204.249,192.241.204.249,00000000000000000000000000000000000000000000000000000000000000,|||,|||,|||,|||,|||,|||,|||,|||,|||,|||
192.241.205.14,192.241.205.14,00000000000000000000000000000000000000000000000000000000000000,|||,|||,|||,|||,|||,|||,|||,|||,|||,|||
192.241.204.90,192.241.204.90,00000000000000000000000000000000000000000000000000000000000000,|||,|||,|||,|||,|||,|||,|||,|||,|||,|||
192.241.205.123,192.241.205.123,00000000000000000000000000000000000000000000000000000000000000,|||,|||,|||,|||,|||,|||,|||,|||,|||,|||
192.241.204.87,192.241.204.87,00000000000000000000000000000000000000000000000000000000000000,|||,|||,|||,|||,|||,|||,|||,|||,|||,|||
192.241.205.143,192.241.205.143,00000000000000000000000000000000000000000000000000000000000000,|||,|||,|||,|||,|||,|||,|||,|||,|||,|||
192.241.205.179,192.241.205.179,00000000000000000000000000000000000000000000000000000000000000,|||,|||,|||,|||,|||,|||,|||,|||,|||,|||
192.241.205.171,192.241.205.171,00000000000000000000000000000000000000000000000000000000000000,|||,|||,|||,|||,|||,|||,|||,|||,|||,|||
192.241.205.140,192.241.205.140,00000000000000000000000000000000000000000000000000000000000000,|||,|||,|||,|||,|||,|||,|||,|||,|||,|||
192.241.205.202,192.241.205.202,00000000000000000000000000000000000000000000000000000000000000,|||,|||,|||,|||,|||,|||,|||,|||,|||,|||
192.241.205.118,192.241.205.118,00000000000000000000000000000000000000000000000000000000000000,|||,|||,|||,|||,|||,|||,|||,|||,|||,|||
192.241.205.198,192.241.205.198,00000000000000000000000000000000000000000000000000000000000000,|||,|||,|||,|||,|||,|||,|||,|||,|||,|||
192.241.205.222,192.241.205.222,00000000000000000000000000000000000000000000000000000000000000,|||,|||,|||,|||,|||,|||,|||,|||,|||,|||
192.241.205.223,192.241.205.223,00000000000000000000000000000000000000000000000000000000000000,|||,|||,|||,|||,|||,|||,|||,|||,|||,|||
221.153.164.9,221.153.164.9,00000000000000000000000000000000000000000000000000000000000000,|||,|||,|||,|||,|||,|||,|||,|||,|||,|||
192.241.205.238,192.241.205.238,00000000000000000000000000000000000000000000000000000000000000,|||,|||,|||,|||,|||,|||,|||,|||,|||,|||
192.241.205.227,192.241.205.227,00000000000000000000000000000000000000000000000000000000000000,|||,|||,|||,|||,|||,|||,|||,|||,|||,|||
192.241.205.201,192.241.205.201,00000000000000000000000000000000000000000000000000000000000000,|||,|||,|||,|||,|||,|||,|||,|||,|||,|||
192.241.205.216,192.241.205.216,00000000000000000000000000000000000000000000000000000000000000,|||,|||,|||,|||,|||,|||,|||,|||,|||,|||
183.230.135.253,183.230.135.253,00000000000000000000000000000000000000000000000000000000000000,|||,|||,|||,|||,|||,|||,|||,|||,|||,|||
192.241.205.235,192.241.205.235,00000000000000000000000000000000000000000000000000000000000000,|||,|||,|||,|||,|||,|||,|||,|||,|||,|||
221.153.164.8,221.153.164.8,00000000000000000000000000000000000000000000000000000000000000,|||,|||,|||,|||,|||,|||,|||,|||,|||,|||
192.241.205.219,192.241.205.219,00000000000000000000000000000000000000000000000000000000000000,|||,|||,|||,|||,|||,|||,|||,|||,|||,|||
192.241.205.226,192.241.205.226,00000000000000000000000000000000000000000000000000000000000000,|||,|||,|||,|||,|||,|||,|||,|||,|||,|||
212.64.20.142,212.64.20.142,2ad2ad0002ad2ad0002ad2ad2ad2adfcd6001e3a9ab1b7db1fc4727d27aa87,c030|0303|h2|ff01-000b-0023-0017-0010,c030|0303|h2|ff01-000b-0023-0017-0010,|||,c030|0303||ff01-000b-0023-0017,c030|0303||ff01-000b-0023-0017,|||,c030|0303|h2|ff01-000b-0023-0017-0010,c030|0303|h2|ff01-000b-0023-0017-0010,c030|0303|h2|ff01-000b-0023-0017-0010,c030|0303|h2|ff01-000b-0023-0017-0010
192.241.205.249,192.241.205.249,00000000000000000000000000000000000000000000000000000000000000,|||,|||,|||,|||,|||,|||,|||,|||,|||,|||
192.241.205.250,192.241.205.250,00000000000000000000000000000000000000000000000000000000000000,|||,|||,|||,|||,|||,|||,|||,|||,|||,|||
192.241.205.24,192.241.205.24,00000000000000000000000000000000000000000000000000000000000000,|||,|||,|||,|||,|||,|||,|||,|||,|||,|||
192.241.205.252,192.241.205.252,00000000000000000000000000000000000000000000000000000000000000,|||,|||,|||,|||,|||,|||,|||,|||,|||,|||
192.241.205.231,192.241.205.231,00000000000000000000000000000000000000000000000000000000000000,|||,|||,|||,|||,|||,|||,|||,|||,|||,|||
192.241.205.113,192.241.205.113,00000000000000000000000000000000000000000000000000000000000000,|||,|||,|||,|||,|||,|||,|||,|||,|||,|||
192.241.205.25,192.241.205.25,00000000000000000000000000000000000000000000000000000000000000,|||,|||,|||,|||,|||,|||,|||,|||,|||,|||
221.133.190.50,221.133.190.50,00000000000000000000000000000000000000000000000000000000000000,|||,|||,|||,|||,|||,|||,|||,|||,|||,|||
192.241.205.233,192.241.205.233,00000000000000000000000000000000000000000000000000000000000000,|||,|||,|||,|||,|||,|||,|||,|||,|||,|||
192.241.205.27,192.241.205.27,00000000000000000000000000000000000000000000000000000000000000,|||,|||,|||,|||,|||,|||,|||,|||,|||,|||
192.241.205.220,192.241.205.220,00000000000000000000000000000000000000000000000000000000000000,|||,|||,|||,|||,|||,|||,|||,|||,|||,|||
192.241.205.30,192.241.205.30,00000000000000000000000000000000000000000000000000000000000000,|||,|||,|||,|||,|||,|||,|||,|||,|||,|||
192.241.205.251,192.241.205.251,00000000000000000000000000000000000000000000000000000000000000,|||,|||,|||,|||,|||,|||,|||,|||,|||,|||
211.57.156.176,211.57.156.176,04b02b00004b04b04b04b02b04b04b9674c6b4e623ae36cc2d998e99e2262e,000a|0301||ff01-0023,0005|0301||ff01-0023,|||,000a|0301||ff01-0023,000a|0301||ff01-0023,000a|0301||ff01-0023,000a|0301||ff01-0023,0005|0301||ff01-0023,000a|0301||ff01-0023,000a|0301||ff01-0023
222.186.30.76,222.186.30.76,00000000000000000000000000000000000000000000000000000000000000,|||,|||,|||,|||,|||,|||,|||,|||,|||,|||
192.241.205.31,192.241.205.31,00000000000000000000000000000000000000000000000000000000000000,|||,|||,|||,|||,|||,|||,|||,|||,|||,|||
221.150.233.169,221.150.233.169,00000000000000000000000000000000000000000000000000000000000000,|||,|||,|||,|||,|||,|||,|||,|||,|||,|||
192.241.205.39,192.241.205.39,00000000000000000000000000000000000000000000000000000000000000,|||,|||,|||,|||,|||,|||,|||,|||,|||,|||
192.241.205.33,192.241.205.33,00000000000000000000000000000000000000000000000000000000000000,|||,|||,|||,|||,|||,|||,|||,|||,|||,|||
192.241.205.75,192.241.205.75,00000000000000000000000000000000000000000000000000000000000000,|||,|||,|||,|||,|||,|||,|||,|||,|||,|||
211.55.246.143,211.55.246.143,00000000000000000000000000000000000000000000000000000000000000,|||,|||,|||,|||,|||,|||,|||,|||,|||,|||
192.241.205.55,192.241.205.55,00000000000000000000000000000000000000000000000000000000000000,|||,|||,|||,|||,|||,|||,|||,|||,|||,|||
192.241.205.99,192.241.205.99,00000000000000000000000000000000000000000000000000000000000000,|||,|||,|||,|||,|||,|||,|||,|||,|||,|||
222.186.31.166,222.186.31.166,00000000000000000000000000000000000000000000000000000000000000,|||,|||,|||,|||,|||,|||,|||,|||,|||,|||
192.241.206.109,192.241.206.109,00000000000000000000000000000000000000000000000000000000000000,|||,|||,|||,|||,|||,|||,|||,|||,|||,|||
192.241.205.90,192.241.205.90,00000000000000000000000000000000000000000000000000000000000000,|||,|||,|||,|||,|||,|||,|||,|||,|||,|||
192.241.205.177,192.241.205.177,00000000000000000000000000000000000000000000000000000000000000,|||,|||,|||,|||,|||,|||,|||,|||,|||,|||
192.241.205.89,192.241.205.89,00000000000000000000000000000000000000000000000000000000000000,|||,|||,|||,|||,|||,|||,|||,|||,|||,|||
192.241.205.65,192.241.205.65,00000000000000000000000000000000000000000000000000000000000000,|||,|||,|||,|||,|||,|||,|||,|||,|||,|||
192.241.206.102,192.241.206.102,00000000000000000000000000000000000000000000000000000000000000,|||,|||,|||,|||,|||,|||,|||,|||,|||,|||
192.241.206.10,192.241.206.10,00000000000000000000000000000000000000000000000000000000000000,|||,|||,|||,|||,|||,|||,|||,|||,|||,|||
192.241.206.103,192.241.206.103,00000000000000000000000000000000000000000000000000000000000000,|||,|||,|||,|||,|||,|||,|||,|||,|||,|||
192.241.205.93,192.241.205.93,00000000000000000000000000000000000000000000000000000000000000,|||,|||,|||,|||,|||,|||,|||,|||,|||,|||
218.244.143.180,218.244.143.180,06b06b00006b06b06b06b06b06b06bd3b67dd3674d9af9dd91c1955a35d0e9,002f|0301||0017-ff01,002f|0301||0017-ff01,|||,002f|0301||0017-ff01,002f|0301||0017-ff01,002f|0301||0017-ff01,002f|0301||0017-ff01,002f|0301||0017-ff01,002f|0301||0017-ff01,002f|0301||0017-ff01
219.239.21.2,219.239.21.2,04b02b00004b04b04b04b02b04b04be3b0c44298fc1c149afbf4c8996fb924,000a|0301||,0005|0301||,|||,000a|0301||,000a|0301||,000a|0301||,000a|0301||,0005|0301||,000a|0301||,000a|0301||
192.241.206.12,192.241.206.12,00000000000000000000000000000000000000000000000000000000000000,|||,|||,|||,|||,|||,|||,|||,|||,|||,|||
218.76.60.162,218.76.60.162,0ed14d16d25d25d0000ed14d0ed25d8026be851aec9a33585a73191668408c,0067|0303||ff01,009d|0303||ff01,009f|0303||ff01,c027|0303||ff01-000b,c027|0303||ff01-000b,|||,0067|0303||ff01,009d|0303||ff01,0067|0303||ff01,c027|0303||ff01-000b
192.241.206.108,192.241.206.108,00000000000000000000000000000000000000000000000000000000000000,|||,|||,|||,|||,|||,|||,|||,|||,|||,|||
192.241.206.115,192.241.206.115,00000000000000000000000000000000000000000000000000000000000000,|||,|||,|||,|||,|||,|||,|||,|||,|||,|||
192.241.206.112,192.241.206.112,00000000000000000000000000000000000000000000000000000000000000,|||,|||,|||,|||,|||,|||,|||,|||,|||,|||
192.241.206.135,192.241.206.135,00000000000000000000000000000000000000000000000000000000000000,|||,|||,|||,|||,|||,|||,|||,|||,|||,|||
221.122.78.226,221.122.78.226,00000000000000000000000000000000000000000000000000000000000000,|||,|||,|||,|||,|||,|||,|||,|||,|||,|||
192.241.206.136,192.241.206.136,00000000000000000000000000000000000000000000000000000000000000,|||,|||,|||,|||,|||,|||,|||,|||,|||,|||
192.241.205.74,192.241.205.74,00000000000000000000000000000000000000000000000000000000000000,|||,|||,|||,|||,|||,|||,|||,|||,|||,|||
192.241.206.121,192.241.206.121,00000000000000000000000000000000000000000000000000000000000000,|||,|||,|||,|||,|||,|||,|||,|||,|||,|||
222.77.96.131,222.77.96.131,00000000000000000000000000000000000000000000000000000000000000,|||,|||,|||,|||,|||,|||,|||,|||,|||,|||
211.75.185.28,211.75.185.28,00000000000000000000000000000000000000000000000000000000000000,|||,|||,|||,|||,|||,|||,|||,|||,|||,|||
192.241.206.137,192.241.206.137,00000000000000000000000000000000000000000000000000000000000000,|||,|||,|||,|||,|||,|||,|||,|||,|||,|||
192.241.206.141,192.241.206.141,00000000000000000000000000000000000000000000000000000000000000,|||,|||,|||,|||,|||,|||,|||,|||,|||,|||
192.241.206.129,192.241.206.129,00000000000000000000000000000000000000000000000000000000000000,|||,|||,|||,|||,|||,|||,|||,|||,|||,|||
222.242.197.121,222.242.197.121,00000000000000000000000000000000000000000000000000000000000000,|||,|||,|||,|||,|||,|||,|||,|||,|||,|||
192.241.206.175,192.241.206.175,00000000000000000000000000000000000000000000000000000000000000,|||,|||,|||,|||,|||,|||,|||,|||,|||,|||
218.93.7.156,218.93.7.156,0ad0ad0000ad0ad06c0ad0ad0ad0ad2bb1101b28b790bf5d9d4dcad463fdc2,003c|0303||ff01,003c|0303||ff01,|||,003c|0303||ff01,003c|0303||ff01,002f|0302||ff01,003c|0303||ff01,003c|0303||ff01,003c|0303||ff01,003c|0303||ff01
192.241.206.128,192.241.206.128,00000000000000000000000000000000000000000000000000000000000000,|||,|||,|||,|||,|||,|||,|||,|||,|||,|||
192.241.206.176,192.241.206.176,00000000000000000000000000000000000000000000000000000000000000,|||,|||,|||,|||,|||,|||,|||,|||,|||,|||
192.241.206.168,192.241.206.168,00000000000000000000000000000000000000000000000000000000000000,|||,|||,|||,|||,|||,|||,|||,|||,|||,|||
221.182.149.42,221.182.149.42,00000000000000000000000000000000000000000000000000000000000000,|||,|||,|||,|||,|||,|||,|||,|||,|||,|||
192.241.206.16,192.241.206.16,00000000000000000000000000000000000000000000000000000000000000,|||,|||,|||,|||,|||,|||,|||,|||,|||,|||
192.241.206.164,192.241.206.164,00000000000000000000000000000000000000000000000000000000000000,|||,|||,|||,|||,|||,|||,|||,|||,|||,|||
192.241.206.177,192.241.206.177,00000000000000000000000000000000000000000000000000000000000000,|||,|||,|||,|||,|||,|||,|||,|||,|||,|||
192.241.206.15,192.241.206.15,00000000000000000000000000000000000000000000000000000000000000,|||,|||,|||,|||,|||,|||,|||,|||,|||,|||
192.241.205.77,192.241.205.77,00000000000000000000000000000000000000000000000000000000000000,|||,|||,|||,|||,|||,|||,|||,|||,|||,|||
192.241.206.156,192.241.206.156,00000000000000000000000000000000000000000000000000000000000000,|||,|||,|||,|||,|||,|||,|||,|||,|||,|||
192.241.206.152,192.241.206.152,00000000000000000000000000000000000000000000000000000000000000,|||,|||,|||,|||,|||,|||,|||,|||,|||,|||
218.90.186.140,218.90.186.140,07b02b09b04b04b07b07b02b07b04ba441f40918707087561e2af18cf76f0e,0033|0301||ff01-0023,0005|0301||ff01-0023,0039|0301||ff01-0023,000a|0301||ff01-0023,000a|0301||ff01-0023,0033|0301||ff01-0023,0033|0301||ff01-0023,0005|0301||ff01-0023,0033|0301||ff01-0023,000a|0301||ff01-0023
192.241.206.159,192.241.206.159,00000000000000000000000000000000000000000000000000000000000000,|||,|||,|||,|||,|||,|||,|||,|||,|||,|||
192.241.206.169,192.241.206.169,00000000000000000000000000000000000000000000000000000000000000,|||,|||,|||,|||,|||,|||,|||,|||,|||,|||
222.186.46.200,222.186.46.200,00000000000000000000000000000000000000000000000000000000000000,|||,|||,|||,|||,|||,|||,|||,|||,|||,|||
192.241.206.181,192.241.206.181,00000000000000000000000000000000000000000000000000000000000000,|||,|||,|||,|||,|||,|||,|||,|||,|||,|||
192.241.206.192,192.241.206.192,00000000000000000000000000000000000000000000000000000000000000,|||,|||,|||,|||,|||,|||,|||,|||,|||,|||
192.241.206.179,192.241.206.179,00000000000000000000000000000000000000000000000000000000000000,|||,|||,|||,|||,|||,|||,|||,|||,|||,|||
222.114.248.79,222.114.248.79,00000000000000000000000000000000000000000000000000000000000000,|||,|||,|||,|||,|||,|||,|||,|||,|||,|||
192.241.206.186,192.241.206.186,00000000000000000000000000000000000000000000000000000000000000,|||,|||,|||,|||,|||,|||,|||,|||,|||,|||
192.241.206.208,192.241.206.208,00000000000000000000000000000000000000000000000000000000000000,|||,|||,|||,|||,|||,|||,|||,|||,|||,|||
192.241.206.197,192.241.206.197,00000000000000000000000000000000000000000000000000000000000000,|||,|||,|||,|||,|||,|||,|||,|||,|||,|||
192.241.206.198,192.241.206.198,00000000000000000000000000000000000000000000000000000000000000,|||,|||,|||,|||,|||,|||,|||,|||,|||,|||
192.241.206.199,192.241.206.199,00000000000000000000000000000000000000000000000000000000000000,|||,|||,|||,|||,|||,|||,|||,|||,|||,|||
223.167.111.227,223.167.111.227,00000000000000000000000000000000000000000000000000000000000000,|||,|||,|||,|||,|||,|||,|||,|||,|||,|||
192.241.206.206,192.241.206.206,00000000000000000000000000000000000000000000000000000000000000,|||,|||,|||,|||,|||,|||,|||,|||,|||,|||
192.241.206.210,192.241.206.210,00000000000000000000000000000000000000000000000000000000000000,|||,|||,|||,|||,|||,|||,|||,|||,|||,|||
218.75.210.177,218.75.210.177,06d06d00006d06d06c06d06d06d06d2bb1101b28b790bf5d9d4dcad463fdc2,002f|0303||ff01,002f|0303||ff01,|||,002f|0303||ff01,002f|0303||ff01,002f|0302||ff01,002f|0303||ff01,002f|0303||ff01,002f|0303||ff01,002f|0303||ff01
222.122.193.56,222.122.193.56,00000000000000000000000000000000000000000000000000000000000000,|||,|||,|||,|||,|||,|||,|||,|||,|||,|||
192.241.206.21,192.241.206.21,00000000000000000000000000000000000000000000000000000000000000,|||,|||,|||,|||,|||,|||,|||,|||,|||,|||
192.241.206.146,192.241.206.146,00000000000000000000000000000000000000000000000000000000000000,|||,|||,|||,|||,|||,|||,|||,|||,|||,|||
192.241.206.214,192.241.206.214,00000000000000000000000000000000000000000000000000000000000000,|||,|||,|||,|||,|||,|||,|||,|||,|||,|||
192.241.206.155,192.241.206.155,00000000000000000000000000000000000000000000000000000000000000,|||,|||,|||,|||,|||,|||,|||,|||,|||,|||
192.241.206.204,192.241.206.204,00000000000000000000000000000000000000000000000000000000000000,|||,|||,|||,|||,|||,|||,|||,|||,|||,|||
192.241.206.211,192.241.206.211,00000000000000000000000000000000000000000000000000000000000000,|||,|||,|||,|||,|||,|||,|||,|||,|||,|||
192.241.206.215,192.241.206.215,00000000000000000000000000000000000000000000000000000000000000,|||,|||,|||,|||,|||,|||,|||,|||,|||,|||
192.241.206.26,192.241.206.26,00000000000000000000000000000000000000000000000000000000000000,|||,|||,|||,|||,|||,|||,|||,|||,|||,|||
192.241.206.31,192.241.206.31,00000000000000000000000000000000000000000000000000000000000000,|||,|||,|||,|||,|||,|||,|||,|||,|||,|||
192.241.206.227,192.241.206.227,00000000000000000000000000000000000000000000000000000000000000,|||,|||,|||,|||,|||,|||,|||,|||,|||,|||
192.241.206.232,192.241.206.232,00000000000000000000000000000000000000000000000000000000000000,|||,|||,|||,|||,|||,|||,|||,|||,|||,|||
192.241.206.57,192.241.206.57,00000000000000000000000000000000000000000000000000000000000000,|||,|||,|||,|||,|||,|||,|||,|||,|||,|||
192.241.206.213,192.241.206.213,00000000000000000000000000000000000000000000000000000000000000,|||,|||,|||,|||,|||,|||,|||,|||,|||,|||
192.241.206.25,192.241.206.25,00000000000000000000000000000000000000000000000000000000000000,|||,|||,|||,|||,|||,|||,|||,|||,|||,|||
218.95.37.222,218.95.37.222,3fd3fd0003fd3fd21c42d42d000000f816eaea5c28bd7b1d0104ee7676bfe1,cca8|0303|h2|ff01-0001-000b-0023-0010-0017,cca8|0303|h2|ff01-0001-000b-0023-0010-0017,|||,cca8|0303|http/1.1|ff01-0001-000b-0023-0010-0017,cca8|0303|http/1.1|ff01-0001-000b-0023-0010-0017,c013|0302|http/1.1|ff01-0001-000b-0023-0010-0017,1302|0303||002b-0033,1302|0303||002b-0033,|||,|||
192.241.206.36,192.241.206.36,00000000000000000000000000000000000000000000000000000000000000,|||,|||,|||,|||,|||,|||,|||,|||,|||,|||
192.241.206.160,192.241.206.160,00000000000000000000000000000000000000000000000000000000000000,|||,|||,|||,|||,|||,|||,|||,|||,|||,|||
192.241.206.44,192.241.206.44,00000000000000000000000000000000000000000000000000000000000000,|||,|||,|||,|||,|||,|||,|||,|||,|||,|||
192.241.206.41,192.241.206.41,00000000000000000000000000000000000000000000000000000000000000,|||,|||,|||,|||,|||,|||,|||,|||,|||,|||
197.255.224.18,197.255.224.18,00000000000000000000000000000000000000000000000000000000000000,|||,|||,|||,|||,|||,|||,|||,|||,|||,|||
192.241.206.122,192.241.206.122,00000000000000000000000000000000000000000000000000000000000000,|||,|||,|||,|||,|||,|||,|||,|||,|||,|||
192.241.206.37,192.241.206.37,00000000000000000000000000000000000000000000000000000000000000,|||,|||,|||,|||,|||,|||,|||,|||,|||,|||
192.241.206.56,192.241.206.56,00000000000000000000000000000000000000000000000000000000000000,|||,|||,|||,|||,|||,|||,|||,|||,|||,|||
222.116.35.154,222.116.35.154,00000000000000000000000000000000000000000000000000000000000000,|||,|||,|||,|||,|||,|||,|||,|||,|||,|||
192.241.206.49,192.241.206.49,00000000000000000000000000000000000000000000000000000000000000,|||,|||,|||,|||,|||,|||,|||,|||,|||,|||
220.81.123.125,220.81.123.125,00000000000000000000000000000000000000000000000000000000000000,|||,|||,|||,|||,|||,|||,|||,|||,|||,|||
192.241.206.144,192.241.206.144,00000000000000000000000000000000000000000000000000000000000000,|||,|||,|||,|||,|||,|||,|||,|||,|||,|||
192.241.206.65,192.241.206.65,00000000000000000000000000000000000000000000000000000000000000,|||,|||,|||,|||,|||,|||,|||,|||,|||,|||
192.241.206.185,192.241.206.185,00000000000000000000000000000000000000000000000000000000000000,|||,|||,|||,|||,|||,|||,|||,|||,|||,|||
218.76.8.42,218.76.8.42,06d08d00006d06d06c06d08d06d06d9674c6b4e623ae36cc2d998e99e2262e,002f|0303||ff01-0023,0035|0303||ff01-0023,|||,002f|0303||ff01-0023,002f|0303||ff01-0023,002f|0302||ff01-0023,002f|0303||ff01-0023,0035|0303||ff01-0023,002f|0303||ff01-0023,002f|0303||ff01-0023
192.241.206.46,192.241.206.46,00000000000000000000000000000000000000000000000000000000000000,|||,|||,|||,|||,|||,|||,|||,|||,|||,|||
192.241.206.42,192.241.206.42,00000000000000000000000000000000000000000000000000000000000000,|||,|||,|||,|||,|||,|||,|||,|||,|||,|||
192.241.206.51,192.241.206.51,00000000000000000000000000000000000000000000000000000000000000,|||,|||,|||,|||,|||,|||,|||,|||,|||,|||
192.241.206.58,192.241.206.58,00000000000000000000000000000000000000000000000000000000000000,|||,|||,|||,|||,|||,|||,|||,|||,|||,|||
192.241.206.68,192.241.206.68,00000000000000000000000000000000000000000000000000000000000000,|||,|||,|||,|||,|||,|||,|||,|||,|||,|||
192.241.206.59,192.241.206.59,00000000000000000000000000000000000000000000000000000000000000,|||,|||,|||,|||,|||,|||,|||,|||,|||,|||
192.241.206.6,192.241.206.6,00000000000000000000000000000000000000000000000000000000000000,|||,|||,|||,|||,|||,|||,|||,|||,|||,|||
192.241.206.84,192.241.206.84,00000000000000000000000000000000000000000000000000000000000000,|||,|||,|||,|||,|||,|||,|||,|||,|||,|||
192.241.206.82,192.241.206.82,00000000000000000000000000000000000000000000000000000000000000,|||,|||,|||,|||,|||,|||,|||,|||,|||,|||
222.120.146.27,222.120.146.27,00000000000000000000000000000000000000000000000000000000000000,|||,|||,|||,|||,|||,|||,|||,|||,|||,|||
192.241.206.88,192.241.206.88,00000000000000000000000000000000000000000000000000000000000000,|||,|||,|||,|||,|||,|||,|||,|||,|||,|||
192.241.206.64,192.241.206.64,00000000000000000000000000000000000000000000000000000000000000,|||,|||,|||,|||,|||,|||,|||,|||,|||,|||
220.86.73.66,220.86.73.66,00000000000000000000000000000000000000000000000000000000000000,|||,|||,|||,|||,|||,|||,|||,|||,|||,|||
192.241.206.75,192.241.206.75,00000000000000000000000000000000000000000000000000000000000000,|||,|||,|||,|||,|||,|||,|||,|||,|||,|||
192.241.207.136,192.241.207.136,00000000000000000000000000000000000000000000000000000000000000,|||,|||,|||,|||,|||,|||,|||,|||,|||,|||
192.241.207.140,192.241.207.140,00000000000000000000000000000000000000000000000000000000000000,|||,|||,|||,|||,|||,|||,|||,|||,|||,|||
192.241.206.96,192.241.206.96,00000000000000000000000000000000000000000000000000000000000000,|||,|||,|||,|||,|||,|||,|||,|||,|||,|||
223.204.165.221,223.204.165.221,00000000000000000000000000000000000000000000000000000000000000,|||,|||,|||,|||,|||,|||,|||,|||,|||,|||
192.241.206.79,192.241.206.79,00000000000000000000000000000000000000000000000000000000000000,|||,|||,|||,|||,|||,|||,|||,|||,|||,|||
190.151.5.180,190.151.5.180,00000000000000000000000000000000000000000000000000000000000000,|||,|||,|||,|||,|||,|||,|||,|||,|||,|||
192.241.207.112,192.241.207.112,00000000000000000000000000000000000000000000000000000000000000,|||,|||,|||,|||,|||,|||,|||,|||,|||,|||
218.146.170.120,218.146.170.120,00000000000000000000000000000000000000000000000000000000000000,|||,|||,|||,|||,|||,|||,|||,|||,|||,|||
192.241.207.129,192.241.207.129,00000000000000000000000000000000000000000000000000000000000000,|||,|||,|||,|||,|||,|||,|||,|||,|||,|||
192.241.207.17,192.241.207.17,00000000000000000000000000000000000000000000000000000000000000,|||,|||,|||,|||,|||,|||,|||,|||,|||,|||
192.241.207.168,192.241.207.168,00000000000000000000000000000000000000000000000000000000000000,|||,|||,|||,|||,|||,|||,|||,|||,|||,|||
192.241.206.89,192.241.206.89,00000000000000000000000000000000000000000000000000000000000000,|||,|||,|||,|||,|||,|||,|||,|||,|||,|||
222.239.117.50,222.239.117.50,00000000000000000000000000000000000000000000000000000000000000,|||,|||,|||,|||,|||,|||,|||,|||,|||,|||
192.241.206.78,192.241.206.78,00000000000000000000000000000000000000000000000000000000000000,|||,|||,|||,|||,|||,|||,|||,|||,|||,|||
192.241.207.217,192.241.207.217,00000000000000000000000000000000000000000000000000000000000000,|||,|||,|||,|||,|||,|||,|||,|||,|||,|||
192.241.207.22,192.241.207.22,00000000000000000000000000000000000000000000000000000000000000,|||,|||,|||,|||,|||,|||,|||,|||,|||,|||
192.241.206.94,192.241.206.94,00000000000000000000000000000000000000000000000000000000000000,|||,|||,|||,|||,|||,|||,|||,|||,|||,|||
192.241.207.16,192.241.207.16,00000000000000000000000000000000000000000000000000000000000000,|||,|||,|||,|||,|||,|||,|||,|||,|||,|||
220.85.168.222,220.85.168.222,00000000000000000000000000000000000000000000000000000000000000,|||,|||,|||,|||,|||,|||,|||,|||,|||,|||
192.241.207.134,192.241.207.134,00000000000000000000000000000000000000000000000000000000000000,|||,|||,|||,|||,|||,|||,|||,|||,|||,|||
192.241.207.214,192.241.207.214,00000000000000000000000000000000000000000000000000000000000000,|||,|||,|||,|||,|||,|||,|||,|||,|||,|||
192.241.207.161,192.241.207.161,00000000000000000000000000000000000000000000000000000000000000,|||,|||,|||,|||,|||,|||,|||,|||,|||,|||
192.241.207.158,192.241.207.158,00000000000000000000000000000000000000000000000000000000000000,|||,|||,|||,|||,|||,|||,|||,|||,|||,|||
192.241.207.152,192.241.207.152,00000000000000000000000000000000000000000000000000000000000000,|||,|||,|||,|||,|||,|||,|||,|||,|||,|||
219.147.36.26,219.147.36.26,00000000000000000000000000000000000000000000000000000000000000,|||,|||,|||,|||,|||,|||,|||,|||,|||,|||
192.241.207.167,192.241.207.167,00000000000000000000000000000000000000000000000000000000000000,|||,|||,|||,|||,|||,|||,|||,|||,|||,|||
192.241.208.116,192.241.208.116,00000000000000000000000000000000000000000000000000000000000000,|||,|||,|||,|||,|||,|||,|||,|||,|||,|||
192.241.208.103,192.241.208.103,00000000000000000000000000000000000000000000000000000000000000,|||,|||,|||,|||,|||,|||,|||,|||,|||,|||
221.156.221.124,221.156.221.124,00000000000000000000000000000000000000000000000000000000000000,|||,|||,|||,|||,|||,|||,|||,|||,|||,|||
221.159.24.114,221.159.24.114,00000000000000000000000000000000000000000000000000000000000000,|||,|||,|||,|||,|||,|||,|||,|||,|||,|||
192.241.207.8,192.241.207.8,00000000000000000000000000000000000000000000000000000000000000,|||,|||,|||,|||,|||,|||,|||,|||,|||,|||
192.241.207.202,192.241.207.202,00000000000000000000000000000000000000000000000000000000000000,|||,|||,|||,|||,|||,|||,|||,|||,|||,|||
200.89.178.118,200.89.178.118,00000000000000000000000000000000000000000000000000000000000000,|||,|||,|||,|||,|||,|||,|||,|||,|||,|||
192.241.206.81,192.241.206.81,00000000000000000000000000000000000000000000000000000000000000,|||,|||,|||,|||,|||,|||,|||,|||,|||,|||
192.241.208.131,192.241.208.131,00000000000000000000000000000000000000000000000000000000000000,|||,|||,|||,|||,|||,|||,|||,|||,|||,|||
192.241.207.19,192.241.207.19,00000000000000000000000000000000000000000000000000000000000000,|||,|||,|||,|||,|||,|||,|||,|||,|||,|||
192.241.208.104,192.241.208.104,00000000000000000000000000000000000000000000000000000000000000,|||,|||,|||,|||,|||,|||,|||,|||,|||,|||
192.241.207.43,192.241.207.43,00000000000000000000000000000000000000000000000000000000000000,|||,|||,|||,|||,|||,|||,|||,|||,|||,|||
192.241.207.27,192.241.207.27,00000000000000000000000000000000000000000000000000000000000000,|||,|||,|||,|||,|||,|||,|||,|||,|||,|||
192.241.208.123,192.241.208.123,00000000000000000000000000000000000000000000000000000000000000,|||,|||,|||,|||,|||,|||,|||,|||,|||,|||
223.16.5.220,223.16.5.220,00000000000000000000000000000000000000000000000000000000000000,|||,|||,|||,|||,|||,|||,|||,|||,|||,|||
192.241.208.148,192.241.208.148,00000000000000000000000000000000000000000000000000000000000000,|||,|||,|||,|||,|||,|||,|||,|||,|||,|||
192.241.207.32,192.241.207.32,00000000000000000000000000000000000000000000000000000000000000,|||,|||,|||,|||,|||,|||,|||,|||,|||,|||
222.186.21.232,222.186.21.232,00000000000000000000000000000000000000000000000000000000000000,|||,|||,|||,|||,|||,|||,|||,|||,|||,|||
192.241.207.227,192.241.207.227,00000000000000000000000000000000000000000000000000000000000000,|||,|||,|||,|||,|||,|||,|||,|||,|||,|||
192.241.208.127,192.241.208.127,00000000000000000000000000000000000000000000000000000000000000,|||,|||,|||,|||,|||,|||,|||,|||,|||,|||
192.241.207.247,192.241.207.247,00000000000000000000000000000000000000000000000000000000000000,|||,|||,|||,|||,|||,|||,|||,|||,|||,|||
222.186.180.130,222.186.180.130,00000000000000000000000000000000000000000000000000000000000000,|||,|||,|||,|||,|||,|||,|||,|||,|||,|||
223.17.46.19,223.17.46.19,00000000000000000000000000000000000000000000000000000000000000,|||,|||,|||,|||,|||,|||,|||,|||,|||,|||
218.35.203.201,218.35.203.201,00000000000000000000000000000000000000000000000000000000000000,|||,|||,|||,|||,|||,|||,|||,|||,|||,|||
192.241.207.4,192.241.207.4,00000000000000000000000000000000000000000000000000000000000000,|||,|||,|||,|||,|||,|||,|||,|||,|||,|||
192.241.208.133,192.241.208.133,00000000000000000000000000000000000000000000000000000000000000,|||,|||,|||,|||,|||,|||,|||,|||,|||,|||
221.179.173.90,221.179.173.90,00000000000000000000000000000000000000000000000000000000000000,|||,|||,|||,|||,|||,|||,|||,|||,|||,|||
192.241.208.113,192.241.208.113,00000000000000000000000000000000000000000000000000000000000000,|||,|||,|||,|||,|||,|||,|||,|||,|||,|||
223.16.147.207,223.16.147.207,00000000000000000000000000000000000000000000000000000000000000,|||,|||,|||,|||,|||,|||,|||,|||,|||,|||
223.18.102.170,223.18.102.170,00000000000000000000000000000000000000000000000000000000000000,|||,|||,|||,|||,|||,|||,|||,|||,|||,|||
223.18.106.189,223.18.106.189,00000000000000000000000000000000000000000000000000000000000000,|||,|||,|||,|||,|||,|||,|||,|||,|||,|||
222.169.51.23,222.169.51.23,00000000000000000000000000000000000000000000000000000000000000,|||,|||,|||,|||,|||,|||,|||,|||,|||,|||
222.169.94.10,222.169.94.10,00000000000000000000000000000000000000000000000000000000000000,|||,|||,|||,|||,|||,|||,|||,|||,|||,|||
223.18.77.3,223.18.77.3,00000000000000000000000000000000000000000000000000000000000000,|||,|||,|||,|||,|||,|||,|||,|||,|||,|||
223.17.96.102,223.17.96.102,00000000000000000000000000000000000000000000000000000000000000,|||,|||,|||,|||,|||,|||,|||,|||,|||,|||
218.91.49.212,218.91.49.212,04b08b00004b04b04b04b08b04b04be3b0c44298fc1c149afbf4c8996fb924,000a|0301||,0035|0301||,|||,000a|0301||,000a|0301||,000a|0301||,000a|0301||,0035|0301||,000a|0301||,000a|0301||
192.241.208.229,192.241.208.229,00000000000000000000000000000000000000000000000000000000000000,|||,|||,|||,|||,|||,|||,|||,|||,|||,|||
223.16.165.6,223.16.165.6,00000000000000000000000000000000000000000000000000000000000000,|||,|||,|||,|||,|||,|||,|||,|||,|||,|||
192.241.208.162,192.241.208.162,00000000000000000000000000000000000000000000000000000000000000,|||,|||,|||,|||,|||,|||,|||,|||,|||,|||
192.241.208.238,192.241.208.238,00000000000000000000000000000000000000000000000000000000000000,|||,|||,|||,|||,|||,|||,|||,|||,|||,|||
192.241.208.240,192.241.208.240,00000000000000000000000000000000000000000000000000000000000000,|||,|||,|||,|||,|||,|||,|||,|||,|||,|||
192.241.208.41,192.241.208.41,00000000000000000000000000000000000000000000000000000000000000,|||,|||,|||,|||,|||,|||,|||,|||,|||,|||
192.241.208.241,192.241.208.241,00000000000000000000000000000000000000000000000000000000000000,|||,|||,|||,|||,|||,|||,|||,|||,|||,|||
223.18.182.122,223.18.182.122,00000000000000000000000000000000000000000000000000000000000000,|||,|||,|||,|||,|||,|||,|||,|||,|||,|||
192.241.208.210,192.241.208.210,00000000000000000000000000000000000000000000000000000000000000,|||,|||,|||,|||,|||,|||,|||,|||,|||,|||
192.241.208.203,192.241.208.203,00000000000000000000000000000000000000000000000000000000000000,|||,|||,|||,|||,|||,|||,|||,|||,|||,|||
223.18.45.52,223.18.45.52,00000000000000000000000000000000000000000000000000000000000000,|||,|||,|||,|||,|||,|||,|||,|||,|||,|||
192.241.208.247,192.241.208.247,00000000000000000000000000000000000000000000000000000000000000,|||,|||,|||,|||,|||,|||,|||,|||,|||,|||
192.241.208.151,192.241.208.151,00000000000000000000000000000000000000000000000000000000000000,|||,|||,|||,|||,|||,|||,|||,|||,|||,|||
192.241.208.150,192.241.208.150,00000000000000000000000000000000000000000000000000000000000000,|||,|||,|||,|||,|||,|||,|||,|||,|||,|||
192.241.208.226,192.241.208.226,00000000000000000000000000000000000000000000000000000000000000,|||,|||,|||,|||,|||,|||,|||,|||,|||,|||
192.241.208.135,192.241.208.135,00000000000000000000000000000000000000000000000000000000000000,|||,|||,|||,|||,|||,|||,|||,|||,|||,|||
192.241.208.224,192.241.208.224,00000000000000000000000000000000000000000000000000000000000000,|||,|||,|||,|||,|||,|||,|||,|||,|||,|||
192.241.208.43,192.241.208.43,00000000000000000000000000000000000000000000000000000000000000,|||,|||,|||,|||,|||,|||,|||,|||,|||,|||
192.241.208.69,192.241.208.69,00000000000000000000000000000000000000000000000000000000000000,|||,|||,|||,|||,|||,|||,|||,|||,|||,|||
192.241.208.195,192.241.208.195,00000000000000000000000000000000000000000000000000000000000000,|||,|||,|||,|||,|||,|||,|||,|||,|||,|||
192.241.208.180,192.241.208.180,00000000000000000000000000000000000000000000000000000000000000,|||,|||,|||,|||,|||,|||,|||,|||,|||,|||
192.241.208.45,192.241.208.45,00000000000000000000000000000000000000000000000000000000000000,|||,|||,|||,|||,|||,|||,|||,|||,|||,|||
192.241.208.64,192.241.208.64,00000000000000000000000000000000000000000000000000000000000000,|||,|||,|||,|||,|||,|||,|||,|||,|||,|||
192.241.208.70,192.241.208.70,00000000000000000000000000000000000000000000000000000000000000,|||,|||,|||,|||,|||,|||,|||,|||,|||,|||
223.28.173.6,223.28.173.6,00000000000000000000000000000000000000000000000000000000000000,|||,|||,|||,|||,|||,|||,|||,|||,|||,|||
192.241.208.36,192.241.208.36,00000000000000000000000000000000000000000000000000000000000000,|||,|||,|||,|||,|||,|||,|||,|||,|||,|||
192.241.208.78,192.241.208.78,00000000000000000000000000000000000000000000000000000000000000,|||,|||,|||,|||,|||,|||,|||,|||,|||,|||
192.241.209.10,192.241.209.10,00000000000000000000000000000000000000000000000000000000000000,|||,|||,|||,|||,|||,|||,|||,|||,|||,|||
192.241.208.40,192.241.208.40,00000000000000000000000000000000000000000000000000000000000000,|||,|||,|||,|||,|||,|||,|||,|||,|||,|||
192.241.208.5,192.241.208.5,00000000000000000000000000000000000000000000000000000000000000,|||,|||,|||,|||,|||,|||,|||,|||,|||,|||
192.241.208.68,192.241.208.68,00000000000000000000000000000000000000000000000000000000000000,|||,|||,|||,|||,|||,|||,|||,|||,|||,|||
192.241.208.84,192.241.208.84,00000000000000000000000000000000000000000000000000000000000000,|||,|||,|||,|||,|||,|||,|||,|||,|||,|||
192.241.208.47,192.241.208.47,00000000000000000000000000000000000000000000000000000000000000,|||,|||,|||,|||,|||,|||,|||,|||,|||,|||
192.241.208.156,192.241.208.156,00000000000000000000000000000000000000000000000000000000000000,|||,|||,|||,|||,|||,|||,|||,|||,|||,|||
192.241.207.51,192.241.207.51,00000000000000000000000000000000000000000000000000000000000000,|||,|||,|||,|||,|||,|||,|||,|||,|||,|||
192.241.208.108,192.241.208.108,00000000000000000000000000000000000000000000000000000000000000,|||,|||,|||,|||,|||,|||,|||,|||,|||,|||
192.241.208.75,192.241.208.75,00000000000000000000000000000000000000000000000000000000000000,|||,|||,|||,|||,|||,|||,|||,|||,|||,|||
192.241.209.112,192.241.209.112,00000000000000000000000000000000000000000000000000000000000000,|||,|||,|||,|||,|||,|||,|||,|||,|||,|||
192.241.209.111,192.241.209.111,00000000000000000000000000000000000000000000000000000000000000,|||,|||,|||,|||,|||,|||,|||,|||,|||,|||
192.241.209.114,192.241.209.114,00000000000000000000000000000000000000000000000000000000000000,|||,|||,|||,|||,|||,|||,|||,|||,|||,|||
192.241.208.79,192.241.208.79,00000000000000000000000000000000000000000000000000000000000000,|||,|||,|||,|||,|||,|||,|||,|||,|||,|||
192.241.209.126,192.241.209.126,00000000000000000000000000000000000000000000000000000000000000,|||,|||,|||,|||,|||,|||,|||,|||,|||,|||
192.241.208.172,192.241.208.172,00000000000000000000000000000000000000000000000000000000000000,|||,|||,|||,|||,|||,|||,|||,|||,|||,|||
192.241.209.129,192.241.209.129,00000000000000000000000000000000000000000000000000000000000000,|||,|||,|||,|||,|||,|||,|||,|||,|||,|||
192.241.208.7,192.241.208.7,00000000000000000000000000000000000000000000000000000000000000,|||,|||,|||,|||,|||,|||,|||,|||,|||,|||
192.241.209.101,192.241.209.101,00000000000000000000000000000000000000000000000000000000000000,|||,|||,|||,|||,|||,|||,|||,|||,|||,|||
192.241.208.88,192.241.208.88,00000000000000000000000000000000000000000000000000000000000000,|||,|||,|||,|||,|||,|||,|||,|||,|||,|||
192.241.209.104,192.241.209.104,00000000000000000000000000000000000000000000000000000000000000,|||,|||,|||,|||,|||,|||,|||,|||,|||,|||
192.241.208.189,192.241.208.189,00000000000000000000000000000000000000000000000000000000000000,|||,|||,|||,|||,|||,|||,|||,|||,|||,|||
192.241.209.122,192.241.209.122,00000000000000000000000000000000000000000000000000000000000000,|||,|||,|||,|||,|||,|||,|||,|||,|||,|||
192.241.209.166,192.241.209.166,00000000000000000000000000000000000000000000000000000000000000,|||,|||,|||,|||,|||,|||,|||,|||,|||,|||
192.241.209.140,192.241.209.140,00000000000000000000000000000000000000000000000000000000000000,|||,|||,|||,|||,|||,|||,|||,|||,|||,|||
192.241.209.141,192.241.209.141,00000000000000000000000000000000000000000000000000000000000000,|||,|||,|||,|||,|||,|||,|||,|||,|||,|||
192.241.208.74,192.241.208.74,00000000000000000000000000000000000000000000000000000000000000,|||,|||,|||,|||,|||,|||,|||,|||,|||,|||
192.241.209.167,192.241.209.167,00000000000000000000000000000000000000000000000000000000000000,|||,|||,|||,|||,|||,|||,|||,|||,|||,|||
192.241.209.132,192.241.209.132,00000000000000000000000000000000000000000000000000000000000000,|||,|||,|||,|||,|||,|||,|||,|||,|||,|||
192.241.209.169,192.241.209.169,00000000000000000000000000000000000000000000000000000000000000,|||,|||,|||,|||,|||,|||,|||,|||,|||,|||
192.241.209.152,192.241.209.152,00000000000000000000000000000000000000000000000000000000000000,|||,|||,|||,|||,|||,|||,|||,|||,|||,|||
192.241.209.178,192.241.209.178,00000000000000000000000000000000000000000000000000000000000000,|||,|||,|||,|||,|||,|||,|||,|||,|||,|||
192.241.208.81,192.241.208.81,00000000000000000000000000000000000000000000000000000000000000,|||,|||,|||,|||,|||,|||,|||,|||,|||,|||
192.241.209.206,192.241.209.206,00000000000000000000000000000000000000000000000000000000000000,|||,|||,|||,|||,|||,|||,|||,|||,|||,|||
192.241.209.148,192.241.209.148,00000000000000000000000000000000000000000000000000000000000000,|||,|||,|||,|||,|||,|||,|||,|||,|||,|||
192.241.209.157,192.241.209.157,00000000000000000000000000000000000000000000000000000000000000,|||,|||,|||,|||,|||,|||,|||,|||,|||,|||
192.241.209.147,192.241.209.147,00000000000000000000000000000000000000000000000000000000000000,|||,|||,|||,|||,|||,|||,|||,|||,|||,|||
192.241.209.145,192.241.209.145,00000000000000000000000000000000000000000000000000000000000000,|||,|||,|||,|||,|||,|||,|||,|||,|||,|||
192.241.209.176,192.241.209.176,00000000000000000000000000000000000000000000000000000000000000,|||,|||,|||,|||,|||,|||,|||,|||,|||,|||
192.241.209.121,192.241.209.121,00000000000000000000000000000000000000000000000000000000000000,|||,|||,|||,|||,|||,|||,|||,|||,|||,|||
192.241.209.223,192.241.209.223,00000000000000000000000000000000000000000000000000000000000000,|||,|||,|||,|||,|||,|||,|||,|||,|||,|||
192.241.209.34,192.241.209.34,00000000000000000000000000000000000000000000000000000000000000,|||,|||,|||,|||,|||,|||,|||,|||,|||,|||
192.241.209.26,192.241.209.26,00000000000000000000000000000000000000000000000000000000000000,|||,|||,|||,|||,|||,|||,|||,|||,|||,|||
192.241.209.175,192.241.209.175,00000000000000000000000000000000000000000000000000000000000000,|||,|||,|||,|||,|||,|||,|||,|||,|||,|||
192.241.209.184,192.241.209.184,00000000000000000000000000000000000000000000000000000000000000,|||,|||,|||,|||,|||,|||,|||,|||,|||,|||
192.241.209.247,192.241.209.247,00000000000000000000000000000000000000000000000000000000000000,|||,|||,|||,|||,|||,|||,|||,|||,|||,|||
192.241.209.22,192.241.209.22,00000000000000000000000000000000000000000000000000000000000000,|||,|||,|||,|||,|||,|||,|||,|||,|||,|||
192.241.209.218,192.241.209.218,00000000000000000000000000000000000000000000000000000000000000,|||,|||,|||,|||,|||,|||,|||,|||,|||,|||
192.241.209.42,192.241.209.42,00000000000000000000000000000000000000000000000000000000000000,|||,|||,|||,|||,|||,|||,|||,|||,|||,|||
192.241.209.25,192.241.209.25,00000000000000000000000000000000000000000000000000000000000000,|||,|||,|||,|||,|||,|||,|||,|||,|||,|||
192.241.209.59,192.241.209.59,00000000000000000000000000000000000000000000000000000000000000,|||,|||,|||,|||,|||,|||,|||,|||,|||,|||
180.215.192.197,180.215.192.197,00000000000000000000000000000000000000000000000000000000000000,|||,|||,|||,|||,|||,|||,|||,|||,|||,|||
192.241.209.53,192.241.209.53,00000000000000000000000000000000000000000000000000000000000000,|||,|||,|||,|||,|||,|||,|||,|||,|||,|||
192.241.209.81,192.241.209.81,00000000000000000000000000000000000000000000000000000000000000,|||,|||,|||,|||,|||,|||,|||,|||,|||,|||
192.241.209.77,192.241.209.77,00000000000000000000000000000000000000000000000000000000000000,|||,|||,|||,|||,|||,|||,|||,|||,|||,|||
192.241.209.44,192.241.209.44,00000000000000000000000000000000000000000000000000000000000000,|||,|||,|||,|||,|||,|||,|||,|||,|||,|||
192.241.209.45,192.241.209.45,00000000000000000000000000000000000000000000000000000000000000,|||,|||,|||,|||,|||,|||,|||,|||,|||,|||
192.241.209.7,192.241.209.7,00000000000000000000000000000000000000000000000000000000000000,|||,|||,|||,|||,|||,|||,|||,|||,|||,|||
192.241.209.73,192.241.209.73,00000000000000000000000000000000000000000000000000000000000000,|||,|||,|||,|||,|||,|||,|||,|||,|||,|||
192.241.209.28,192.241.209.28,00000000000000000000000000000000000000000000000000000000000000,|||,|||,|||,|||,|||,|||,|||,|||,|||,|||
192.241.209.65,192.241.209.65,00000000000000000000000000000000000000000000000000000000000000,|||,|||,|||,|||,|||,|||,|||,|||,|||,|||
192.241.209.50,192.241.209.50,00000000000000000000000000000000000000000000000000000000000000,|||,|||,|||,|||,|||,|||,|||,|||,|||,|||
192.241.209.43,192.241.209.43,00000000000000000000000000000000000000000000000000000000000000,|||,|||,|||,|||,|||,|||,|||,|||,|||,|||
220.180.229.94,220.180.229.94,2ad2ad0002ad2ad22a2ad2ad2ad2adf61db3c685625c8d4f3458af03549468,c030|0303|http/1.1|0000-ff01-000b-0023-0010,c030|0303|http/1.1|0000-ff01-000b-0023-0010,|||,c030|0303||0000-ff01-000b-0023,c030|0303||0000-ff01-000b-0023,c014|0300|http/1.1|0000-ff01-000b-0010,c030|0303|http/1.1|0000-ff01-000b-0023-0010,c030|0303|http/1.1|0000-ff01-000b-0023-0010,c030|0303|http/1.1|0000-ff01-000b-0023-0010,c030|0303|http/1.1|0000-ff01-000b-0023-0010
222.98.34.109,222.98.34.109,00000000000000000000000000000000000000000000000000000000000000,|||,|||,|||,|||,|||,|||,|||,|||,|||,|||
192.241.209.62,192.241.209.62,00000000000000000000000000000000000000000000000000000000000000,|||,|||,|||,|||,|||,|||,|||,|||,|||,|||
192.241.209.85,192.241.209.85,00000000000000000000000000000000000000000000000000000000000000,|||,|||,|||,|||,|||,|||,|||,|||,|||,|||
219.250.138.170,219.250.138.170,07d19d1ad21d21d00042d43d00000076e5b3c488a88e5790970b78ffb8afc2,0033|0303|http/1.1|ff01-0001-0023-0010-0017,00c0|0303|http/1.1|ff01-0001-0023-0010-0017,00c4|0303|http/1.1|ff01-0001-0023-0010-0017,c013|0303|http/1.1|ff01-0001-000b-0023-0010-0017,c013|0303|http/1.1|ff01-0001-000b-0023-0010-0017,|||,1302|0303||002b-0033,1303|0303||002b-0033,|||,|||
192.241.210.107,192.241.210.107,00000000000000000000000000000000000000000000000000000000000000,|||,|||,|||,|||,|||,|||,|||,|||,|||,|||
192.241.209.88,192.241.209.88,00000000000000000000000000000000000000000000000000000000000000,|||,|||,|||,|||,|||,|||,|||,|||,|||,|||
192.241.209.76,192.241.209.76,00000000000000000000000000000000000000000000000000000000000000,|||,|||,|||,|||,|||,|||,|||,|||,|||,|||
192.241.210.104,192.241.210.104,00000000000000000000000000000000000000000000000000000000000000,|||,|||,|||,|||,|||,|||,|||,|||,|||,|||
192.241.210.229,192.241.210.229,00000000000000000000000000000000000000000000000000000000000000,|||,|||,|||,|||,|||,|||,|||,|||,|||,|||
192.241.209.99,192.241.209.99,00000000000000000000000000000000000000000000000000000000000000,|||,|||,|||,|||,|||,|||,|||,|||,|||,|||
192.241.210.108,192.241.210.108,00000000000000000000000000000000000000000000000000000000000000,|||,|||,|||,|||,|||,|||,|||,|||,|||,|||
192.241.210.106,192.241.210.106,00000000000000000000000000000000000000000000000000000000000000,|||,|||,|||,|||,|||,|||,|||,|||,|||,|||
192.241.209.91,192.241.209.91,00000000000000000000000000000000000000000000000000000000000000,|||,|||,|||,|||,|||,|||,|||,|||,|||,|||
192.241.210.239,192.241.210.239,00000000000000000000000000000000000000000000000000000000000000,|||,|||,|||,|||,|||,|||,|||,|||,|||,|||
192.241.210.234,192.241.210.234,00000000000000000000000000000000000000000000000000000000000000,|||,|||,|||,|||,|||,|||,|||,|||,|||,|||
192.241.210.226,192.241.210.226,00000000000000000000000000000000000000000000000000000000000000,|||,|||,|||,|||,|||,|||,|||,|||,|||,|||
223.71.167.165,223.71.167.165,00000000000000000000000000000000000000000000000000000000000000,|||,|||,|||,|||,|||,|||,|||,|||,|||,|||
192.241.210.123,192.241.210.123,00000000000000000000000000000000000000000000000000000000000000,|||,|||,|||,|||,|||,|||,|||,|||,|||,|||
223.71.167.166,223.71.167.166,00000000000000000000000000000000000000000000000000000000000000,|||,|||,|||,|||,|||,|||,|||,|||,|||,|||
192.241.210.223,192.241.210.223,00000000000000000000000000000000000000000000000000000000000000,|||,|||,|||,|||,|||,|||,|||,|||,|||,|||
223.71.167.163,223.71.167.163,00000000000000000000000000000000000000000000000000000000000000,|||,|||,|||,|||,|||,|||,|||,|||,|||,|||
192.241.210.225,192.241.210.225,00000000000000000000000000000000000000000000000000000000000000,|||,|||,|||,|||,|||,|||,|||,|||,|||,|||
192.241.210.233,192.241.210.233,00000000000000000000000000000000000000000000000000000000000000,|||,|||,|||,|||,|||,|||,|||,|||,|||,|||
223.71.167.164,223.71.167.164,00000000000000000000000000000000000000000000000000000000000000,|||,|||,|||,|||,|||,|||,|||,|||,|||,|||
192.241.210.209,192.241.210.209,00000000000000000000000000000000000000000000000000000000000000,|||,|||,|||,|||,|||,|||,|||,|||,|||,|||
192.241.210.128,192.241.210.128,00000000000000000000000000000000000000000000000000000000000000,|||,|||,|||,|||,|||,|||,|||,|||,|||,|||
192.241.210.163,192.241.210.163,00000000000000000000000000000000000000000000000000000000000000,|||,|||,|||,|||,|||,|||,|||,|||,|||,|||
192.241.210.230,192.241.210.230,00000000000000000000000000000000000000000000000000000000000000,|||,|||,|||,|||,|||,|||,|||,|||,|||,|||
192.241.210.129,192.241.210.129,00000000000000000000000000000000000000000000000000000000000000,|||,|||,|||,|||,|||,|||,|||,|||,|||,|||
192.241.210.228,192.241.210.228,00000000000000000000000000000000000000000000000000000000000000,|||,|||,|||,|||,|||,|||,|||,|||,|||,|||
192.241.210.213,192.241.210.213,00000000000000000000000000000000000000000000000000000000000000,|||,|||,|||,|||,|||,|||,|||,|||,|||,|||
192.241.210.212,192.241.210.212,00000000000000000000000000000000000000000000000000000000000000,|||,|||,|||,|||,|||,|||,|||,|||,|||,|||
192.241.210.222,192.241.210.222,00000000000000000000000000000000000000000000000000000000000000,|||,|||,|||,|||,|||,|||,|||,|||,|||,|||
222.134.70.138,222.134.70.138,06b06b00006b06b06b06b06b06b06bd3b67dd3674d9af9dd91c1955a35d0e9,002f|0301||0017-ff01,002f|0301||0017-ff01,|||,002f|0301||0017-ff01,002f|0301||0017-ff01,002f|0301||0017-ff01,002f|0301||0017-ff01,002f|0301||0017-ff01,002f|0301||0017-ff01,002f|0301||0017-ff01
192.241.210.236,192.241.210.236,00000000000000000000000000000000000000000000000000000000000000,|||,|||,|||,|||,|||,|||,|||,|||,|||,|||
192.241.210.50,192.241.210.50,00000000000000000000000000000000000000000000000000000000000000,|||,|||,|||,|||,|||,|||,|||,|||,|||,|||
192.241.210.249,192.241.210.249,00000000000000000000000000000000000000000000000000000000000000,|||,|||,|||,|||,|||,|||,|||,|||,|||,|||
192.241.210.247,192.241.210.247,00000000000000000000000000000000000000000000000000000000000000,|||,|||,|||,|||,|||,|||,|||,|||,|||,|||
192.241.210.248,192.241.210.248,00000000000000000000000000000000000000000000000000000000000000,|||,|||,|||,|||,|||,|||,|||,|||,|||,|||
192.241.210.231,192.241.210.231,00000000000000000000000000000000000000000000000000000000000000,|||,|||,|||,|||,|||,|||,|||,|||,|||,|||
192.241.210.245,192.241.210.245,00000000000000000000000000000000000000000000000000000000000000,|||,|||,|||,|||,|||,|||,|||,|||,|||,|||
192.241.210.42,192.241.210.42,00000000000000000000000000000000000000000000000000000000000000,|||,|||,|||,|||,|||,|||,|||,|||,|||,|||
192.241.211.12,192.241.211.12,00000000000000000000000000000000000000000000000000000000000000,|||,|||,|||,|||,|||,|||,|||,|||,|||,|||
192.241.210.65,192.241.210.65,00000000000000000000000000000000000000000000000000000000000000,|||,|||,|||,|||,|||,|||,|||,|||,|||,|||
192.241.210.227,192.241.210.227,00000000000000000000000000000000000000000000000000000000000000,|||,|||,|||,|||,|||,|||,|||,|||,|||,|||
192.241.210.45,192.241.210.45,00000000000000000000000000000000000000000000000000000000000000,|||,|||,|||,|||,|||,|||,|||,|||,|||,|||
192.241.210.81,192.241.210.81,00000000000000000000000000000000000000000000000000000000000000,|||,|||,|||,|||,|||,|||,|||,|||,|||,|||
192.241.211.129,192.241.211.129,00000000000000000000000000000000000000000000000000000000000000,|||,|||,|||,|||,|||,|||,|||,|||,|||,|||
192.241.211.126,192.241.211.126,00000000000000000000000000000000000000000000000000000000000000,|||,|||,|||,|||,|||,|||,|||,|||,|||,|||
192.241.211.107,192.241.211.107,00000000000000000000000000000000000000000000000000000000000000,|||,|||,|||,|||,|||,|||,|||,|||,|||,|||
192.241.211.116,192.241.211.116,00000000000000000000000000000000000000000000000000000000000000,|||,|||,|||,|||,|||,|||,|||,|||,|||,|||
192.241.210.54,192.241.210.54,00000000000000000000000000000000000000000000000000000000000000,|||,|||,|||,|||,|||,|||,|||,|||,|||,|||
192.241.211.110,192.241.211.110,00000000000000000000000000000000000000000000000000000000000000,|||,|||,|||,|||,|||,|||,|||,|||,|||,|||
192.241.211.109,192.241.211.109,00000000000000000000000000000000000000000000000000000000000000,|||,|||,|||,|||,|||,|||,|||,|||,|||,|||
192.241.211.121,192.241.211.121,00000000000000000000000000000000000000000000000000000000000000,|||,|||,|||,|||,|||,|||,|||,|||,|||,|||
192.241.211.123,192.241.211.123,00000000000000000000000000000000000000000000000000000000000000,|||,|||,|||,|||,|||,|||,|||,|||,|||,|||
192.241.211.125,192.241.211.125,00000000000000000000000000000000000000000000000000000000000000,|||,|||,|||,|||,|||,|||,|||,|||,|||,|||
192.241.210.240,192.241.210.240,00000000000000000000000000000000000000000000000000000000000000,|||,|||,|||,|||,|||,|||,|||,|||,|||,|||
192.241.210.69,192.241.210.69,00000000000000000000000000000000000000000000000000000000000000,|||,|||,|||,|||,|||,|||,|||,|||,|||,|||
192.241.211.135,192.241.211.135,00000000000000000000000000000000000000000000000000000000000000,|||,|||,|||,|||,|||,|||,|||,|||,|||,|||
192.241.211.138,192.241.211.138,00000000000000000000000000000000000000000000000000000000000000,|||,|||,|||,|||,|||,|||,|||,|||,|||,|||
192.241.211.103,192.241.211.103,00000000000000000000000000000000000000000000000000000000000000,|||,|||,|||,|||,|||,|||,|||,|||,|||,|||
192.241.211.133,192.241.211.133,00000000000000000000000000000000000000000000000000000000000000,|||,|||,|||,|||,|||,|||,|||,|||,|||,|||
192.241.211.137,192.241.211.137,00000000000000000000000000000000000000000000000000000000000000,|||,|||,|||,|||,|||,|||,|||,|||,|||,|||
192.241.211.115,192.241.211.115,00000000000000000000000000000000000000000000000000000000000000,|||,|||,|||,|||,|||,|||,|||,|||,|||,|||
192.241.211.149,192.241.211.149,00000000000000000000000000000000000000000000000000000000000000,|||,|||,|||,|||,|||,|||,|||,|||,|||,|||
192.241.211.132,192.241.211.132,00000000000000000000000000000000000000000000000000000000000000,|||,|||,|||,|||,|||,|||,|||,|||,|||,|||
192.241.211.13,192.241.211.13,00000000000000000000000000000000000000000000000000000000000000,|||,|||,|||,|||,|||,|||,|||,|||,|||,|||
192.241.211.140,192.241.211.140,00000000000000000000000000000000000000000000000000000000000000,|||,|||,|||,|||,|||,|||,|||,|||,|||,|||
192.241.211.150,192.241.211.150,00000000000000000000000000000000000000000000000000000000000000,|||,|||,|||,|||,|||,|||,|||,|||,|||,|||
192.241.211.155,192.241.211.155,00000000000000000000000000000000000000000000000000000000000000,|||,|||,|||,|||,|||,|||,|||,|||,|||,|||
218.24.2.137,218.24.2.137,00000000000000000000000000000000000000000000000000000000000000,|||,|||,|||,|||,|||,|||,|||,|||,|||,|||
192.241.211.234,192.241.211.234,00000000000000000000000000000000000000000000000000000000000000,|||,|||,|||,|||,|||,|||,|||,|||,|||,|||
192.241.211.162,192.241.211.162,00000000000000000000000000000000000000000000000000000000000000,|||,|||,|||,|||,|||,|||,|||,|||,|||,|||
192.241.211.153,192.241.211.153,00000000000000000000000000000000000000000000000000000000000000,|||,|||,|||,|||,|||,|||,|||,|||,|||,|||
192.241.211.154,192.241.211.154,00000000000000000000000000000000000000000000000000000000000000,|||,|||,|||,|||,|||,|||,|||,|||,|||,|||
192.241.211.145,192.241.211.145,00000000000000000000000000000000000000000000000000000000000000,|||,|||,|||,|||,|||,|||,|||,|||,|||,|||
192.241.211.157,192.241.211.157,00000000000000000000000000000000000000000000000000000000000000,|||,|||,|||,|||,|||,|||,|||,|||,|||,|||
192.241.211.144,192.241.211.144,00000000000000000000000000000000000000000000000000000000000000,|||,|||,|||,|||,|||,|||,|||,|||,|||,|||
192.241.211.146,192.241.211.146,00000000000000000000000000000000000000000000000000000000000000,|||,|||,|||,|||,|||,|||,|||,|||,|||,|||
192.241.211.213,192.241.211.213,00000000000000000000000000000000000000000000000000000000000000,|||,|||,|||,|||,|||,|||,|||,|||,|||,|||
192.241.211.139,192.241.211.139,00000000000000000000000000000000000000000000000000000000000000,|||,|||,|||,|||,|||,|||,|||,|||,|||,|||
192.241.211.188,192.241.211.188,00000000000000000000000000000000000000000000000000000000000000,|||,|||,|||,|||,|||,|||,|||,|||,|||,|||
192.241.211.196,192.241.211.196,00000000000000000000000000000000000000000000000000000000000000,|||,|||,|||,|||,|||,|||,|||,|||,|||,|||
192.241.211.173,192.241.211.173,00000000000000000000000000000000000000000000000000000000000000,|||,|||,|||,|||,|||,|||,|||,|||,|||,|||
192.241.211.197,192.241.211.197,00000000000000000000000000000000000000000000000000000000000000,|||,|||,|||,|||,|||,|||,|||,|||,|||,|||
192.241.211.201,192.241.211.201,00000000000000000000000000000000000000000000000000000000000000,|||,|||,|||,|||,|||,|||,|||,|||,|||,|||
192.241.211.176,192.241.211.176,00000000000000000000000000000000000000000000000000000000000000,|||,|||,|||,|||,|||,|||,|||,|||,|||,|||
222.139.4.166,222.139.4.166,29d29d20d29d29d22c29d29d29d29dfb5de881cc847e53e47fc6dd40b422b0,c02f|0303|http/1.1|ff01-0000-0001-000b-0023-0010-0017,c02f|0303|http/1.1|ff01-0000-0001-000b-0023-0010-0017,c012|0303|http/1.1|ff01-0000-0001-000b-0023-0010-0017,c02f|0303||ff01-0000-0001-000b-0023-0017,c02f|0303||ff01-0000-0001-000b-0023-0017,c014|0302|http/1.1|ff01-0000-0001-000b-0023-0010-0017,c02f|0303|http/1.1|ff01-0000-0001-000b-0023-0010-0017,c02f|0303|http/1.1|ff01-0000-0001-000b-0023-0010-0017,c02f|0303|http/1.1|ff01-0000-0001-000b-0023-0010-0017,c02f|0303|http/1.1|ff01-0000-0001-000b-0023-0010-0017
192.241.211.200,192.241.211.200,00000000000000000000000000000000000000000000000000000000000000,|||,|||,|||,|||,|||,|||,|||,|||,|||,|||
192.241.211.223,192.241.211.223,00000000000000000000000000000000000000000000000000000000000000,|||,|||,|||,|||,|||,|||,|||,|||,|||,|||
192.241.211.166,192.241.211.166,00000000000000000000000000000000000000000000000000000000000000,|||,|||,|||,|||,|||,|||,|||,|||,|||,|||
192.241.211.215,192.241.211.215,00000000000000000000000000000000000000000000000000000000000000,|||,|||,|||,|||,|||,|||,|||,|||,|||,|||
192.241.211.238,192.241.211.238,00000000000000000000000000000000000000000000000000000000000000,|||,|||,|||,|||,|||,|||,|||,|||,|||,|||
192.241.211.204,192.241.211.204,00000000000000000000000000000000000000000000000000000000000000,|||,|||,|||,|||,|||,|||,|||,|||,|||,|||
192.241.211.219,192.241.211.219,00000000000000000000000000000000000000000000000000000000000000,|||,|||,|||,|||,|||,|||,|||,|||,|||,|||
192.241.211.240,192.241.211.240,00000000000000000000000000000000000000000000000000000000000000,|||,|||,|||,|||,|||,|||,|||,|||,|||,|||
192.241.211.252,192.241.211.252,00000000000000000000000000000000000000000000000000000000000000,|||,|||,|||,|||,|||,|||,|||,|||,|||,|||
192.241.211.217,192.241.211.217,00000000000000000000000000000000000000000000000000000000000000,|||,|||,|||,|||,|||,|||,|||,|||,|||,|||
192.241.211.236,192.241.211.236,00000000000000000000000000000000000000000000000000000000000000,|||,|||,|||,|||,|||,|||,|||,|||,|||,|||
192.241.211.32,192.241.211.32,00000000000000000000000000000000000000000000000000000000000000,|||,|||,|||,|||,|||,|||,|||,|||,|||,|||
192.241.211.225,192.241.211.225,00000000000000000000000000000000000000000000000000000000000000,|||,|||,|||,|||,|||,|||,|||,|||,|||,|||
192.241.211.5,192.241.211.5,00000000000000000000000000000000000000000000000000000000000000,|||,|||,|||,|||,|||,|||,|||,|||,|||,|||
192.241.211.246,192.241.211.246,00000000000000000000000000000000000000000000000000000000000000,|||,|||,|||,|||,|||,|||,|||,|||,|||,|||
192.241.211.35,192.241.211.35,00000000000000000000000000000000000000000000000000000000000000,|||,|||,|||,|||,|||,|||,|||,|||,|||,|||
192.241.211.49,192.241.211.49,00000000000000000000000000000000000000000000000000000000000000,|||,|||,|||,|||,|||,|||,|||,|||,|||,|||
192.241.211.31,192.241.211.31,00000000000000000000000000000000000000000000000000000000000000,|||,|||,|||,|||,|||,|||,|||,|||,|||,|||
192.241.211.250,192.241.211.250,00000000000000000000000000000000000000000000000000000000000000,|||,|||,|||,|||,|||,|||,|||,|||,|||,|||
192.241.211.249,192.241.211.249,00000000000000000000000000000000000000000000000000000000000000,|||,|||,|||,|||,|||,|||,|||,|||,|||,|||
192.241.211.58,192.241.211.58,00000000000000000000000000000000000000000000000000000000000000,|||,|||,|||,|||,|||,|||,|||,|||,|||,|||
192.241.211.57,192.241.211.57,00000000000000000000000000000000000000000000000000000000000000,|||,|||,|||,|||,|||,|||,|||,|||,|||,|||
192.241.211.230,192.241.211.230,00000000000000000000000000000000000000000000000000000000000000,|||,|||,|||,|||,|||,|||,|||,|||,|||,|||
192.241.211.71,192.241.211.71,00000000000000000000000000000000000000000000000000000000000000,|||,|||,|||,|||,|||,|||,|||,|||,|||,|||
192.241.211.70,192.241.211.70,00000000000000000000000000000000000000000000000000000000000000,|||,|||,|||,|||,|||,|||,|||,|||,|||,|||
192.241.211.87,192.241.211.87,00000000000000000000000000000000000000000000000000000000000000,|||,|||,|||,|||,|||,|||,|||,|||,|||,|||
192.241.211.91,192.241.211.91,00000000000000000000000000000000000000000000000000000000000000,|||,|||,|||,|||,|||,|||,|||,|||,|||,|||
192.241.211.78,192.241.211.78,00000000000000000000000000000000000000000000000000000000000000,|||,|||,|||,|||,|||,|||,|||,|||,|||,|||
192.241.211.6,192.241.211.6,00000000000000000000000000000000000000000000000000000000000000,|||,|||,|||,|||,|||,|||,|||,|||,|||,|||
192.241.211.45,192.241.211.45,00000000000000000000000000000000000000000000000000000000000000,|||,|||,|||,|||,|||,|||,|||,|||,|||,|||
192.241.211.44,192.241.211.44,00000000000000000000000000000000000000000000000000000000000000,|||,|||,|||,|||,|||,|||,|||,|||,|||,|||
192.241.211.81,192.241.211.81,00000000000000000000000000000000000000000000000000000000000000,|||,|||,|||,|||,|||,|||,|||,|||,|||,|||
192.241.211.245,192.241.211.245,00000000000000000000000000000000000000000000000000000000000000,|||,|||,|||,|||,|||,|||,|||,|||,|||,|||
192.241.211.79,192.241.211.79,00000000000000000000000000000000000000000000000000000000000000,|||,|||,|||,|||,|||,|||,|||,|||,|||,|||
192.241.211.59,192.241.211.59,00000000000000000000000000000000000000000000000000000000000000,|||,|||,|||,|||,|||,|||,|||,|||,|||,|||
192.241.211.93,192.241.211.93,00000000000000000000000000000000000000000000000000000000000000,|||,|||,|||,|||,|||,|||,|||,|||,|||,|||
192.241.211.97,192.241.211.97,00000000000000000000000000000000000000000000000000000000000000,|||,|||,|||,|||,|||,|||,|||,|||,|||,|||
192.241.211.9,192.241.211.9,00000000000000000000000000000000000000000000000000000000000000,|||,|||,|||,|||,|||,|||,|||,|||,|||,|||
192.241.211.48,192.241.211.48,00000000000000000000000000000000000000000000000000000000000000,|||,|||,|||,|||,|||,|||,|||,|||,|||,|||
192.241.211.83,192.241.211.83,00000000000000000000000000000000000000000000000000000000000000,|||,|||,|||,|||,|||,|||,|||,|||,|||,|||
220.132.128.169,220.132.128.169,2ad2ad0002ad2ad00042d42d000000591965a32830c32b3ad57d4bfd247359,c030|0303|http/1.1|ff01-0001-000b-0023-0010-0017,c030|0303|http/1.1|ff01-0001-000b-0023-0010-0017,|||,c030|0303||ff01-0001-000b-0023-0017,c030|0303||ff01-0001-000b-0023-0017,|||,1302|0303||002b-0033,1302|0303||002b-0033,|||,|||
192.241.211.60,192.241.211.60,00000000000000000000000000000000000000000000000000000000000000,|||,|||,|||,|||,|||,|||,|||,|||,|||,|||
220.118.0.56,220.118.0.56,29d29d00029d29d21c29d29d29d29d2bb1101b28b790bf5d9d4dcad463fdc2,c02f|0303||ff01,c02f|0303||ff01,|||,c02f|0303||ff01,c02f|0303||ff01,c013|0302||ff01,c02f|0303||ff01,c02f|0303||ff01,c02f|0303||ff01,c02f|0303||ff01
192.241.212.11,192.241.212.11,00000000000000000000000000000000000000000000000000000000000000,|||,|||,|||,|||,|||,|||,|||,|||,|||,|||
192.241.211.84,192.241.211.84,00000000000000000000000000000000000000000000000000000000000000,|||,|||,|||,|||,|||,|||,|||,|||,|||,|||
192.241.212.107,192.241.212.107,00000000000000000000000000000000000000000000000000000000000000,|||,|||,|||,|||,|||,|||,|||,|||,|||,|||
192.241.212.103,192.241.212.103,00000000000000000000000000000000000000000000000000000000000000,|||,|||,|||,|||,|||,|||,|||,|||,|||,|||
192.241.212.113,192.241.212.113,00000000000000000000000000000000000000000000000000000000000000,|||,|||,|||,|||,|||,|||,|||,|||,|||,|||
192.241.212.108,192.241.212.108,00000000000000000000000000000000000000000000000000000000000000,|||,|||,|||,|||,|||,|||,|||,|||,|||,|||
192.241.212.10,192.241.212.10,00000000000000000000000000000000000000000000000000000000000000,|||,|||,|||,|||,|||,|||,|||,|||,|||,|||
192.241.212.100,192.241.212.100,00000000000000000000000000000000000000000000000000000000000000,|||,|||,|||,|||,|||,|||,|||,|||,|||,|||
192.241.212.117,192.241.212.117,00000000000000000000000000000000000000000000000000000000000000,|||,|||,|||,|||,|||,|||,|||,|||,|||,|||
192.241.212.119,192.241.212.119,00000000000000000000000000000000000000000000000000000000000000,|||,|||,|||,|||,|||,|||,|||,|||,|||,|||
192.241.212.102,192.241.212.102,00000000000000000000000000000000000000000000000000000000000000,|||,|||,|||,|||,|||,|||,|||,|||,|||,|||
192.241.212.123,192.241.212.123,00000000000000000000000000000000000000000000000000000000000000,|||,|||,|||,|||,|||,|||,|||,|||,|||,|||
192.241.212.101,192.241.212.101,00000000000000000000000000000000000000000000000000000000000000,|||,|||,|||,|||,|||,|||,|||,|||,|||,|||
192.241.212.151,192.241.212.151,00000000000000000000000000000000000000000000000000000000000000,|||,|||,|||,|||,|||,|||,|||,|||,|||,|||
192.241.212.153,192.241.212.153,00000000000000000000000000000000000000000000000000000000000000,|||,|||,|||,|||,|||,|||,|||,|||,|||,|||
192.241.212.12,192.241.212.12,00000000000000000000000000000000000000000000000000000000000000,|||,|||,|||,|||,|||,|||,|||,|||,|||,|||
192.241.212.150,192.241.212.150,00000000000000000000000000000000000000000000000000000000000000,|||,|||,|||,|||,|||,|||,|||,|||,|||,|||
192.241.212.132,192.241.212.132,00000000000000000000000000000000000000000000000000000000000000,|||,|||,|||,|||,|||,|||,|||,|||,|||,|||
192.241.212.143,192.241.212.143,00000000000000000000000000000000000000000000000000000000000000,|||,|||,|||,|||,|||,|||,|||,|||,|||,|||
223.100.178.179,223.100.178.179,00000000000000000000000000000000000000000000000000000000000000,|||,|||,|||,|||,|||,|||,|||,|||,|||,|||
192.241.212.126,192.241.212.126,00000000000000000000000000000000000000000000000000000000000000,|||,|||,|||,|||,|||,|||,|||,|||,|||,|||
192.241.212.118,192.241.212.118,00000000000000000000000000000000000000000000000000000000000000,|||,|||,|||,|||,|||,|||,|||,|||,|||,|||
192.241.212.154,192.241.212.154,00000000000000000000000000000000000000000000000000000000000000,|||,|||,|||,|||,|||,|||,|||,|||,|||,|||
192.241.212.131,192.241.212.131,00000000000000000000000000000000000000000000000000000000000000,|||,|||,|||,|||,|||,|||,|||,|||,|||,|||
192.241.212.128,192.241.212.128,00000000000000000000000000000000000000000000000000000000000000,|||,|||,|||,|||,|||,|||,|||,|||,|||,|||
210.12.108.170,210.12.108.170,06d08d00006d06d06c06d08d06d06d9674c6b4e623ae36cc2d998e99e2262e,002f|0303||ff01-0023,0035|0303||ff01-0023,|||,002f|0303||ff01-0023,002f|0303||ff01-0023,002f|0302||ff01-0023,002f|0303||ff01-0023,0035|0303||ff01-0023,002f|0303||ff01-0023,002f|0303||ff01-0023
192.241.212.147,192.241.212.147,00000000000000000000000000000000000000000000000000000000000000,|||,|||,|||,|||,|||,|||,|||,|||,|||,|||
192.241.212.16,192.241.212.16,00000000000000000000000000000000000000000000000000000000000000,|||,|||,|||,|||,|||,|||,|||,|||,|||,|||
192.241.212.149,192.241.212.149,00000000000000000000000000000000000000000000000000000000000000,|||,|||,|||,|||,|||,|||,|||,|||,|||,|||
192.241.212.138,192.241.212.138,00000000000000000000000000000000000000000000000000000000000000,|||,|||,|||,|||,|||,|||,|||,|||,|||,|||
192.241.212.152,192.241.212.152,00000000000000000000000000000000000000000000000000000000000000,|||,|||,|||,|||,|||,|||,|||,|||,|||,|||
192.241.212.136,192.241.212.136,00000000000000000000000000000000000000000000000000000000000000,|||,|||,|||,|||,|||,|||,|||,|||,|||,|||
192.241.212.140,192.241.212.140,00000000000000000000000000000000000000000000000000000000000000,|||,|||,|||,|||,|||,|||,|||,|||,|||,|||
172.248.224.145,172.248.224.145,00000000000000000000000000000000000000000000000000000000000000,|||,|||,|||,|||,|||,|||,|||,|||,|||,|||
192.241.212.160,192.241.212.160,00000000000000000000000000000000000000000000000000000000000000,|||,|||,|||,|||,|||,|||,|||,|||,|||,|||
192.241.212.162,192.241.212.162,00000000000000000000000000000000000000000000000000000000000000,|||,|||,|||,|||,|||,|||,|||,|||,|||,|||
192.241.212.173,192.241.212.173,00000000000000000000000000000000000000000000000000000000000000,|||,|||,|||,|||,|||,|||,|||,|||,|||,|||
192.241.212.170,192.241.212.170,00000000000000000000000000000000000000000000000000000000000000,|||,|||,|||,|||,|||,|||,|||,|||,|||,|||
192.241.212.184,192.241.212.184,00000000000000000000000000000000000000000000000000000000000000,|||,|||,|||,|||,|||,|||,|||,|||,|||,|||
192.241.212.178,192.241.212.178,00000000000000000000000000000000000000000000000000000000000000,|||,|||,|||,|||,|||,|||,|||,|||,|||,|||
192.241.212.171,192.241.212.171,00000000000000000000000000000000000000000000000000000000000000,|||,|||,|||,|||,|||,|||,|||,|||,|||,|||
192.241.212.156,192.241.212.156,00000000000000000000000000000000000000000000000000000000000000,|||,|||,|||,|||,|||,|||,|||,|||,|||,|||
192.241.212.19,192.241.212.19,00000000000000000000000000000000000000000000000000000000000000,|||,|||,|||,|||,|||,|||,|||,|||,|||,|||
192.241.212.182,192.241.212.182,00000000000000000000000000000000000000000000000000000000000000,|||,|||,|||,|||,|||,|||,|||,|||,|||,|||
192.241.212.187,192.241.212.187,00000000000000000000000000000000000000000000000000000000000000,|||,|||,|||,|||,|||,|||,|||,|||,|||,|||
192.241.212.202,192.241.212.202,00000000000000000000000000000000000000000000000000000000000000,|||,|||,|||,|||,|||,|||,|||,|||,|||,|||
220.130.225.25,220.130.225.25,2ad2ad16d2ad2ad08c43d43d000000ccb9e051cec7ada65e4d56f3af51c6e1,c030|0303||ff01-0001-000b-0017,c030|0303||ff01-0001-000b-0017,009f|0303||ff01-0001-0017,c030|0303||ff01-0001-000b-0017,c030|0303||ff01-0001-000b-0017,0035|0302||ff01-0001-0017,1303|0303||002b-0033,1303|0303||002b-0033,|||,|||
192.241.212.190,192.241.212.190,00000000000000000000000000000000000000000000000000000000000000,|||,|||,|||,|||,|||,|||,|||,|||,|||,|||
192.241.212.195,192.241.212.195,00000000000000000000000000000000000000000000000000000000000000,|||,|||,|||,|||,|||,|||,|||,|||,|||,|||
192.241.212.191,192.241.212.191,00000000000000000000000000000000000000000000000000000000000000,|||,|||,|||,|||,|||,|||,|||,|||,|||,|||
192.241.212.205,192.241.212.205,00000000000000000000000000000000000000000000000000000000000000,|||,|||,|||,|||,|||,|||,|||,|||,|||,|||
192.241.212.204,192.241.212.204,00000000000000000000000000000000000000000000000000000000000000,|||,|||,|||,|||,|||,|||,|||,|||,|||,|||
192.241.212.219,192.241.212.219,00000000000000000000000000000000000000000000000000000000000000,|||,|||,|||,|||,|||,|||,|||,|||,|||,|||
192.241.212.172,192.241.212.172,00000000000000000000000000000000000000000000000000000000000000,|||,|||,|||,|||,|||,|||,|||,|||,|||,|||
192.241.212.192,192.241.212.192,00000000000000000000000000000000000000000000000000000000000000,|||,|||,|||,|||,|||,|||,|||,|||,|||,|||
192.241.212.213,192.241.212.213,00000000000000000000000000000000000000000000000000000000000000,|||,|||,|||,|||,|||,|||,|||,|||,|||,|||
192.241.212.209,192.241.212.209,00000000000000000000000000000000000000000000000000000000000000,|||,|||,|||,|||,|||,|||,|||,|||,|||,|||
192.241.212.177,192.241.212.177,00000000000000000000000000000000000000000000000000000000000000,|||,|||,|||,|||,|||,|||,|||,|||,|||,|||
192.241.212.216,192.241.212.216,00000000000000000000000000000000000000000000000000000000000000,|||,|||,|||,|||,|||,|||,|||,|||,|||,|||
192.241.212.218,192.241.212.218,00000000000000000000000000000000000000000000000000000000000000,|||,|||,|||,|||,|||,|||,|||,|||,|||,|||
192.241.212.228,192.241.212.228,00000000000000000000000000000000000000000000000000000000000000,|||,|||,|||,|||,|||,|||,|||,|||,|||,|||
192.241.212.215,192.241.212.215,00000000000000000000000000000000000000000000000000000000000000,|||,|||,|||,|||,|||,|||,|||,|||,|||,|||
192.241.212.18,192.241.212.18,00000000000000000000000000000000000000000000000000000000000000,|||,|||,|||,|||,|||,|||,|||,|||,|||,|||
192.241.212.220,192.241.212.220,00000000000000000000000000000000000000000000000000000000000000,|||,|||,|||,|||,|||,|||,|||,|||,|||,|||
192.241.212.217,192.241.212.217,00000000000000000000000000000000000000000000000000000000000000,|||,|||,|||,|||,|||,|||,|||,|||,|||,|||
196.189.99.38,196.189.99.38,00000000000000000000000000000000000000000000000000000000000000,|||,|||,|||,|||,|||,|||,|||,|||,|||,|||
192.241.212.223,192.241.212.223,00000000000000000000000000000000000000000000000000000000000000,|||,|||,|||,|||,|||,|||,|||,|||,|||,|||
192.241.212.226,192.241.212.226,00000000000000000000000000000000000000000000000000000000000000,|||,|||,|||,|||,|||,|||,|||,|||,|||,|||
192.241.212.24,192.241.212.24,00000000000000000000000000000000000000000000000000000000000000,|||,|||,|||,|||,|||,|||,|||,|||,|||,|||
192.241.212.33,192.241.212.33,00000000000000000000000000000000000000000000000000000000000000,|||,|||,|||,|||,|||,|||,|||,|||,|||,|||
192.241.212.227,192.241.212.227,00000000000000000000000000000000000000000000000000000000000000,|||,|||,|||,|||,|||,|||,|||,|||,|||,|||
192.241.212.32,192.241.212.32,00000000000000000000000000000000000000000000000000000000000000,|||,|||,|||,|||,|||,|||,|||,|||,|||,|||
192.241.212.238,192.241.212.238,00000000000000000000000000000000000000000000000000000000000000,|||,|||,|||,|||,|||,|||,|||,|||,|||,|||
192.241.212.54,192.241.212.54,00000000000000000000000000000000000000000000000000000000000000,|||,|||,|||,|||,|||,|||,|||,|||,|||,|||
192.241.212.230,192.241.212.230,00000000000000000000000000000000000000000000000000000000000000,|||,|||,|||,|||,|||,|||,|||,|||,|||,|||
192.241.212.23,192.241.212.23,00000000000000000000000000000000000000000000000000000000000000,|||,|||,|||,|||,|||,|||,|||,|||,|||,|||
192.241.212.233,192.241.212.233,00000000000000000000000000000000000000000000000000000000000000,|||,|||,|||,|||,|||,|||,|||,|||,|||,|||
192.241.212.241,192.241.212.241,00000000000000000000000000000000000000000000000000000000000000,|||,|||,|||,|||,|||,|||,|||,|||,|||,|||
192.241.212.52,192.241.212.52,00000000000000000000000000000000000000000000000000000000000000,|||,|||,|||,|||,|||,|||,|||,|||,|||,|||
192.241.212.247,192.241.212.247,00000000000000000000000000000000000000000000000000000000000000,|||,|||,|||,|||,|||,|||,|||,|||,|||,|||
192.241.212.249,192.241.212.249,00000000000000000000000000000000000000000000000000000000000000,|||,|||,|||,|||,|||,|||,|||,|||,|||,|||
192.241.212.246,192.241.212.246,00000000000000000000000000000000000000000000000000000000000000,|||,|||,|||,|||,|||,|||,|||,|||,|||,|||
192.241.212.44,192.241.212.44,00000000000000000000000000000000000000000000000000000000000000,|||,|||,|||,|||,|||,|||,|||,|||,|||,|||
192.241.212.49,192.241.212.49,00000000000000000000000000000000000000000000000000000000000000,|||,|||,|||,|||,|||,|||,|||,|||,|||,|||
192.241.212.50,192.241.212.50,00000000000000000000000000000000000000000000000000000000000000,|||,|||,|||,|||,|||,|||,|||,|||,|||,|||
222.240.147.226,222.240.147.226,2ad2ad0002ad2ad22c2ad2ad2ad2ad8e535d8da558c8d26fe8c3f65ba9bd5d,c030|0303|http/1.1|ff01-000b-0010,c030|0303|http/1.1|ff01-000b-0010,|||,c030|0303|http/1.1|ff01-000b-0010,c030|0303|http/1.1|ff01-000b-0010,c014|0302|http/1.1|ff01-000b-0010,c030|0303|http/1.1|ff01-000b-0010,c030|0303|http/1.1|ff01-000b-0010,c030|0303|http/1.1|ff01-000b-0010,c030|0303|http/1.1|ff01-000b-0010
222.77.96.144,222.77.96.144,00000000000000000000000000000000000000000000000000000000000000,|||,|||,|||,|||,|||,|||,|||,|||,|||,|||
192.241.212.251,192.241.212.251,00000000000000000000000000000000000000000000000000000000000000,|||,|||,|||,|||,|||,|||,|||,|||,|||,|||
192.241.212.39,192.241.212.39,00000000000000000000000000000000000000000000000000000000000000,|||,|||,|||,|||,|||,|||,|||,|||,|||,|||
192.241.212.237,192.241.212.237,00000000000000000000000000000000000000000000000000000000000000,|||,|||,|||,|||,|||,|||,|||,|||,|||,|||
192.241.212.53,192.241.212.53,00000000000000000000000000000000000000000000000000000000000000,|||,|||,|||,|||,|||,|||,|||,|||,|||,|||
218.252.17.231,218.252.17.231,00000000000000000000000000000000000000000000000000000000000000,|||,|||,|||,|||,|||,|||,|||,|||,|||,|||
192.241.212.248,192.241.212.248,00000000000000000000000000000000000000000000000000000000000000,|||,|||,|||,|||,|||,|||,|||,|||,|||,|||
192.241.212.56,192.241.212.56,00000000000000000000000000000000000000000000000000000000000000,|||,|||,|||,|||,|||,|||,|||,|||,|||,|||
192.241.212.65,192.241.212.65,00000000000000000000000000000000000000000000000000000000000000,|||,|||,|||,|||,|||,|||,|||,|||,|||,|||
192.241.212.58,192.241.212.58,00000000000000000000000000000000000000000000000000000000000000,|||,|||,|||,|||,|||,|||,|||,|||,|||,|||
192.241.212.86,192.241.212.86,00000000000000000000000000000000000000000000000000000000000000,|||,|||,|||,|||,|||,|||,|||,|||,|||,|||
192.241.212.36,192.241.212.36,00000000000000000000000000000000000000000000000000000000000000,|||,|||,|||,|||,|||,|||,|||,|||,|||,|||
192.241.212.68,192.241.212.68,00000000000000000000000000000000000000000000000000000000000000,|||,|||,|||,|||,|||,|||,|||,|||,|||,|||
192.241.212.72,192.241.212.72,00000000000000000000000000000000000000000000000000000000000000,|||,|||,|||,|||,|||,|||,|||,|||,|||,|||
220.134.25.161,220.134.25.161,21d19d00021d21d21c42d43d0000002527fcbef82c2f9fc1f6ac8626611885,c013|0303|http/1.1|ff01-0000-0001-000b-0023-0010-0017,00c0|0303|http/1.1|ff01-0000-0001-0023-0010-0017,|||,c013|0303||ff01-0000-0001-000b-0023-0017,c013|0303||ff01-0000-0001-000b-0023-0017,c013|0302|http/1.1|ff01-0000-0001-000b-0023-0010-0017,1302|0303||002b-0033,1303|0303||002b-0033,|||,|||
192.241.212.6,192.241.212.6,00000000000000000000000000000000000000000000000000000000000000,|||,|||,|||,|||,|||,|||,|||,|||,|||,|||
192.241.212.93,192.241.212.93,00000000000000000000000000000000000000000000000000000000000000,|||,|||,|||,|||,|||,|||,|||,|||,|||,|||
222.186.128.172,222.186.128.172,00000000000000000000000000000000000000000000000000000000000000,|||,|||,|||,|||,|||,|||,|||,|||,|||,|||
192.241.213.108,192.241.213.108,00000000000000000000000000000000000000000000000000000000000000,|||,|||,|||,|||,|||,|||,|||,|||,|||,|||
192.241.213.122,192.241.213.122,00000000000000000000000000000000000000000000000000000000000000,|||,|||,|||,|||,|||,|||,|||,|||,|||,|||
192.241.213.116,192.241.213.116,00000000000000000000000000000000000000000000000000000000000000,|||,|||,|||,|||,|||,|||,|||,|||,|||,|||
192.241.212.76,192.241.212.76,00000000000000000000000000000000000000000000000000000000000000,|||,|||,|||,|||,|||,|||,|||,|||,|||,|||
192.241.212.71,192.241.212.71,00000000000000000000000000000000000000000000000000000000000000,|||,|||,|||,|||,|||,|||,|||,|||,|||,|||
192.241.213.13,192.241.213.13,00000000000000000000000000000000000000000000000000000000000000,|||,|||,|||,|||,|||,|||,|||,|||,|||,|||
192.241.212.78,192.241.212.78,00000000000000000000000000000000000000000000000000000000000000,|||,|||,|||,|||,|||,|||,|||,|||,|||,|||
192.241.212.83,192.241.212.83,00000000000000000000000000000000000000000000000000000000000000,|||,|||,|||,|||,|||,|||,|||,|||,|||,|||
192.241.213.125,192.241.213.125,00000000000000000000000000000000000000000000000000000000000000,|||,|||,|||,|||,|||,|||,|||,|||,|||,|||
192.241.212.94,192.241.212.94,00000000000000000000000000000000000000000000000000000000000000,|||,|||,|||,|||,|||,|||,|||,|||,|||,|||
192.241.213.133,192.241.213.133,00000000000000000000000000000000000000000000000000000000000000,|||,|||,|||,|||,|||,|||,|||,|||,|||,|||
192.241.213.131,192.241.213.131,00000000000000000000000000000000000000000000000000000000000000,|||,|||,|||,|||,|||,|||,|||,|||,|||,|||
192.241.213.114,192.241.213.114,00000000000000000000000000000000000000000000000000000000000000,|||,|||,|||,|||,|||,|||,|||,|||,|||,|||
192.241.213.121,192.241.213.121,00000000000000000000000000000000000000000000000000000000000000,|||,|||,|||,|||,|||,|||,|||,|||,|||,|||
192.241.212.85,192.241.212.85,00000000000000000000000000000000000000000000000000000000000000,|||,|||,|||,|||,|||,|||,|||,|||,|||,|||
192.241.212.81,192.241.212.81,00000000000000000000000000000000000000000000000000000000000000,|||,|||,|||,|||,|||,|||,|||,|||,|||,|||
192.241.213.134,192.241.213.134,00000000000000000000000000000000000000000000000000000000000000,|||,|||,|||,|||,|||,|||,|||,|||,|||,|||
192.241.213.113,192.241.213.113,00000000000000000000000000000000000000000000000000000000000000,|||,|||,|||,|||,|||,|||,|||,|||,|||,|||
192.241.213.115,192.241.213.115,00000000000000000000000000000000000000000000000000000000000000,|||,|||,|||,|||,|||,|||,|||,|||,|||,|||
192.241.212.84,192.241.212.84,00000000000000000000000000000000000000000000000000000000000000,|||,|||,|||,|||,|||,|||,|||,|||,|||,|||
192.241.213.126,192.241.213.126,00000000000000000000000000000000000000000000000000000000000000,|||,|||,|||,|||,|||,|||,|||,|||,|||,|||
192.241.213.128,192.241.213.128,00000000000000000000000000000000000000000000000000000000000000,|||,|||,|||,|||,|||,|||,|||,|||,|||,|||
192.241.213.149,192.241.213.149,00000000000000000000000000000000000000000000000000000000000000,|||,|||,|||,|||,|||,|||,|||,|||,|||,|||
192.241.213.118,192.241.213.118,00000000000000000000000000000000000000000000000000000000000000,|||,|||,|||,|||,|||,|||,|||,|||,|||,|||
192.241.213.10,192.241.213.10,00000000000000000000000000000000000000000000000000000000000000,|||,|||,|||,|||,|||,|||,|||,|||,|||,|||
192.241.213.120,192.241.213.120,00000000000000000000000000000000000000000000000000000000000000,|||,|||,|||,|||,|||,|||,|||,|||,|||,|||
192.241.212.79,192.241.212.79,00000000000000000000000000000000000000000000000000000000000000,|||,|||,|||,|||,|||,|||,|||,|||,|||,|||
192.241.213.140,192.241.213.140,00000000000000000000000000000000000000000000000000000000000000,|||,|||,|||,|||,|||,|||,|||,|||,|||,|||
192.241.213.153,192.241.213.153,00000000000000000000000000000000000000000000000000000000000000,|||,|||,|||,|||,|||,|||,|||,|||,|||,|||
192.241.213.107,192.241.213.107,00000000000000000000000000000000000000000000000000000000000000,|||,|||,|||,|||,|||,|||,|||,|||,|||,|||
192.241.213.124,192.241.213.124,00000000000000000000000000000000000000000000000000000000000000,|||,|||,|||,|||,|||,|||,|||,|||,|||,|||
192.241.212.89,192.241.212.89,00000000000000000000000000000000000000000000000000000000000000,|||,|||,|||,|||,|||,|||,|||,|||,|||,|||
192.241.213.154,192.241.213.154,00000000000000000000000000000000000000000000000000000000000000,|||,|||,|||,|||,|||,|||,|||,|||,|||,|||
192.241.213.101,192.241.213.101,00000000000000000000000000000000000000000000000000000000000000,|||,|||,|||,|||,|||,|||,|||,|||,|||,|||
192.241.212.88,192.241.212.88,00000000000000000000000000000000000000000000000000000000000000,|||,|||,|||,|||,|||,|||,|||,|||,|||,|||
192.241.213.152,192.241.213.152,00000000000000000000000000000000000000000000000000000000000000,|||,|||,|||,|||,|||,|||,|||,|||,|||,|||
192.241.212.92,192.241.212.92,00000000000000000000000000000000000000000000000000000000000000,|||,|||,|||,|||,|||,|||,|||,|||,|||,|||
192.241.213.151,192.241.213.151,00000000000000000000000000000000000000000000000000000000000000,|||,|||,|||,|||,|||,|||,|||,|||,|||,|||
192.241.213.164,192.241.213.164,00000000000000000000000000000000000000000000000000000000000000,|||,|||,|||,|||,|||,|||,|||,|||,|||,|||
192.241.213.17,192.241.213.17,00000000000000000000000000000000000000000000000000000000000000,|||,|||,|||,|||,|||,|||,|||,|||,|||,|||
192.241.213.169,192.241.213.169,00000000000000000000000000000000000000000000000000000000000000,|||,|||,|||,|||,|||,|||,|||,|||,|||,|||
192.241.213.157,192.241.213.157,00000000000000000000000000000000000000000000000000000000000000,|||,|||,|||,|||,|||,|||,|||,|||,|||,|||
192.241.213.127,192.241.213.127,00000000000000000000000000000000000000000000000000000000000000,|||,|||,|||,|||,|||,|||,|||,|||,|||,|||
192.241.213.155,192.241.213.155,00000000000000000000000000000000000000000000000000000000000000,|||,|||,|||,|||,|||,|||,|||,|||,|||,|||
192.241.213.175,192.241.213.175,00000000000000000000000000000000000000000000000000000000000000,|||,|||,|||,|||,|||,|||,|||,|||,|||,|||
192.241.213.176,192.241.213.176,00000000000000000000000000000000000000000000000000000000000000,|||,|||,|||,|||,|||,|||,|||,|||,|||,|||
192.241.213.162,192.241.213.162,00000000000000000000000000000000000000000000000000000000000000,|||,|||,|||,|||,|||,|||,|||,|||,|||,|||
192.241.213.173,192.241.213.173,00000000000000000000000000000000000000000000000000000000000000,|||,|||,|||,|||,|||,|||,|||,|||,|||,|||
192.241.213.160,192.241.213.160,00000000000000000000000000000000000000000000000000000000000000,|||,|||,|||,|||,|||,|||,|||,|||,|||,|||
192.241.213.183,192.241.213.183,00000000000000000000000000000000000000000000000000000000000000,|||,|||,|||,|||,|||,|||,|||,|||,|||,|||
192.241.213.185,192.241.213.185,00000000000000000000000000000000000000000000000000000000000000,|||,|||,|||,|||,|||,|||,|||,|||,|||,|||
192.241.213.182,192.241.213.182,00000000000000000000000000000000000000000000000000000000000000,|||,|||,|||,|||,|||,|||,|||,|||,|||,|||
210.12.108.165,210.12.108.165,06d08d00006d06d06c06d08d06d06d9674c6b4e623ae36cc2d998e99e2262e,002f|0303||ff01-0023,0035|0303||ff01-0023,|||,002f|0303||ff01-0023,002f|0303||ff01-0023,002f|0302||ff01-0023,002f|0303||ff01-0023,0035|0303||ff01-0023,002f|0303||ff01-0023,002f|0303||ff01-0023
192.241.213.181,192.241.213.181,00000000000000000000000000000000000000000000000000000000000000,|||,|||,|||,|||,|||,|||,|||,|||,|||,|||
192.241.213.178,192.241.213.178,00000000000000000000000000000000000000000000000000000000000000,|||,|||,|||,|||,|||,|||,|||,|||,|||,|||
220.132.165.59,220.132.165.59,00000000000000000000000000000000000000000000000000000000000000,|||,|||,|||,|||,|||,|||,|||,|||,|||,|||
210.12.108.163,210.12.108.163,06d08d00006d06d06c06d08d06d06d9674c6b4e623ae36cc2d998e99e2262e,002f|0303||ff01-0023,0035|0303||ff01-0023,|||,002f|0303||ff01-0023,002f|0303||ff01-0023,002f|0302||ff01-0023,002f|0303||ff01-0023,0035|0303||ff01-0023,002f|0303||ff01-0023,002f|0303||ff01-0023
210.12.108.166,210.12.108.166,06d08d00006d06d06c06d08d06d06d9674c6b4e623ae36cc2d998e99e2262e,002f|0303||ff01-0023,0035|0303||ff01-0023,|||,002f|0303||ff01-0023,002f|0303||ff01-0023,002f|0302||ff01-0023,002f|0303||ff01-0023,0035|0303||ff01-0023,002f|0303||ff01-0023,002f|0303||ff01-0023
192.241.213.179,192.241.213.179,00000000000000000000000000000000000000000000000000000000000000,|||,|||,|||,|||,|||,|||,|||,|||,|||,|||
192.241.213.189,192.241.213.189,00000000000000000000000000000000000000000000000000000000000000,|||,|||,|||,|||,|||,|||,|||,|||,|||,|||
192.241.213.196,192.241.213.196,00000000000000000000000000000000000000000000000000000000000000,|||,|||,|||,|||,|||,|||,|||,|||,|||,|||
192.241.213.194,192.241.213.194,00000000000000000000000000000000000000000000000000000000000000,|||,|||,|||,|||,|||,|||,|||,|||,|||,|||
192.241.213.219,192.241.213.219,00000000000000000000000000000000000000000000000000000000000000,|||,|||,|||,|||,|||,|||,|||,|||,|||,|||
192.241.213.188,192.241.213.188,00000000000000000000000000000000000000000000000000000000000000,|||,|||,|||,|||,|||,|||,|||,|||,|||,|||
192.241.213.226,192.241.213.226,00000000000000000000000000000000000000000000000000000000000000,|||,|||,|||,|||,|||,|||,|||,|||,|||,|||
192.241.213.192,192.241.213.192,00000000000000000000000000000000000000000000000000000000000000,|||,|||,|||,|||,|||,|||,|||,|||,|||,|||
192.241.213.20,192.241.213.20,00000000000000000000000000000000000000000000000000000000000000,|||,|||,|||,|||,|||,|||,|||,|||,|||,|||
192.241.213.197,192.241.213.197,00000000000000000000000000000000000000000000000000000000000000,|||,|||,|||,|||,|||,|||,|||,|||,|||,|||
192.241.213.209,192.241.213.209,00000000000000000000000000000000000000000000000000000000000000,|||,|||,|||,|||,|||,|||,|||,|||,|||,|||
192.241.213.205,192.241.213.205,00000000000000000000000000000000000000000000000000000000000000,|||,|||,|||,|||,|||,|||,|||,|||,|||,|||
192.241.213.231,192.241.213.231,00000000000000000000000000000000000000000000000000000000000000,|||,|||,|||,|||,|||,|||,|||,|||,|||,|||
220.135.33.83,220.135.33.83,04b02b00004b04b04b04b02b04b04b9674c6b4e623ae36cc2d998e99e2262e,000a|0301||ff01-0023,0005|0301||ff01-0023,|||,000a|0301||ff01-0023,000a|0301||ff01-0023,000a|0301||ff01-0023,000a|0301||ff01-0023,0005|0301||ff01-0023,000a|0301||ff01-0023,000a|0301||ff01-0023
192.241.213.202,192.241.213.202,00000000000000000000000000000000000000000000000000000000000000,|||,|||,|||,|||,|||,|||,|||,|||,|||,|||
192.241.213.210,192.241.213.210,00000000000000000000000000000000000000000000000000000000000000,|||,|||,|||,|||,|||,|||,|||,|||,|||,|||
192.241.213.237,192.241.213.237,00000000000000000000000000000000000000000000000000000000000000,|||,|||,|||,|||,|||,|||,|||,|||,|||,|||
192.241.213.218,192.241.213.218,00000000000000000000000000000000000000000000000000000000000000,|||,|||,|||,|||,|||,|||,|||,|||,|||,|||
192.241.213.240,192.241.213.240,00000000000000000000000000000000000000000000000000000000000000,|||,|||,|||,|||,|||,|||,|||,|||,|||,|||
192.241.213.213,192.241.213.213,00000000000000000000000000000000000000000000000000000000000000,|||,|||,|||,|||,|||,|||,|||,|||,|||,|||
192.241.213.224,192.241.213.224,00000000000000000000000000000000000000000000000000000000000000,|||,|||,|||,|||,|||,|||,|||,|||,|||,|||
192.241.213.23,192.241.213.23,00000000000000000000000000000000000000000000000000000000000000,|||,|||,|||,|||,|||,|||,|||,|||,|||,|||
192.241.213.212,192.241.213.212,00000000000000000000000000000000000000000000000000000000000000,|||,|||,|||,|||,|||,|||,|||,|||,|||,|||
192.241.213.230,192.241.213.230,00000000000000000000000000000000000000000000000000000000000000,|||,|||,|||,|||,|||,|||,|||,|||,|||,|||
192.241.213.229,192.241.213.229,00000000000000000000000000000000000000000000000000000000000000,|||,|||,|||,|||,|||,|||,|||,|||,|||,|||
192.241.213.243,192.241.213.243,00000000000000000000000000000000000000000000000000000000000000,|||,|||,|||,|||,|||,|||,|||,|||,|||,|||
192.241.213.228,192.241.213.228,00000000000000000000000000000000000000000000000000000000000000,|||,|||,|||,|||,|||,|||,|||,|||,|||,|||
192.241.213.236,192.241.213.236,00000000000000000000000000000000000000000000000000000000000000,|||,|||,|||,|||,|||,|||,|||,|||,|||,|||
192.241.213.35,192.241.213.35,00000000000000000000000000000000000000000000000000000000000000,|||,|||,|||,|||,|||,|||,|||,|||,|||,|||
192.241.213.51,192.241.213.51,00000000000000000000000000000000000000000000000000000000000000,|||,|||,|||,|||,|||,|||,|||,|||,|||,|||
192.241.213.234,192.241.213.234,00000000000000000000000000000000000000000000000000000000000000,|||,|||,|||,|||,|||,|||,|||,|||,|||,|||
192.241.213.239,192.241.213.239,00000000000000000000000000000000000000000000000000000000000000,|||,|||,|||,|||,|||,|||,|||,|||,|||,|||
192.241.213.25,192.241.213.25,00000000000000000000000000000000000000000000000000000000000000,|||,|||,|||,|||,|||,|||,|||,|||,|||,|||
192.241.213.37,192.241.213.37,00000000000000000000000000000000000000000000000000000000000000,|||,|||,|||,|||,|||,|||,|||,|||,|||,|||
222.66.94.46,222.66.94.46,00000000000000000000000000000000000000000000000000000000000000,|||,|||,|||,|||,|||,|||,|||,|||,|||,|||
192.241.213.246,192.241.213.246,00000000000000000000000000000000000000000000000000000000000000,|||,|||,|||,|||,|||,|||,|||,|||,|||,|||
192.241.213.28,192.241.213.28,00000000000000000000000000000000000000000000000000000000000000,|||,|||,|||,|||,|||,|||,|||,|||,|||,|||
192.241.213.247,192.241.213.247,00000000000000000000000000000000000000000000000000000000000000,|||,|||,|||,|||,|||,|||,|||,|||,|||,|||
192.241.213.251,192.241.213.251,00000000000000000000000000000000000000000000000000000000000000,|||,|||,|||,|||,|||,|||,|||,|||,|||,|||
192.241.213.248,192.241.213.248,00000000000000000000000000000000000000000000000000000000000000,|||,|||,|||,|||,|||,|||,|||,|||,|||,|||
192.241.213.250,192.241.213.250,00000000000000000000000000000000000000000000000000000000000000,|||,|||,|||,|||,|||,|||,|||,|||,|||,|||
192.241.213.80,192.241.213.80,00000000000000000000000000000000000000000000000000000000000000,|||,|||,|||,|||,|||,|||,|||,|||,|||,|||
192.241.213.252,192.241.213.252,00000000000000000000000000000000000000000000000000000000000000,|||,|||,|||,|||,|||,|||,|||,|||,|||,|||
192.241.213.83,192.241.213.83,00000000000000000000000000000000000000000000000000000000000000,|||,|||,|||,|||,|||,|||,|||,|||,|||,|||
192.241.213.86,192.241.213.86,00000000000000000000000000000000000000000000000000000000000000,|||,|||,|||,|||,|||,|||,|||,|||,|||,|||
192.241.213.46,192.241.213.46,00000000000000000000000000000000000000000000000000000000000000,|||,|||,|||,|||,|||,|||,|||,|||,|||,|||
192.241.213.5,192.241.213.5,00000000000000000000000000000000000000000000000000000000000000,|||,|||,|||,|||,|||,|||,|||,|||,|||,|||
192.241.213.55,192.241.213.55,00000000000000000000000000000000000000000000000000000000000000,|||,|||,|||,|||,|||,|||,|||,|||,|||,|||
192.241.213.40,192.241.213.40,00000000000000000000000000000000000000000000000000000000000000,|||,|||,|||,|||,|||,|||,|||,|||,|||,|||
192.241.213.42,192.241.213.42,00000000000000000000000000000000000000000000000000000000000000,|||,|||,|||,|||,|||,|||,|||,|||,|||,|||
192.241.213.57,192.241.213.57,00000000000000000000000000000000000000000000000000000000000000,|||,|||,|||,|||,|||,|||,|||,|||,|||,|||
192.241.213.90,192.241.213.90,00000000000000000000000000000000000000000000000000000000000000,|||,|||,|||,|||,|||,|||,|||,|||,|||,|||
192.241.213.59,192.241.213.59,00000000000000000000000000000000000000000000000000000000000000,|||,|||,|||,|||,|||,|||,|||,|||,|||,|||
192.241.213.58,192.241.213.58,00000000000000000000000000000000000000000000000000000000000000,|||,|||,|||,|||,|||,|||,|||,|||,|||,|||
192.241.213.99,192.241.213.99,00000000000000000000000000000000000000000000000000000000000000,|||,|||,|||,|||,|||,|||,|||,|||,|||,|||
192.241.213.78,192.241.213.78,00000000000000000000000000000000000000000000000000000000000000,|||,|||,|||,|||,|||,|||,|||,|||,|||,|||
222.122.195.19,222.122.195.19,2ad2ad16d2ad2ad22c42d42d00000078e356c38fb85055d97a8bed930c8956,c030|0303|h2|ff01-0001-000b-0023-0010-0017,c030|0303|h2|ff01-0001-000b-0023-0010-0017,009f|0303|h2|ff01-0001-0023-0010-0017,c030|0303|http/1.1|ff01-0001-000b-0023-0010-0017,c030|0303|http/1.1|ff01-0001-000b-0023-0010-0017,c014|0302|http/1.1|ff01-0001-000b-0023-0010-0017,1302|0303||002b-0033,1302|0303||002b-0033,|||,|||
192.241.213.50,192.241.213.50,00000000000000000000000000000000000000000000000000000000000000,|||,|||,|||,|||,|||,|||,|||,|||,|||,|||
192.241.213.75,192.241.213.75,00000000000000000000000000000000000000000000000000000000000000,|||,|||,|||,|||,|||,|||,|||,|||,|||,|||
192.241.213.67,192.241.213.67,00000000000000000000000000000000000000000000000000000000000000,|||,|||,|||,|||,|||,|||,|||,|||,|||,|||
192.241.213.85,192.241.213.85,00000000000000000000000000000000000000000000000000000000000000,|||,|||,|||,|||,|||,|||,|||,|||,|||,|||
192.241.213.6,192.241.213.6,00000000000000000000000000000000000000000000000000000000000000,|||,|||,|||,|||,|||,|||,|||,|||,|||,|||
192.241.214.15,192.241.214.15,00000000000000000000000000000000000000000000000000000000000000,|||,|||,|||,|||,|||,|||,|||,|||,|||,|||
192.241.213.68,192.241.213.68,00000000000000000000000000000000000000000000000000000000000000,|||,|||,|||,|||,|||,|||,|||,|||,|||,|||
192.241.213.87,192.241.213.87,00000000000000000000000000000000000000000000000000000000000000,|||,|||,|||,|||,|||,|||,|||,|||,|||,|||
192.241.213.8,192.241.213.8,00000000000000000000000000000000000000000000000000000000000000,|||,|||,|||,|||,|||,|||,|||,|||,|||,|||
192.241.213.98,192.241.213.98,00000000000000000000000000000000000000000000000000000000000000,|||,|||,|||,|||,|||,|||,|||,|||,|||,|||
192.241.213.64,192.241.213.64,00000000000000000000000000000000000000000000000000000000000000,|||,|||,|||,|||,|||,|||,|||,|||,|||,|||
192.241.214.10,192.241.214.10,00000000000000000000000000000000000000000000000000000000000000,|||,|||,|||,|||,|||,|||,|||,|||,|||,|||
192.241.213.94,192.241.213.94,00000000000000000000000000000000000000000000000000000000000000,|||,|||,|||,|||,|||,|||,|||,|||,|||,|||
192.241.213.91,192.241.213.91,00000000000000000000000000000000000000000000000000000000000000,|||,|||,|||,|||,|||,|||,|||,|||,|||,|||
192.241.214.18,192.241.214.18,00000000000000000000000000000000000000000000000000000000000000,|||,|||,|||,|||,|||,|||,|||,|||,|||,|||
192.241.214.19,192.241.214.19,00000000000000000000000000000000000000000000000000000000000000,|||,|||,|||,|||,|||,|||,|||,|||,|||,|||
192.241.214.34,192.241.214.34,00000000000000000000000000000000000000000000000000000000000000,|||,|||,|||,|||,|||,|||,|||,|||,|||,|||
192.241.214.17,192.241.214.17,00000000000000000000000000000000000000000000000000000000000000,|||,|||,|||,|||,|||,|||,|||,|||,|||,|||
192.241.214.12,192.241.214.12,00000000000000000000000000000000000000000000000000000000000000,|||,|||,|||,|||,|||,|||,|||,|||,|||,|||
192.241.214.20,192.241.214.20,00000000000000000000000000000000000000000000000000000000000000,|||,|||,|||,|||,|||,|||,|||,|||,|||,|||
192.241.214.22,192.241.214.22,00000000000000000000000000000000000000000000000000000000000000,|||,|||,|||,|||,|||,|||,|||,|||,|||,|||
192.241.214.37,192.241.214.37,00000000000000000000000000000000000000000000000000000000000000,|||,|||,|||,|||,|||,|||,|||,|||,|||,|||
192.241.214.32,192.241.214.32,00000000000000000000000000000000000000000000000000000000000000,|||,|||,|||,|||,|||,|||,|||,|||,|||,|||
192.241.214.26,192.241.214.26,00000000000000000000000000000000000000000000000000000000000000,|||,|||,|||,|||,|||,|||,|||,|||,|||,|||
192.241.214.35,192.241.214.35,00000000000000000000000000000000000000000000000000000000000000,|||,|||,|||,|||,|||,|||,|||,|||,|||,|||
192.241.214.4,192.241.214.4,00000000000000000000000000000000000000000000000000000000000000,|||,|||,|||,|||,|||,|||,|||,|||,|||,|||
192.241.214.46,192.241.214.46,00000000000000000000000000000000000000000000000000000000000000,|||,|||,|||,|||,|||,|||,|||,|||,|||,|||
192.241.214.25,192.241.214.25,00000000000000000000000000000000000000000000000000000000000000,|||,|||,|||,|||,|||,|||,|||,|||,|||,|||
192.241.214.42,192.241.214.42,00000000000000000000000000000000000000000000000000000000000000,|||,|||,|||,|||,|||,|||,|||,|||,|||,|||
192.241.214.41,192.241.214.41,00000000000000000000000000000000000000000000000000000000000000,|||,|||,|||,|||,|||,|||,|||,|||,|||,|||
192.241.214.31,192.241.214.31,00000000000000000000000000000000000000000000000000000000000000,|||,|||,|||,|||,|||,|||,|||,|||,|||,|||
192.241.214.5,192.241.214.5,00000000000000000000000000000000000000000000000000000000000000,|||,|||,|||,|||,|||,|||,|||,|||,|||,|||
192.241.214.40,192.241.214.40,00000000000000000000000000000000000000000000000000000000000000,|||,|||,|||,|||,|||,|||,|||,|||,|||,|||
192.241.214.51,192.241.214.51,00000000000000000000000000000000000000000000000000000000000000,|||,|||,|||,|||,|||,|||,|||,|||,|||,|||
192.241.214.48,192.241.214.48,00000000000000000000000000000000000000000000000000000000000000,|||,|||,|||,|||,|||,|||,|||,|||,|||,|||
192.3.251.169,192.3.251.169,00000000000000000000000000000000000000000000000000000000000000,|||,|||,|||,|||,|||,|||,|||,|||,|||,|||
192.241.214.47,192.241.214.47,00000000000000000000000000000000000000000000000000000000000000,|||,|||,|||,|||,|||,|||,|||,|||,|||,|||
192.241.214.50,192.241.214.50,00000000000000000000000000000000000000000000000000000000000000,|||,|||,|||,|||,|||,|||,|||,|||,|||,|||
192.3.116.182,192.3.116.182,00000000000000000000000000000000000000000000000000000000000000,|||,|||,|||,|||,|||,|||,|||,|||,|||,|||
192.241.214.44,192.241.214.44,00000000000000000000000000000000000000000000000000000000000000,|||,|||,|||,|||,|||,|||,|||,|||,|||,|||
192.241.214.54,192.241.214.54,00000000000000000000000000000000000000000000000000000000000000,|||,|||,|||,|||,|||,|||,|||,|||,|||,|||
192.241.214.56,192.241.214.56,00000000000000000000000000000000000000000000000000000000000000,|||,|||,|||,|||,|||,|||,|||,|||,|||,|||
192.3.255.115,192.3.255.115,00000000000000000000000000000000000000000000000000000000000000,|||,|||,|||,|||,|||,|||,|||,|||,|||,|||
223.31.93.98,223.31.93.98,00000000000000000000000000000000000000000000000000000000000000,|||,|||,|||,|||,|||,|||,|||,|||,|||,|||
192.3.255.113,192.3.255.113,00000000000000000000000000000000000000000000000000000000000000,|||,|||,|||,|||,|||,|||,|||,|||,|||,|||
192.3.12.178,192.3.12.178,00000000000000000000000000000000000000000000000000000000000000,|||,|||,|||,|||,|||,|||,|||,|||,|||,|||
192.3.20.60,192.3.20.60,00000000000000000000000000000000000000000000000000000000000000,|||,|||,|||,|||,|||,|||,|||,|||,|||,|||
129.213.24.47,129.213.24.47,00000000000000000000000000000000000000000000000000000000000000,|||,|||,|||,|||,|||,|||,|||,|||,|||,|||
220.133.236.37,220.133.236.37,04b02b00004b04b04b04b02b04b04b9674c6b4e623ae36cc2d998e99e2262e,000a|0301||ff01-0023,0005|0301||ff01-0023,|||,000a|0301||ff01-0023,000a|0301||ff01-0023,000a|0301||ff01-0023,000a|0301||ff01-0023,0005|0301||ff01-0023,000a|0301||ff01-0023,000a|0301||ff01-0023
192.3.67.179,192.3.67.179,00000000000000000000000000000000000000000000000000000000000000,|||,|||,|||,|||,|||,|||,|||,|||,|||,|||
192.95.51.113,192.95.51.113,00000000000000000000000000000000000000000000000000000000000000,|||,|||,|||,|||,|||,|||,|||,|||,|||,|||
192.80.1.20,192.80.1.20,00000000000000000000000000000000000000000000000000000000000000,|||,|||,|||,|||,|||,|||,|||,|||,|||,|||
193.107.216.53,193.107.216.53,00000000000000000000000000000000000000000000000000000000000000,|||,|||,|||,|||,|||,|||,|||,|||,|||,|||
193.112.197.82,193.112.197.82,00000000000000000000000000000000000000000000000000000000000000,|||,|||,|||,|||,|||,|||,|||,|||,|||,|||
193.110.160.121,193.110.160.121,00000000000000000000000000000000000000000000000000000000000000,|||,|||,|||,|||,|||,|||,|||,|||,|||,|||
193.110.219.39,193.110.219.39,00000000000000000000000000000000000000000000000000000000000000,|||,|||,|||,|||,|||,|||,|||,|||,|||,|||
193.112.82.160,193.112.82.160,00000000000000000000000000000000000000000000000000000000000000,|||,|||,|||,|||,|||,|||,|||,|||,|||,|||
193.118.55.147,193.118.55.147,00000000000000000000000000000000000000000000000000000000000000,|||,|||,|||,|||,|||,|||,|||,|||,|||,|||
220.76.202.93,220.76.202.93,00000000000000000000000000000000000000000000000000000000000000,|||,|||,|||,|||,|||,|||,|||,|||,|||,|||
193.14.206.30,193.14.206.30,00000000000000000000000000000000000000000000000000000000000000,|||,|||,|||,|||,|||,|||,|||,|||,|||,|||
193.122.120.10,193.122.120.10,00000000000000000000000000000000000000000000000000000000000000,|||,|||,|||,|||,|||,|||,|||,|||,|||,|||
210.12.108.171,210.12.108.171,06d08d00006d06d06c06d08d06d06d9674c6b4e623ae36cc2d998e99e2262e,002f|0303||ff01-0023,0035|0303||ff01-0023,|||,002f|0303||ff01-0023,002f|0303||ff01-0023,002f|0302||ff01-0023,002f|0303||ff01-0023,0035|0303||ff01-0023,002f|0303||ff01-0023,002f|0303||ff01-0023
193.150.199.90,193.150.199.90,00000000000000000000000000000000000000000000000000000000000000,|||,|||,|||,|||,|||,|||,|||,|||,|||,|||
193.119.68.112,193.119.68.112,00000000000000000000000000000000000000000000000000000000000000,|||,|||,|||,|||,|||,|||,|||,|||,|||,|||
193.123.229.217,193.123.229.217,00000000000000000000000000000000000000000000000000000000000000,|||,|||,|||,|||,|||,|||,|||,|||,|||,|||
193.151.133.127,193.151.133.127,00000000000000000000000000000000000000000000000000000000000000,|||,|||,|||,|||,|||,|||,|||,|||,|||,|||
193.163.125.113,193.163.125.113,00000000000000000000000000000000000000000000000000000000000000,|||,|||,|||,|||,|||,|||,|||,|||,|||,|||
193.163.125.102,193.163.125.102,00000000000000000000000000000000000000000000000000000000000000,|||,|||,|||,|||,|||,|||,|||,|||,|||,|||
193.163.125.104,193.163.125.104,00000000000000000000000000000000000000000000000000000000000000,|||,|||,|||,|||,|||,|||,|||,|||,|||,|||
193.163.125.106,193.163.125.106,00000000000000000000000000000000000000000000000000000000000000,|||,|||,|||,|||,|||,|||,|||,|||,|||,|||
193.163.125.103,193.163.125.103,00000000000000000000000000000000000000000000000000000000000000,|||,|||,|||,|||,|||,|||,|||,|||,|||,|||
193.163.125.112,193.163.125.112,00000000000000000000000000000000000000000000000000000000000000,|||,|||,|||,|||,|||,|||,|||,|||,|||,|||
193.163.125.118,193.163.125.118,00000000000000000000000000000000000000000000000000000000000000,|||,|||,|||,|||,|||,|||,|||,|||,|||,|||
193.163.125.115,193.163.125.115,00000000000000000000000000000000000000000000000000000000000000,|||,|||,|||,|||,|||,|||,|||,|||,|||,|||
193.163.125.110,193.163.125.110,00000000000000000000000000000000000000000000000000000000000000,|||,|||,|||,|||,|||,|||,|||,|||,|||,|||
193.163.125.101,193.163.125.101,00000000000000000000000000000000000000000000000000000000000000,|||,|||,|||,|||,|||,|||,|||,|||,|||,|||
193.163.125.122,193.163.125.122,00000000000000000000000000000000000000000000000000000000000000,|||,|||,|||,|||,|||,|||,|||,|||,|||,|||
193.163.125.105,193.163.125.105,00000000000000000000000000000000000000000000000000000000000000,|||,|||,|||,|||,|||,|||,|||,|||,|||,|||
193.163.125.114,193.163.125.114,00000000000000000000000000000000000000000000000000000000000000,|||,|||,|||,|||,|||,|||,|||,|||,|||,|||
193.163.125.109,193.163.125.109,00000000000000000000000000000000000000000000000000000000000000,|||,|||,|||,|||,|||,|||,|||,|||,|||,|||
193.163.125.124,193.163.125.124,00000000000000000000000000000000000000000000000000000000000000,|||,|||,|||,|||,|||,|||,|||,|||,|||,|||
193.163.125.126,193.163.125.126,00000000000000000000000000000000000000000000000000000000000000,|||,|||,|||,|||,|||,|||,|||,|||,|||,|||
193.163.125.125,193.163.125.125,00000000000000000000000000000000000000000000000000000000000000,|||,|||,|||,|||,|||,|||,|||,|||,|||,|||
193.163.125.100,193.163.125.100,00000000000000000000000000000000000000000000000000000000000000,|||,|||,|||,|||,|||,|||,|||,|||,|||,|||
193.163.125.123,193.163.125.123,00000000000000000000000000000000000000000000000000000000000000,|||,|||,|||,|||,|||,|||,|||,|||,|||,|||
193.163.125.111,193.163.125.111,00000000000000000000000000000000000000000000000000000000000000,|||,|||,|||,|||,|||,|||,|||,|||,|||,|||
193.163.125.116,193.163.125.116,00000000000000000000000000000000000000000000000000000000000000,|||,|||,|||,|||,|||,|||,|||,|||,|||,|||
193.163.125.119,193.163.125.119,00000000000000000000000000000000000000000000000000000000000000,|||,|||,|||,|||,|||,|||,|||,|||,|||,|||
193.163.125.120,193.163.125.120,00000000000000000000000000000000000000000000000000000000000000,|||,|||,|||,|||,|||,|||,|||,|||,|||,|||
218.24.2.143,218.24.2.143,00000000000000000000000000000000000000000000000000000000000000,|||,|||,|||,|||,|||,|||,|||,|||,|||,|||
193.163.125.127,193.163.125.127,00000000000000000000000000000000000000000000000000000000000000,|||,|||,|||,|||,|||,|||,|||,|||,|||,|||
193.163.125.131,193.163.125.131,00000000000000000000000000000000000000000000000000000000000000,|||,|||,|||,|||,|||,|||,|||,|||,|||,|||
193.163.125.14,193.163.125.14,00000000000000000000000000000000000000000000000000000000000000,|||,|||,|||,|||,|||,|||,|||,|||,|||,|||
193.163.125.108,193.163.125.108,00000000000000000000000000000000000000000000000000000000000000,|||,|||,|||,|||,|||,|||,|||,|||,|||,|||
193.163.125.137,193.163.125.137,00000000000000000000000000000000000000000000000000000000000000,|||,|||,|||,|||,|||,|||,|||,|||,|||,|||
193.163.125.130,193.163.125.130,00000000000000000000000000000000000000000000000000000000000000,|||,|||,|||,|||,|||,|||,|||,|||,|||,|||
193.163.125.13,193.163.125.13,00000000000000000000000000000000000000000000000000000000000000,|||,|||,|||,|||,|||,|||,|||,|||,|||,|||
193.163.125.147,193.163.125.147,00000000000000000000000000000000000000000000000000000000000000,|||,|||,|||,|||,|||,|||,|||,|||,|||,|||
193.163.125.132,193.163.125.132,00000000000000000000000000000000000000000000000000000000000000,|||,|||,|||,|||,|||,|||,|||,|||,|||,|||
193.163.125.128,193.163.125.128,00000000000000000000000000000000000000000000000000000000000000,|||,|||,|||,|||,|||,|||,|||,|||,|||,|||
193.163.125.136,193.163.125.136,00000000000000000000000000000000000000000000000000000000000000,|||,|||,|||,|||,|||,|||,|||,|||,|||,|||
193.163.125.138,193.163.125.138,00000000000000000000000000000000000000000000000000000000000000,|||,|||,|||,|||,|||,|||,|||,|||,|||,|||
193.163.125.129,193.163.125.129,00000000000000000000000000000000000000000000000000000000000000,|||,|||,|||,|||,|||,|||,|||,|||,|||,|||
193.163.125.133,193.163.125.133,00000000000000000000000000000000000000000000000000000000000000,|||,|||,|||,|||,|||,|||,|||,|||,|||,|||
193.163.125.143,193.163.125.143,00000000000000000000000000000000000000000000000000000000000000,|||,|||,|||,|||,|||,|||,|||,|||,|||,|||
193.163.125.12,193.163.125.12,00000000000000000000000000000000000000000000000000000000000000,|||,|||,|||,|||,|||,|||,|||,|||,|||,|||
193.163.125.139,193.163.125.139,00000000000000000000000000000000000000000000000000000000000000,|||,|||,|||,|||,|||,|||,|||,|||,|||,|||
193.163.125.144,193.163.125.144,00000000000000000000000000000000000000000000000000000000000000,|||,|||,|||,|||,|||,|||,|||,|||,|||,|||
193.163.125.140,193.163.125.140,00000000000000000000000000000000000000000000000000000000000000,|||,|||,|||,|||,|||,|||,|||,|||,|||,|||
193.163.125.146,193.163.125.146,00000000000000000000000000000000000000000000000000000000000000,|||,|||,|||,|||,|||,|||,|||,|||,|||,|||
193.163.125.153,193.163.125.153,00000000000000000000000000000000000000000000000000000000000000,|||,|||,|||,|||,|||,|||,|||,|||,|||,|||
193.163.125.10,193.163.125.10,00000000000000000000000000000000000000000000000000000000000000,|||,|||,|||,|||,|||,|||,|||,|||,|||,|||
193.163.125.155,193.163.125.155,00000000000000000000000000000000000000000000000000000000000000,|||,|||,|||,|||,|||,|||,|||,|||,|||,|||
193.163.125.135,193.163.125.135,00000000000000000000000000000000000000000000000000000000000000,|||,|||,|||,|||,|||,|||,|||,|||,|||,|||
193.163.125.145,193.163.125.145,00000000000000000000000000000000000000000000000000000000000000,|||,|||,|||,|||,|||,|||,|||,|||,|||,|||
193.163.125.142,193.163.125.142,00000000000000000000000000000000000000000000000000000000000000,|||,|||,|||,|||,|||,|||,|||,|||,|||,|||
193.163.125.150,193.163.125.150,00000000000000000000000000000000000000000000000000000000000000,|||,|||,|||,|||,|||,|||,|||,|||,|||,|||
193.163.125.134,193.163.125.134,00000000000000000000000000000000000000000000000000000000000000,|||,|||,|||,|||,|||,|||,|||,|||,|||,|||
193.163.125.121,193.163.125.121,00000000000000000000000000000000000000000000000000000000000000,|||,|||,|||,|||,|||,|||,|||,|||,|||,|||
193.163.125.151,193.163.125.151,00000000000000000000000000000000000000000000000000000000000000,|||,|||,|||,|||,|||,|||,|||,|||,|||,|||
193.163.125.149,193.163.125.149,00000000000000000000000000000000000000000000000000000000000000,|||,|||,|||,|||,|||,|||,|||,|||,|||,|||
193.163.125.163,193.163.125.163,00000000000000000000000000000000000000000000000000000000000000,|||,|||,|||,|||,|||,|||,|||,|||,|||,|||
193.163.125.141,193.163.125.141,00000000000000000000000000000000000000000000000000000000000000,|||,|||,|||,|||,|||,|||,|||,|||,|||,|||
193.163.125.156,193.163.125.156,00000000000000000000000000000000000000000000000000000000000000,|||,|||,|||,|||,|||,|||,|||,|||,|||,|||
193.163.125.165,193.163.125.165,00000000000000000000000000000000000000000000000000000000000000,|||,|||,|||,|||,|||,|||,|||,|||,|||,|||
193.163.125.15,193.163.125.15,00000000000000000000000000000000000000000000000000000000000000,|||,|||,|||,|||,|||,|||,|||,|||,|||,|||
193.163.125.161,193.163.125.161,00000000000000000000000000000000000000000000000000000000000000,|||,|||,|||,|||,|||,|||,|||,|||,|||,|||
193.163.125.152,193.163.125.152,00000000000000000000000000000000000000000000000000000000000000,|||,|||,|||,|||,|||,|||,|||,|||,|||,|||
193.163.125.154,193.163.125.154,00000000000000000000000000000000000000000000000000000000000000,|||,|||,|||,|||,|||,|||,|||,|||,|||,|||
193.163.125.157,193.163.125.157,00000000000000000000000000000000000000000000000000000000000000,|||,|||,|||,|||,|||,|||,|||,|||,|||,|||
193.163.125.158,193.163.125.158,00000000000000000000000000000000000000000000000000000000000000,|||,|||,|||,|||,|||,|||,|||,|||,|||,|||
193.163.125.16,193.163.125.16,00000000000000000000000000000000000000000000000000000000000000,|||,|||,|||,|||,|||,|||,|||,|||,|||,|||
193.163.125.11,193.163.125.11,00000000000000000000000000000000000000000000000000000000000000,|||,|||,|||,|||,|||,|||,|||,|||,|||,|||
193.163.125.159,193.163.125.159,00000000000000000000000000000000000000000000000000000000000000,|||,|||,|||,|||,|||,|||,|||,|||,|||,|||
193.163.125.166,193.163.125.166,00000000000000000000000000000000000000000000000000000000000000,|||,|||,|||,|||,|||,|||,|||,|||,|||,|||
193.163.125.160,193.163.125.160,00000000000000000000000000000000000000000000000000000000000000,|||,|||,|||,|||,|||,|||,|||,|||,|||,|||
193.163.125.162,193.163.125.162,00000000000000000000000000000000000000000000000000000000000000,|||,|||,|||,|||,|||,|||,|||,|||,|||,|||
193.163.125.168,193.163.125.168,00000000000000000000000000000000000000000000000000000000000000,|||,|||,|||,|||,|||,|||,|||,|||,|||,|||
193.163.125.169,193.163.125.169,00000000000000000000000000000000000000000000000000000000000000,|||,|||,|||,|||,|||,|||,|||,|||,|||,|||
193.163.125.167,193.163.125.167,00000000000000000000000000000000000000000000000000000000000000,|||,|||,|||,|||,|||,|||,|||,|||,|||,|||
193.163.125.176,193.163.125.176,00000000000000000000000000000000000000000000000000000000000000,|||,|||,|||,|||,|||,|||,|||,|||,|||,|||
193.163.125.17,193.163.125.17,00000000000000000000000000000000000000000000000000000000000000,|||,|||,|||,|||,|||,|||,|||,|||,|||,|||
193.163.125.182,193.163.125.182,00000000000000000000000000000000000000000000000000000000000000,|||,|||,|||,|||,|||,|||,|||,|||,|||,|||
193.163.125.175,193.163.125.175,00000000000000000000000000000000000000000000000000000000000000,|||,|||,|||,|||,|||,|||,|||,|||,|||,|||
193.163.125.174,193.163.125.174,00000000000000000000000000000000000000000000000000000000000000,|||,|||,|||,|||,|||,|||,|||,|||,|||,|||
193.163.125.172,193.163.125.172,00000000000000000000000000000000000000000000000000000000000000,|||,|||,|||,|||,|||,|||,|||,|||,|||,|||
193.163.125.148,193.163.125.148,00000000000000000000000000000000000000000000000000000000000000,|||,|||,|||,|||,|||,|||,|||,|||,|||,|||
193.163.125.189,193.163.125.189,00000000000000000000000000000000000000000000000000000000000000,|||,|||,|||,|||,|||,|||,|||,|||,|||,|||
193.163.125.183,193.163.125.183,00000000000000000000000000000000000000000000000000000000000000,|||,|||,|||,|||,|||,|||,|||,|||,|||,|||
193.163.125.170,193.163.125.170,00000000000000000000000000000000000000000000000000000000000000,|||,|||,|||,|||,|||,|||,|||,|||,|||,|||
193.163.125.185,193.163.125.185,00000000000000000000000000000000000000000000000000000000000000,|||,|||,|||,|||,|||,|||,|||,|||,|||,|||
193.163.125.190,193.163.125.190,00000000000000000000000000000000000000000000000000000000000000,|||,|||,|||,|||,|||,|||,|||,|||,|||,|||
193.163.125.180,193.163.125.180,00000000000000000000000000000000000000000000000000000000000000,|||,|||,|||,|||,|||,|||,|||,|||,|||,|||
193.163.125.181,193.163.125.181,00000000000000000000000000000000000000000000000000000000000000,|||,|||,|||,|||,|||,|||,|||,|||,|||,|||
193.163.125.171,193.163.125.171,00000000000000000000000000000000000000000000000000000000000000,|||,|||,|||,|||,|||,|||,|||,|||,|||,|||
193.163.125.184,193.163.125.184,00000000000000000000000000000000000000000000000000000000000000,|||,|||,|||,|||,|||,|||,|||,|||,|||,|||
193.163.125.177,193.163.125.177,00000000000000000000000000000000000000000000000000000000000000,|||,|||,|||,|||,|||,|||,|||,|||,|||,|||
220.133.215.76,220.133.215.76,04b02b00004b04b04b04b02b04b04b9674c6b4e623ae36cc2d998e99e2262e,000a|0301||ff01-0023,0005|0301||ff01-0023,|||,000a|0301||ff01-0023,000a|0301||ff01-0023,000a|0301||ff01-0023,000a|0301||ff01-0023,0005|0301||ff01-0023,000a|0301||ff01-0023,000a|0301||ff01-0023
193.163.125.164,193.163.125.164,00000000000000000000000000000000000000000000000000000000000000,|||,|||,|||,|||,|||,|||,|||,|||,|||,|||
193.163.125.20,193.163.125.20,00000000000000000000000000000000000000000000000000000000000000,|||,|||,|||,|||,|||,|||,|||,|||,|||,|||
193.163.125.179,193.163.125.179,00000000000000000000000000000000000000000000000000000000000000,|||,|||,|||,|||,|||,|||,|||,|||,|||,|||
193.163.125.19,193.163.125.19,00000000000000000000000000000000000000000000000000000000000000,|||,|||,|||,|||,|||,|||,|||,|||,|||,|||
193.163.125.18,193.163.125.18,00000000000000000000000000000000000000000000000000000000000000,|||,|||,|||,|||,|||,|||,|||,|||,|||,|||
193.163.125.178,193.163.125.178,00000000000000000000000000000000000000000000000000000000000000,|||,|||,|||,|||,|||,|||,|||,|||,|||,|||
193.163.125.219,193.163.125.219,00000000000000000000000000000000000000000000000000000000000000,|||,|||,|||,|||,|||,|||,|||,|||,|||,|||
193.163.125.222,193.163.125.222,00000000000000000000000000000000000000000000000000000000000000,|||,|||,|||,|||,|||,|||,|||,|||,|||,|||
193.163.125.218,193.163.125.218,00000000000000000000000000000000000000000000000000000000000000,|||,|||,|||,|||,|||,|||,|||,|||,|||,|||
193.163.125.196,193.163.125.196,00000000000000000000000000000000000000000000000000000000000000,|||,|||,|||,|||,|||,|||,|||,|||,|||,|||
193.163.125.216,193.163.125.216,00000000000000000000000000000000000000000000000000000000000000,|||,|||,|||,|||,|||,|||,|||,|||,|||,|||
193.163.125.223,193.163.125.223,00000000000000000000000000000000000000000000000000000000000000,|||,|||,|||,|||,|||,|||,|||,|||,|||,|||
193.163.125.211,193.163.125.211,00000000000000000000000000000000000000000000000000000000000000,|||,|||,|||,|||,|||,|||,|||,|||,|||,|||
193.163.125.210,193.163.125.210,00000000000000000000000000000000000000000000000000000000000000,|||,|||,|||,|||,|||,|||,|||,|||,|||,|||
193.163.125.217,193.163.125.217,00000000000000000000000000000000000000000000000000000000000000,|||,|||,|||,|||,|||,|||,|||,|||,|||,|||
193.163.125.191,193.163.125.191,00000000000000000000000000000000000000000000000000000000000000,|||,|||,|||,|||,|||,|||,|||,|||,|||,|||
193.163.125.212,193.163.125.212,00000000000000000000000000000000000000000000000000000000000000,|||,|||,|||,|||,|||,|||,|||,|||,|||,|||
193.163.125.203,193.163.125.203,00000000000000000000000000000000000000000000000000000000000000,|||,|||,|||,|||,|||,|||,|||,|||,|||,|||
193.163.125.2,193.163.125.2,00000000000000000000000000000000000000000000000000000000000000,|||,|||,|||,|||,|||,|||,|||,|||,|||,|||
193.163.125.188,193.163.125.188,00000000000000000000000000000000000000000000000000000000000000,|||,|||,|||,|||,|||,|||,|||,|||,|||,|||
193.163.125.21,193.163.125.21,00000000000000000000000000000000000000000000000000000000000000,|||,|||,|||,|||,|||,|||,|||,|||,|||,|||
193.163.125.205,193.163.125.205,00000000000000000000000000000000000000000000000000000000000000,|||,|||,|||,|||,|||,|||,|||,|||,|||,|||
193.163.125.215,193.163.125.215,00000000000000000000000000000000000000000000000000000000000000,|||,|||,|||,|||,|||,|||,|||,|||,|||,|||
193.163.125.208,193.163.125.208,00000000000000000000000000000000000000000000000000000000000000,|||,|||,|||,|||,|||,|||,|||,|||,|||,|||
193.163.125.213,193.163.125.213,00000000000000000000000000000000000000000000000000000000000000,|||,|||,|||,|||,|||,|||,|||,|||,|||,|||
193.163.125.201,193.163.125.201,00000000000000000000000000000000000000000000000000000000000000,|||,|||,|||,|||,|||,|||,|||,|||,|||,|||
193.163.125.224,193.163.125.224,00000000000000000000000000000000000000000000000000000000000000,|||,|||,|||,|||,|||,|||,|||,|||,|||,|||
193.163.125.232,193.163.125.232,00000000000000000000000000000000000000000000000000000000000000,|||,|||,|||,|||,|||,|||,|||,|||,|||,|||
193.163.125.209,193.163.125.209,00000000000000000000000000000000000000000000000000000000000000,|||,|||,|||,|||,|||,|||,|||,|||,|||,|||
193.163.125.214,193.163.125.214,00000000000000000000000000000000000000000000000000000000000000,|||,|||,|||,|||,|||,|||,|||,|||,|||,|||
193.163.125.221,193.163.125.221,00000000000000000000000000000000000000000000000000000000000000,|||,|||,|||,|||,|||,|||,|||,|||,|||,|||
193.163.125.202,193.163.125.202,00000000000000000000000000000000000000000000000000000000000000,|||,|||,|||,|||,|||,|||,|||,|||,|||,|||
193.163.125.220,193.163.125.220,00000000000000000000000000000000000000000000000000000000000000,|||,|||,|||,|||,|||,|||,|||,|||,|||,|||
193.163.125.22,193.163.125.22,00000000000000000000000000000000000000000000000000000000000000,|||,|||,|||,|||,|||,|||,|||,|||,|||,|||
193.163.125.198,193.163.125.198,00000000000000000000000000000000000000000000000000000000000000,|||,|||,|||,|||,|||,|||,|||,|||,|||,|||
193.163.125.200,193.163.125.200,00000000000000000000000000000000000000000000000000000000000000,|||,|||,|||,|||,|||,|||,|||,|||,|||,|||
193.163.125.199,193.163.125.199,00000000000000000000000000000000000000000000000000000000000000,|||,|||,|||,|||,|||,|||,|||,|||,|||,|||
193.163.125.207,193.163.125.207,00000000000000000000000000000000000000000000000000000000000000,|||,|||,|||,|||,|||,|||,|||,|||,|||,|||
193.163.125.225,193.163.125.225,00000000000000000000000000000000000000000000000000000000000000,|||,|||,|||,|||,|||,|||,|||,|||,|||,|||
193.163.125.229,193.163.125.229,00000000000000000000000000000000000000000000000000000000000000,|||,|||,|||,|||,|||,|||,|||,|||,|||,|||
193.163.125.227,193.163.125.227,00000000000000000000000000000000000000000000000000000000000000,|||,|||,|||,|||,|||,|||,|||,|||,|||,|||
193.163.125.230,193.163.125.230,00000000000000000000000000000000000000000000000000000000000000,|||,|||,|||,|||,|||,|||,|||,|||,|||,|||
221.167.51.200,221.167.51.200,00000000000000000000000000000000000000000000000000000000000000,|||,|||,|||,|||,|||,|||,|||,|||,|||,|||
210.12.108.168,210.12.108.168,06d08d00006d06d06c06d08d06d06d9674c6b4e623ae36cc2d998e99e2262e,002f|0303||ff01-0023,0035|0303||ff01-0023,|||,002f|0303||ff01-0023,002f|0303||ff01-0023,002f|0302||ff01-0023,002f|0303||ff01-0023,0035|0303||ff01-0023,002f|0303||ff01-0023,002f|0303||ff01-0023
193.163.125.235,193.163.125.235,00000000000000000000000000000000000000000000000000000000000000,|||,|||,|||,|||,|||,|||,|||,|||,|||,|||
193.163.125.234,193.163.125.234,00000000000000000000000000000000000000000000000000000000000000,|||,|||,|||,|||,|||,|||,|||,|||,|||,|||
193.163.125.195,193.163.125.195,00000000000000000000000000000000000000000000000000000000000000,|||,|||,|||,|||,|||,|||,|||,|||,|||,|||
193.163.125.192,193.163.125.192,00000000000000000000000000000000000000000000000000000000000000,|||,|||,|||,|||,|||,|||,|||,|||,|||,|||
193.163.125.228,193.163.125.228,00000000000000000000000000000000000000000000000000000000000000,|||,|||,|||,|||,|||,|||,|||,|||,|||,|||
193.163.125.23,193.163.125.23,00000000000000000000000000000000000000000000000000000000000000,|||,|||,|||,|||,|||,|||,|||,|||,|||,|||
193.163.125.193,193.163.125.193,00000000000000000000000000000000000000000000000000000000000000,|||,|||,|||,|||,|||,|||,|||,|||,|||,|||
193.163.125.206,193.163.125.206,00000000000000000000000000000000000000000000000000000000000000,|||,|||,|||,|||,|||,|||,|||,|||,|||,|||
193.163.125.197,193.163.125.197,00000000000000000000000000000000000000000000000000000000000000,|||,|||,|||,|||,|||,|||,|||,|||,|||,|||
193.163.125.231,193.163.125.231,00000000000000000000000000000000000000000000000000000000000000,|||,|||,|||,|||,|||,|||,|||,|||,|||,|||
193.163.125.204,193.163.125.204,00000000000000000000000000000000000000000000000000000000000000,|||,|||,|||,|||,|||,|||,|||,|||,|||,|||
193.163.125.236,193.163.125.236,00000000000000000000000000000000000000000000000000000000000000,|||,|||,|||,|||,|||,|||,|||,|||,|||,|||
193.163.125.194,193.163.125.194,00000000000000000000000000000000000000000000000000000000000000,|||,|||,|||,|||,|||,|||,|||,|||,|||,|||
193.163.125.233,193.163.125.233,00000000000000000000000000000000000000000000000000000000000000,|||,|||,|||,|||,|||,|||,|||,|||,|||,|||
193.163.125.186,193.163.125.186,00000000000000000000000000000000000000000000000000000000000000,|||,|||,|||,|||,|||,|||,|||,|||,|||,|||
193.163.125.226,193.163.125.226,00000000000000000000000000000000000000000000000000000000000000,|||,|||,|||,|||,|||,|||,|||,|||,|||,|||
193.163.125.238,193.163.125.238,00000000000000000000000000000000000000000000000000000000000000,|||,|||,|||,|||,|||,|||,|||,|||,|||,|||
193.163.125.187,193.163.125.187,00000000000000000000000000000000000000000000000000000000000000,|||,|||,|||,|||,|||,|||,|||,|||,|||,|||
193.163.125.239,193.163.125.239,00000000000000000000000000000000000000000000000000000000000000,|||,|||,|||,|||,|||,|||,|||,|||,|||,|||
193.163.125.25,193.163.125.25,00000000000000000000000000000000000000000000000000000000000000,|||,|||,|||,|||,|||,|||,|||,|||,|||,|||
193.163.125.251,193.163.125.251,00000000000000000000000000000000000000000000000000000000000000,|||,|||,|||,|||,|||,|||,|||,|||,|||,|||
193.163.125.30,193.163.125.30,00000000000000000000000000000000000000000000000000000000000000,|||,|||,|||,|||,|||,|||,|||,|||,|||,|||
193.163.125.35,193.163.125.35,00000000000000000000000000000000000000000000000000000000000000,|||,|||,|||,|||,|||,|||,|||,|||,|||,|||
193.163.125.240,193.163.125.240,00000000000000000000000000000000000000000000000000000000000000,|||,|||,|||,|||,|||,|||,|||,|||,|||,|||
193.163.125.42,193.163.125.42,00000000000000000000000000000000000000000000000000000000000000,|||,|||,|||,|||,|||,|||,|||,|||,|||,|||
193.163.125.252,193.163.125.252,00000000000000000000000000000000000000000000000000000000000000,|||,|||,|||,|||,|||,|||,|||,|||,|||,|||
193.163.125.247,193.163.125.247,00000000000000000000000000000000000000000000000000000000000000,|||,|||,|||,|||,|||,|||,|||,|||,|||,|||
218.24.2.138,218.24.2.138,00000000000000000000000000000000000000000000000000000000000000,|||,|||,|||,|||,|||,|||,|||,|||,|||,|||
193.163.125.241,193.163.125.241,00000000000000000000000000000000000000000000000000000000000000,|||,|||,|||,|||,|||,|||,|||,|||,|||,|||
193.163.125.43,193.163.125.43,00000000000000000000000000000000000000000000000000000000000000,|||,|||,|||,|||,|||,|||,|||,|||,|||,|||
193.163.125.244,193.163.125.244,00000000000000000000000000000000000000000000000000000000000000,|||,|||,|||,|||,|||,|||,|||,|||,|||,|||
193.163.125.243,193.163.125.243,00000000000000000000000000000000000000000000000000000000000000,|||,|||,|||,|||,|||,|||,|||,|||,|||,|||
193.163.125.46,193.163.125.46,00000000000000000000000000000000000000000000000000000000000000,|||,|||,|||,|||,|||,|||,|||,|||,|||,|||
193.163.125.245,193.163.125.245,00000000000000000000000000000000000000000000000000000000000000,|||,|||,|||,|||,|||,|||,|||,|||,|||,|||
193.163.125.253,193.163.125.253,00000000000000000000000000000000000000000000000000000000000000,|||,|||,|||,|||,|||,|||,|||,|||,|||,|||
193.163.125.48,193.163.125.48,00000000000000000000000000000000000000000000000000000000000000,|||,|||,|||,|||,|||,|||,|||,|||,|||,|||
193.163.125.29,193.163.125.29,00000000000000000000000000000000000000000000000000000000000000,|||,|||,|||,|||,|||,|||,|||,|||,|||,|||
193.163.125.33,193.163.125.33,00000000000000000000000000000000000000000000000000000000000000,|||,|||,|||,|||,|||,|||,|||,|||,|||,|||
193.163.125.39,193.163.125.39,00000000000000000000000000000000000000000000000000000000000000,|||,|||,|||,|||,|||,|||,|||,|||,|||,|||
193.163.125.246,193.163.125.246,00000000000000000000000000000000000000000000000000000000000000,|||,|||,|||,|||,|||,|||,|||,|||,|||,|||
193.163.125.32,193.163.125.32,00000000000000000000000000000000000000000000000000000000000000,|||,|||,|||,|||,|||,|||,|||,|||,|||,|||
193.163.125.242,193.163.125.242,00000000000000000000000000000000000000000000000000000000000000,|||,|||,|||,|||,|||,|||,|||,|||,|||,|||
193.163.125.31,193.163.125.31,00000000000000000000000000000000000000000000000000000000000000,|||,|||,|||,|||,|||,|||,|||,|||,|||,|||
193.163.125.45,193.163.125.45,00000000000000000000000000000000000000000000000000000000000000,|||,|||,|||,|||,|||,|||,|||,|||,|||,|||
193.163.125.36,193.163.125.36,00000000000000000000000000000000000000000000000000000000000000,|||,|||,|||,|||,|||,|||,|||,|||,|||,|||
193.163.125.250,193.163.125.250,00000000000000000000000000000000000000000000000000000000000000,|||,|||,|||,|||,|||,|||,|||,|||,|||,|||
193.163.125.4,193.163.125.4,00000000000000000000000000000000000000000000000000000000000000,|||,|||,|||,|||,|||,|||,|||,|||,|||,|||
193.163.125.50,193.163.125.50,00000000000000000000000000000000000000000000000000000000000000,|||,|||,|||,|||,|||,|||,|||,|||,|||,|||
193.163.125.249,193.163.125.249,00000000000000000000000000000000000000000000000000000000000000,|||,|||,|||,|||,|||,|||,|||,|||,|||,|||
193.163.125.248,193.163.125.248,00000000000000000000000000000000000000000000000000000000000000,|||,|||,|||,|||,|||,|||,|||,|||,|||,|||
193.163.125.37,193.163.125.37,00000000000000000000000000000000000000000000000000000000000000,|||,|||,|||,|||,|||,|||,|||,|||,|||,|||
193.163.125.40,193.163.125.40,00000000000000000000000000000000000000000000000000000000000000,|||,|||,|||,|||,|||,|||,|||,|||,|||,|||
193.163.125.5,193.163.125.5,00000000000000000000000000000000000000000000000000000000000000,|||,|||,|||,|||,|||,|||,|||,|||,|||,|||
193.163.125.41,193.163.125.41,00000000000000000000000000000000000000000000000000000000000000,|||,|||,|||,|||,|||,|||,|||,|||,|||,|||
193.163.125.47,193.163.125.47,00000000000000000000000000000000000000000000000000000000000000,|||,|||,|||,|||,|||,|||,|||,|||,|||,|||
193.163.125.28,193.163.125.28,00000000000000000000000000000000000000000000000000000000000000,|||,|||,|||,|||,|||,|||,|||,|||,|||,|||
193.163.125.26,193.163.125.26,00000000000000000000000000000000000000000000000000000000000000,|||,|||,|||,|||,|||,|||,|||,|||,|||,|||
193.163.125.24,193.163.125.24,00000000000000000000000000000000000000000000000000000000000000,|||,|||,|||,|||,|||,|||,|||,|||,|||,|||
193.163.125.3,193.163.125.3,00000000000000000000000000000000000000000000000000000000000000,|||,|||,|||,|||,|||,|||,|||,|||,|||,|||
193.163.125.237,193.163.125.237,00000000000000000000000000000000000000000000000000000000000000,|||,|||,|||,|||,|||,|||,|||,|||,|||,|||
193.163.125.54,193.163.125.54,00000000000000000000000000000000000000000000000000000000000000,|||,|||,|||,|||,|||,|||,|||,|||,|||,|||
193.163.125.49,193.163.125.49,00000000000000000000000000000000000000000000000000000000000000,|||,|||,|||,|||,|||,|||,|||,|||,|||,|||
193.163.125.51,193.163.125.51,00000000000000000000000000000000000000000000000000000000000000,|||,|||,|||,|||,|||,|||,|||,|||,|||,|||
193.163.125.34,193.163.125.34,00000000000000000000000000000000000000000000000000000000000000,|||,|||,|||,|||,|||,|||,|||,|||,|||,|||
193.163.125.53,193.163.125.53,00000000000000000000000000000000000000000000000000000000000000,|||,|||,|||,|||,|||,|||,|||,|||,|||,|||
193.163.125.6,193.163.125.6,00000000000000000000000000000000000000000000000000000000000000,|||,|||,|||,|||,|||,|||,|||,|||,|||,|||
193.163.125.57,193.163.125.57,00000000000000000000000000000000000000000000000000000000000000,|||,|||,|||,|||,|||,|||,|||,|||,|||,|||
193.163.125.44,193.163.125.44,00000000000000000000000000000000000000000000000000000000000000,|||,|||,|||,|||,|||,|||,|||,|||,|||,|||
193.163.125.27,193.163.125.27,00000000000000000000000000000000000000000000000000000000000000,|||,|||,|||,|||,|||,|||,|||,|||,|||,|||
193.163.125.58,193.163.125.58,00000000000000000000000000000000000000000000000000000000000000,|||,|||,|||,|||,|||,|||,|||,|||,|||,|||
193.163.125.55,193.163.125.55,00000000000000000000000000000000000000000000000000000000000000,|||,|||,|||,|||,|||,|||,|||,|||,|||,|||
193.163.125.56,193.163.125.56,00000000000000000000000000000000000000000000000000000000000000,|||,|||,|||,|||,|||,|||,|||,|||,|||,|||
193.163.125.69,193.163.125.69,00000000000000000000000000000000000000000000000000000000000000,|||,|||,|||,|||,|||,|||,|||,|||,|||,|||
193.163.125.60,193.163.125.60,00000000000000000000000000000000000000000000000000000000000000,|||,|||,|||,|||,|||,|||,|||,|||,|||,|||
193.163.125.70,193.163.125.70,00000000000000000000000000000000000000000000000000000000000000,|||,|||,|||,|||,|||,|||,|||,|||,|||,|||
193.163.125.61,193.163.125.61,00000000000000000000000000000000000000000000000000000000000000,|||,|||,|||,|||,|||,|||,|||,|||,|||,|||
193.163.125.62,193.163.125.62,00000000000000000000000000000000000000000000000000000000000000,|||,|||,|||,|||,|||,|||,|||,|||,|||,|||
193.163.125.7,193.163.125.7,00000000000000000000000000000000000000000000000000000000000000,|||,|||,|||,|||,|||,|||,|||,|||,|||,|||
193.163.125.52,193.163.125.52,00000000000000000000000000000000000000000000000000000000000000,|||,|||,|||,|||,|||,|||,|||,|||,|||,|||
193.163.125.66,193.163.125.66,00000000000000000000000000000000000000000000000000000000000000,|||,|||,|||,|||,|||,|||,|||,|||,|||,|||
193.163.125.64,193.163.125.64,00000000000000000000000000000000000000000000000000000000000000,|||,|||,|||,|||,|||,|||,|||,|||,|||,|||
193.163.125.65,193.163.125.65,00000000000000000000000000000000000000000000000000000000000000,|||,|||,|||,|||,|||,|||,|||,|||,|||,|||
193.163.125.63,193.163.125.63,00000000000000000000000000000000000000000000000000000000000000,|||,|||,|||,|||,|||,|||,|||,|||,|||,|||
193.163.125.68,193.163.125.68,00000000000000000000000000000000000000000000000000000000000000,|||,|||,|||,|||,|||,|||,|||,|||,|||,|||
193.163.125.71,193.163.125.71,00000000000000000000000000000000000000000000000000000000000000,|||,|||,|||,|||,|||,|||,|||,|||,|||,|||
193.163.125.59,193.163.125.59,00000000000000000000000000000000000000000000000000000000000000,|||,|||,|||,|||,|||,|||,|||,|||,|||,|||
193.163.125.75,193.163.125.75,00000000000000000000000000000000000000000000000000000000000000,|||,|||,|||,|||,|||,|||,|||,|||,|||,|||
193.163.125.81,193.163.125.81,00000000000000000000000000000000000000000000000000000000000000,|||,|||,|||,|||,|||,|||,|||,|||,|||,|||
193.163.125.72,193.163.125.72,00000000000000000000000000000000000000000000000000000000000000,|||,|||,|||,|||,|||,|||,|||,|||,|||,|||
193.163.125.91,193.163.125.91,00000000000000000000000000000000000000000000000000000000000000,|||,|||,|||,|||,|||,|||,|||,|||,|||,|||
193.163.125.67,193.163.125.67,00000000000000000000000000000000000000000000000000000000000000,|||,|||,|||,|||,|||,|||,|||,|||,|||,|||
193.163.125.86,193.163.125.86,00000000000000000000000000000000000000000000000000000000000000,|||,|||,|||,|||,|||,|||,|||,|||,|||,|||
193.163.125.80,193.163.125.80,00000000000000000000000000000000000000000000000000000000000000,|||,|||,|||,|||,|||,|||,|||,|||,|||,|||
193.163.125.77,193.163.125.77,00000000000000000000000000000000000000000000000000000000000000,|||,|||,|||,|||,|||,|||,|||,|||,|||,|||
193.163.125.85,193.163.125.85,00000000000000000000000000000000000000000000000000000000000000,|||,|||,|||,|||,|||,|||,|||,|||,|||,|||
193.163.125.74,193.163.125.74,00000000000000000000000000000000000000000000000000000000000000,|||,|||,|||,|||,|||,|||,|||,|||,|||,|||
193.163.125.73,193.163.125.73,00000000000000000000000000000000000000000000000000000000000000,|||,|||,|||,|||,|||,|||,|||,|||,|||,|||
193.163.125.96,193.163.125.96,00000000000000000000000000000000000000000000000000000000000000,|||,|||,|||,|||,|||,|||,|||,|||,|||,|||
193.163.125.89,193.163.125.89,00000000000000000000000000000000000000000000000000000000000000,|||,|||,|||,|||,|||,|||,|||,|||,|||,|||
193.163.125.76,193.163.125.76,00000000000000000000000000000000000000000000000000000000000000,|||,|||,|||,|||,|||,|||,|||,|||,|||,|||
193.163.125.88,193.163.125.88,00000000000000000000000000000000000000000000000000000000000000,|||,|||,|||,|||,|||,|||,|||,|||,|||,|||
193.163.125.87,193.163.125.87,00000000000000000000000000000000000000000000000000000000000000,|||,|||,|||,|||,|||,|||,|||,|||,|||,|||
193.163.125.98,193.163.125.98,00000000000000000000000000000000000000000000000000000000000000,|||,|||,|||,|||,|||,|||,|||,|||,|||,|||
193.163.125.84,193.163.125.84,00000000000000000000000000000000000000000000000000000000000000,|||,|||,|||,|||,|||,|||,|||,|||,|||,|||
193.163.125.83,193.163.125.83,00000000000000000000000000000000000000000000000000000000000000,|||,|||,|||,|||,|||,|||,|||,|||,|||,|||
193.163.125.82,193.163.125.82,00000000000000000000000000000000000000000000000000000000000000,|||,|||,|||,|||,|||,|||,|||,|||,|||,|||
193.163.125.90,193.163.125.90,00000000000000000000000000000000000000000000000000000000000000,|||,|||,|||,|||,|||,|||,|||,|||,|||,|||
193.163.125.9,193.163.125.9,00000000000000000000000000000000000000000000000000000000000000,|||,|||,|||,|||,|||,|||,|||,|||,|||,|||
193.163.125.8,193.163.125.8,00000000000000000000000000000000000000000000000000000000000000,|||,|||,|||,|||,|||,|||,|||,|||,|||,|||
193.163.125.78,193.163.125.78,00000000000000000000000000000000000000000000000000000000000000,|||,|||,|||,|||,|||,|||,|||,|||,|||,|||
193.163.125.92,193.163.125.92,00000000000000000000000000000000000000000000000000000000000000,|||,|||,|||,|||,|||,|||,|||,|||,|||,|||
193.163.125.99,193.163.125.99,00000000000000000000000000000000000000000000000000000000000000,|||,|||,|||,|||,|||,|||,|||,|||,|||,|||
193.163.125.94,193.163.125.94,00000000000000000000000000000000000000000000000000000000000000,|||,|||,|||,|||,|||,|||,|||,|||,|||,|||
193.163.125.93,193.163.125.93,00000000000000000000000000000000000000000000000000000000000000,|||,|||,|||,|||,|||,|||,|||,|||,|||,|||
193.163.125.97,193.163.125.97,00000000000000000000000000000000000000000000000000000000000000,|||,|||,|||,|||,|||,|||,|||,|||,|||,|||
193.163.125.79,193.163.125.79,00000000000000000000000000000000000000000000000000000000000000,|||,|||,|||,|||,|||,|||,|||,|||,|||,|||
193.169.253.207,193.169.253.207,00000000000000000000000000000000000000000000000000000000000000,|||,|||,|||,|||,|||,|||,|||,|||,|||,|||
193.169.253.197,193.169.253.197,00000000000000000000000000000000000000000000000000000000000000,|||,|||,|||,|||,|||,|||,|||,|||,|||,|||
193.169.255.125,193.169.255.125,00000000000000000000000000000000000000000000000000000000000000,|||,|||,|||,|||,|||,|||,|||,|||,|||,|||
193.163.125.95,193.163.125.95,00000000000000000000000000000000000000000000000000000000000000,|||,|||,|||,|||,|||,|||,|||,|||,|||,|||
193.206.239.4,193.206.239.4,00000000000000000000000000000000000000000000000000000000000000,|||,|||,|||,|||,|||,|||,|||,|||,|||,|||
193.227.207.190,193.227.207.190,00000000000000000000000000000000000000000000000000000000000000,|||,|||,|||,|||,|||,|||,|||,|||,|||,|||
193.46.255.254,193.46.255.254,00000000000000000000000000000000000000000000000000000000000000,|||,|||,|||,|||,|||,|||,|||,|||,|||,|||
193.35.32.201,193.35.32.201,00000000000000000000000000000000000000000000000000000000000000,|||,|||,|||,|||,|||,|||,|||,|||,|||,|||
193.46.255.35,193.46.255.35,00000000000000000000000000000000000000000000000000000000000000,|||,|||,|||,|||,|||,|||,|||,|||,|||,|||
193.57.73.125,193.57.73.125,00000000000000000000000000000000000000000000000000000000000000,|||,|||,|||,|||,|||,|||,|||,|||,|||,|||
193.46.255.60,193.46.255.60,00000000000000000000000000000000000000000000000000000000000000,|||,|||,|||,|||,|||,|||,|||,|||,|||,|||
193.46.255.36,193.46.255.36,00000000000000000000000000000000000000000000000000000000000000,|||,|||,|||,|||,|||,|||,|||,|||,|||,|||
193.56.29.233,193.56.29.233,00000000000000000000000000000000000000000000000000000000000000,|||,|||,|||,|||,|||,|||,|||,|||,|||,|||
193.46.255.7,193.46.255.7,00000000000000000000000000000000000000000000000000000000000000,|||,|||,|||,|||,|||,|||,|||,|||,|||,|||
193.90.5.182,193.90.5.182,00000000000000000000000000000000000000000000000000000000000000,|||,|||,|||,|||,|||,|||,|||,|||,|||,|||
193.75.76.118,193.75.76.118,00000000000000000000000000000000000000000000000000000000000000,|||,|||,|||,|||,|||,|||,|||,|||,|||,|||
194.149.221.214,194.149.221.214,00000000000000000000000000000000000000000000000000000000000000,|||,|||,|||,|||,|||,|||,|||,|||,|||,|||
194.0.127.102,194.0.127.102,00000000000000000000000000000000000000000000000000000000000000,|||,|||,|||,|||,|||,|||,|||,|||,|||,|||
194.149.145.120,194.149.145.120,00000000000000000000000000000000000000000000000000000000000000,|||,|||,|||,|||,|||,|||,|||,|||,|||,|||
194.154.144.80,194.154.144.80,00000000000000000000000000000000000000000000000000000000000000,|||,|||,|||,|||,|||,|||,|||,|||,|||,|||
194.190.61.70,194.190.61.70,00000000000000000000000000000000000000000000000000000000000000,|||,|||,|||,|||,|||,|||,|||,|||,|||,|||
194.186.13.78,194.186.13.78,00000000000000000000000000000000000000000000000000000000000000,|||,|||,|||,|||,|||,|||,|||,|||,|||,|||
194.226.155.77,194.226.155.77,00000000000000000000000000000000000000000000000000000000000000,|||,|||,|||,|||,|||,|||,|||,|||,|||,|||
194.26.229.253,194.26.229.253,00000000000000000000000000000000000000000000000000000000000000,|||,|||,|||,|||,|||,|||,|||,|||,|||,|||
194.26.229.166,194.26.229.166,00000000000000000000000000000000000000000000000000000000000000,|||,|||,|||,|||,|||,|||,|||,|||,|||,|||
194.247.21.98,194.247.21.98,00000000000000000000000000000000000000000000000000000000000000,|||,|||,|||,|||,|||,|||,|||,|||,|||,|||
222.254.187.226,222.254.187.226,29d29d00029d29d22c29d29d29d29db1fed874fb1fbef1feb080db600660a9,c02f|0303||000b,c02f|0303||000b,|||,c02f|0303||000b,c02f|0303||000b,c014|0302||000b,c02f|0303||000b,c02f|0303||000b,c02f|0303||000b,c02f|0303||000b
194.99.45.9,194.99.45.9,00000000000000000000000000000000000000000000000000000000000000,|||,|||,|||,|||,|||,|||,|||,|||,|||,|||
194.44.50.96,194.44.50.96,00000000000000000000000000000000000000000000000000000000000000,|||,|||,|||,|||,|||,|||,|||,|||,|||,|||
194.59.196.33,194.59.196.33,00000000000000000000000000000000000000000000000000000000000000,|||,|||,|||,|||,|||,|||,|||,|||,|||,|||
195.114.149.35,195.114.149.35,00000000000000000000000000000000000000000000000000000000000000,|||,|||,|||,|||,|||,|||,|||,|||,|||,|||
195.140.214.8,195.140.214.8,00000000000000000000000000000000000000000000000000000000000000,|||,|||,|||,|||,|||,|||,|||,|||,|||,|||
165.227.201.134,165.227.201.134,15d3fd16d21d21d00042d43d000000fe02290512647416dcf0a400ccbc0b6b,009e|0303|http/1.1|ff01-0000-0001-0010-0017,cca8|0303|http/1.1|ff01-0000-0001-000b-0010-0017,009f|0303|http/1.1|ff01-0000-0001-0010-0017,c013|0303||ff01-0000-0001-000b-0017,c013|0303||ff01-0000-0001-000b-0017,|||,1302|0303||002b-0033,1303|0303||002b-0033,|||,|||
194.156.90.203,194.156.90.203,00000000000000000000000000000000000000000000000000000000000000,|||,|||,|||,|||,|||,|||,|||,|||,|||,|||
195.135.32.217,195.135.32.217,00000000000000000000000000000000000000000000000000000000000000,|||,|||,|||,|||,|||,|||,|||,|||,|||,|||
195.210.169.114,195.210.169.114,00000000000000000000000000000000000000000000000000000000000000,|||,|||,|||,|||,|||,|||,|||,|||,|||,|||
195.18.27.233,195.18.27.233,00000000000000000000000000000000000000000000000000000000000000,|||,|||,|||,|||,|||,|||,|||,|||,|||,|||
195.122.229.163,195.122.229.163,00000000000000000000000000000000000000000000000000000000000000,|||,|||,|||,|||,|||,|||,|||,|||,|||,|||
195.133.40.231,195.133.40.231,00000000000000000000000000000000000000000000000000000000000000,|||,|||,|||,|||,|||,|||,|||,|||,|||,|||
195.140.214.5,195.140.214.5,00000000000000000000000000000000000000000000000000000000000000,|||,|||,|||,|||,|||,|||,|||,|||,|||,|||
194.5.205.189,194.5.205.189,00000000000000000000000000000000000000000000000000000000000000,|||,|||,|||,|||,|||,|||,|||,|||,|||,|||
195.161.38.150,195.161.38.150,00000000000000000000000000000000000000000000000000000000000000,|||,|||,|||,|||,|||,|||,|||,|||,|||,|||
195.162.82.131,195.162.82.131,00000000000000000000000000000000000000000000000000000000000000,|||,|||,|||,|||,|||,|||,|||,|||,|||,|||
195.54.161.196,195.54.161.196,00000000000000000000000000000000000000000000000000000000000000,|||,|||,|||,|||,|||,|||,|||,|||,|||,|||
195.210.169.98,195.210.169.98,00000000000000000000000000000000000000000000000000000000000000,|||,|||,|||,|||,|||,|||,|||,|||,|||,|||
194.58.36.20,194.58.36.20,00000000000000000000000000000000000000000000000000000000000000,|||,|||,|||,|||,|||,|||,|||,|||,|||,|||
196.117.96.181,196.117.96.181,00000000000000000000000000000000000000000000000000000000000000,|||,|||,|||,|||,|||,|||,|||,|||,|||,|||
196.117.228.130,196.117.228.130,00000000000000000000000000000000000000000000000000000000000000,|||,|||,|||,|||,|||,|||,|||,|||,|||,|||
196.127.34.220,196.127.34.220,00000000000000000000000000000000000000000000000000000000000000,|||,|||,|||,|||,|||,|||,|||,|||,|||,|||
196.191.68.107,196.191.68.107,00000000000000000000000000000000000000000000000000000000000000,|||,|||,|||,|||,|||,|||,|||,|||,|||,|||
196.191.104.62,196.191.104.62,00000000000000000000000000000000000000000000000000000000000000,|||,|||,|||,|||,|||,|||,|||,|||,|||,|||
196.117.76.214,196.117.76.214,00000000000000000000000000000000000000000000000000000000000000,|||,|||,|||,|||,|||,|||,|||,|||,|||,|||
196.191.96.126,196.191.96.126,00000000000000000000000000000000000000000000000000000000000000,|||,|||,|||,|||,|||,|||,|||,|||,|||,|||
196.191.96.122,196.191.96.122,00000000000000000000000000000000000000000000000000000000000000,|||,|||,|||,|||,|||,|||,|||,|||,|||,|||
196.191.96.143,196.191.96.143,00000000000000000000000000000000000000000000000000000000000000,|||,|||,|||,|||,|||,|||,|||,|||,|||,|||
196.188.1.105,196.188.1.105,00000000000000000000000000000000000000000000000000000000000000,|||,|||,|||,|||,|||,|||,|||,|||,|||,|||
196.221.196.244,196.221.196.244,00000000000000000000000000000000000000000000000000000000000000,|||,|||,|||,|||,|||,|||,|||,|||,|||,|||
196.191.101.68,196.191.101.68,00000000000000000000000000000000000000000000000000000000000000,|||,|||,|||,|||,|||,|||,|||,|||,|||,|||
196.189.185.241,196.189.185.241,00000000000000000000000000000000000000000000000000000000000000,|||,|||,|||,|||,|||,|||,|||,|||,|||,|||
196.201.78.140,196.201.78.140,00000000000000000000000000000000000000000000000000000000000000,|||,|||,|||,|||,|||,|||,|||,|||,|||,|||
196.188.75.135,196.188.75.135,00000000000000000000000000000000000000000000000000000000000000,|||,|||,|||,|||,|||,|||,|||,|||,|||,|||
196.188.192.69,196.188.192.69,00000000000000000000000000000000000000000000000000000000000000,|||,|||,|||,|||,|||,|||,|||,|||,|||,|||
196.224.35.109,196.224.35.109,00000000000000000000000000000000000000000000000000000000000000,|||,|||,|||,|||,|||,|||,|||,|||,|||,|||
196.188.51.242,196.188.51.242,00000000000000000000000000000000000000000000000000000000000000,|||,|||,|||,|||,|||,|||,|||,|||,|||,|||
196.221.164.239,196.221.164.239,00000000000000000000000000000000000000000000000000000000000000,|||,|||,|||,|||,|||,|||,|||,|||,|||,|||
197.164.238.54,197.164.238.54,00000000000000000000000000000000000000000000000000000000000000,|||,|||,|||,|||,|||,|||,|||,|||,|||,|||
196.188.138.252,196.188.138.252,00000000000000000000000000000000000000000000000000000000000000,|||,|||,|||,|||,|||,|||,|||,|||,|||,|||
196.218.89.46,196.218.89.46,00000000000000000000000000000000000000000000000000000000000000,|||,|||,|||,|||,|||,|||,|||,|||,|||,|||
196.37.134.10,196.37.134.10,00000000000000000000000000000000000000000000000000000000000000,|||,|||,|||,|||,|||,|||,|||,|||,|||,|||
221.123.163.194,221.123.163.194,0ed14d16d0ad0ad0000ed14d0ed0ad2bb1101b28b790bf5d9d4dcad463fdc2,0067|0303||ff01,009d|0303||ff01,009f|0303||ff01,003c|0303||ff01,003c|0303||ff01,|||,0067|0303||ff01,009d|0303||ff01,0067|0303||ff01,003c|0303||ff01
196.37.134.12,196.37.134.12,00000000000000000000000000000000000000000000000000000000000000,|||,|||,|||,|||,|||,|||,|||,|||,|||,|||
196.41.9.244,196.41.9.244,00000000000000000000000000000000000000000000000000000000000000,|||,|||,|||,|||,|||,|||,|||,|||,|||,|||
218.24.2.144,218.24.2.144,00000000000000000000000000000000000000000000000000000000000000,|||,|||,|||,|||,|||,|||,|||,|||,|||,|||
197.14.4.7,197.14.4.7,00000000000000000000000000000000000000000000000000000000000000,|||,|||,|||,|||,|||,|||,|||,|||,|||,|||
196.30.65.186,196.30.65.186,00000000000000000000000000000000000000000000000000000000000000,|||,|||,|||,|||,|||,|||,|||,|||,|||,|||
197.164.176.182,197.164.176.182,00000000000000000000000000000000000000000000000000000000000000,|||,|||,|||,|||,|||,|||,|||,|||,|||,|||
198.147.22.230,198.147.22.230,00000000000000000000000000000000000000000000000000000000000000,|||,|||,|||,|||,|||,|||,|||,|||,|||,|||
197.211.35.163,197.211.35.163,00000000000000000000000000000000000000000000000000000000000000,|||,|||,|||,|||,|||,|||,|||,|||,|||,|||
197.50.154.145,197.50.154.145,00000000000000000000000000000000000000000000000000000000000000,|||,|||,|||,|||,|||,|||,|||,|||,|||,|||
197.161.131.48,197.161.131.48,00000000000000000000000000000000000000000000000000000000000000,|||,|||,|||,|||,|||,|||,|||,|||,|||,|||
198.148.113.39,198.148.113.39,00000000000000000000000000000000000000000000000000000000000000,|||,|||,|||,|||,|||,|||,|||,|||,|||,|||
197.44.66.9,197.44.66.9,00000000000000000000000000000000000000000000000000000000000000,|||,|||,|||,|||,|||,|||,|||,|||,|||,|||
197.254.123.158,197.254.123.158,00000000000000000000000000000000000000000000000000000000000000,|||,|||,|||,|||,|||,|||,|||,|||,|||,|||
198.199.107.58,198.199.107.58,00000000000000000000000000000000000000000000000000000000000000,|||,|||,|||,|||,|||,|||,|||,|||,|||,|||
197.246.175.119,197.246.175.119,00000000000000000000000000000000000000000000000000000000000000,|||,|||,|||,|||,|||,|||,|||,|||,|||,|||
198.176.57.26,198.176.57.26,00000000000000000000000000000000000000000000000000000000000000,|||,|||,|||,|||,|||,|||,|||,|||,|||,|||
198.199.88.249,198.199.88.249,00000000000000000000000000000000000000000000000000000000000000,|||,|||,|||,|||,|||,|||,|||,|||,|||,|||
197.54.85.9,197.54.85.9,00000000000000000000000000000000000000000000000000000000000000,|||,|||,|||,|||,|||,|||,|||,|||,|||,|||
196.189.199.14,196.189.199.14,00000000000000000000000000000000000000000000000000000000000000,|||,|||,|||,|||,|||,|||,|||,|||,|||,|||
198.12.71.108,198.12.71.108,00000000000000000000000000000000000000000000000000000000000000,|||,|||,|||,|||,|||,|||,|||,|||,|||,|||
197.232.139.40,197.232.139.40,00000000000000000000000000000000000000000000000000000000000000,|||,|||,|||,|||,|||,|||,|||,|||,|||,|||
198.199.82.163,198.199.82.163,00000000000000000000000000000000000000000000000000000000000000,|||,|||,|||,|||,|||,|||,|||,|||,|||,|||
198.199.105.162,198.199.105.162,00000000000000000000000000000000000000000000000000000000000000,|||,|||,|||,|||,|||,|||,|||,|||,|||,|||
198.199.105.16,198.199.105.16,00000000000000000000000000000000000000000000000000000000000000,|||,|||,|||,|||,|||,|||,|||,|||,|||,|||
198.199.83.234,198.199.83.234,00000000000000000000000000000000000000000000000000000000000000,|||,|||,|||,|||,|||,|||,|||,|||,|||,|||
198.200.100.66,198.200.100.66,00000000000000000000000000000000000000000000000000000000000000,|||,|||,|||,|||,|||,|||,|||,|||,|||,|||
197.29.3.154,197.29.3.154,00000000000000000000000000000000000000000000000000000000000000,|||,|||,|||,|||,|||,|||,|||,|||,|||,|||
198.147.22.234,198.147.22.234,00000000000000000000000000000000000000000000000000000000000000,|||,|||,|||,|||,|||,|||,|||,|||,|||,|||
198.199.108.231,198.199.108.231,00000000000000000000000000000000000000000000000000000000000000,|||,|||,|||,|||,|||,|||,|||,|||,|||,|||
199.115.96.90,199.115.96.90,00000000000000000000000000000000000000000000000000000000000000,|||,|||,|||,|||,|||,|||,|||,|||,|||,|||
199.117.152.51,199.117.152.51,00000000000000000000000000000000000000000000000000000000000000,|||,|||,|||,|||,|||,|||,|||,|||,|||,|||
198.199.113.192,198.199.113.192,00000000000000000000000000000000000000000000000000000000000000,|||,|||,|||,|||,|||,|||,|||,|||,|||,|||
212.64.19.41,212.64.19.41,2ad2ad16d2ad2ad22c2ad2ad2ad2adc80334825071f8ff93376ac14c5a331f,c030|0303||ff01-000b-0023,c030|0303||ff01-000b-0023,009f|0303||ff01-0023,c030|0303||ff01-000b-0023,c030|0303||ff01-000b-0023,c014|0302||ff01-000b-0023,c030|0303||ff01-000b-0023,c030|0303||ff01-000b-0023,c030|0303||ff01-000b-0023,c030|0303||ff01-000b-0023
198.199.105.11,198.199.105.11,00000000000000000000000000000000000000000000000000000000000000,|||,|||,|||,|||,|||,|||,|||,|||,|||,|||
198.46.223.234,198.46.223.234,00000000000000000000000000000000000000000000000000000000000000,|||,|||,|||,|||,|||,|||,|||,|||,|||,|||
198.199.115.69,198.199.115.69,00000000000000000000000000000000000000000000000000000000000000,|||,|||,|||,|||,|||,|||,|||,|||,|||,|||
220.133.172.240,220.133.172.240,00000000000000000000000000000000000000000000000000000000000000,|||,|||,|||,|||,|||,|||,|||,|||,|||,|||
220.134.117.178,220.134.117.178,04b02b00004b04b04b04b02b04b04b9674c6b4e623ae36cc2d998e99e2262e,000a|0301||ff01-0023,0005|0301||ff01-0023,|||,000a|0301||ff01-0023,000a|0301||ff01-0023,000a|0301||ff01-0023,000a|0301||ff01-0023,0005|0301||ff01-0023,000a|0301||ff01-0023,000a|0301||ff01-0023
198.199.114.240,198.199.114.240,00000000000000000000000000000000000000000000000000000000000000,|||,|||,|||,|||,|||,|||,|||,|||,|||,|||
198.84.141.219,198.84.141.219,00000000000000000000000000000000000000000000000000000000000000,|||,|||,|||,|||,|||,|||,|||,|||,|||,|||
198.251.81.114,198.251.81.114,00000000000000000000000000000000000000000000000000000000000000,|||,|||,|||,|||,|||,|||,|||,|||,|||,|||
200.222.250.166,200.222.250.166,00000000000000000000000000000000000000000000000000000000000000,|||,|||,|||,|||,|||,|||,|||,|||,|||,|||
200.141.73.218,200.141.73.218,00000000000000000000000000000000000000000000000000000000000000,|||,|||,|||,|||,|||,|||,|||,|||,|||,|||
200.117.185.116,200.117.185.116,00000000000000000000000000000000000000000000000000000000000000,|||,|||,|||,|||,|||,|||,|||,|||,|||,|||
200.102.141.16,200.102.141.16,00000000000000000000000000000000000000000000000000000000000000,|||,|||,|||,|||,|||,|||,|||,|||,|||,|||
200.219.85.209,200.219.85.209,00000000000000000000000000000000000000000000000000000000000000,|||,|||,|||,|||,|||,|||,|||,|||,|||,|||
200.123.208.29,200.123.208.29,00000000000000000000000000000000000000000000000000000000000000,|||,|||,|||,|||,|||,|||,|||,|||,|||,|||
200.62.99.4,200.62.99.4,00000000000000000000000000000000000000000000000000000000000000,|||,|||,|||,|||,|||,|||,|||,|||,|||,|||
200.45.153.197,200.45.153.197,00000000000000000000000000000000000000000000000000000000000000,|||,|||,|||,|||,|||,|||,|||,|||,|||,|||
200.2.143.2,200.2.143.2,00000000000000000000000000000000000000000000000000000000000000,|||,|||,|||,|||,|||,|||,|||,|||,|||,|||
200.48.212.75,200.48.212.75,00000000000000000000000000000000000000000000000000000000000000,|||,|||,|||,|||,|||,|||,|||,|||,|||,|||
200.146.104.244,200.146.104.244,00000000000000000000000000000000000000000000000000000000000000,|||,|||,|||,|||,|||,|||,|||,|||,|||,|||
200.152.119.91,200.152.119.91,00000000000000000000000000000000000000000000000000000000000000,|||,|||,|||,|||,|||,|||,|||,|||,|||,|||
199.34.31.46,199.34.31.46,00000000000000000000000000000000000000000000000000000000000000,|||,|||,|||,|||,|||,|||,|||,|||,|||,|||
200.58.74.91,200.58.74.91,00000000000000000000000000000000000000000000000000000000000000,|||,|||,|||,|||,|||,|||,|||,|||,|||,|||
200.40.135.75,200.40.135.75,00000000000000000000000000000000000000000000000000000000000000,|||,|||,|||,|||,|||,|||,|||,|||,|||,|||
200.54.154.179,200.54.154.179,00000000000000000000000000000000000000000000000000000000000000,|||,|||,|||,|||,|||,|||,|||,|||,|||,|||
200.7.160.233,200.7.160.233,00000000000000000000000000000000000000000000000000000000000000,|||,|||,|||,|||,|||,|||,|||,|||,|||,|||
200.189.180.99,200.189.180.99,00000000000000000000000000000000000000000000000000000000000000,|||,|||,|||,|||,|||,|||,|||,|||,|||,|||
200.149.6.147,200.149.6.147,00000000000000000000000000000000000000000000000000000000000000,|||,|||,|||,|||,|||,|||,|||,|||,|||,|||
200.34.165.78,200.34.165.78,00000000000000000000000000000000000000000000000000000000000000,|||,|||,|||,|||,|||,|||,|||,|||,|||,|||
200.193.121.164,200.193.121.164,00000000000000000000000000000000000000000000000000000000000000,|||,|||,|||,|||,|||,|||,|||,|||,|||,|||
200.66.72.190,200.66.72.190,00000000000000000000000000000000000000000000000000000000000000,|||,|||,|||,|||,|||,|||,|||,|||,|||,|||
200.3.217.195,200.3.217.195,00000000000000000000000000000000000000000000000000000000000000,|||,|||,|||,|||,|||,|||,|||,|||,|||,|||
200.113.62.243,200.113.62.243,00000000000000000000000000000000000000000000000000000000000000,|||,|||,|||,|||,|||,|||,|||,|||,|||,|||
200.225.220.31,200.225.220.31,00000000000000000000000000000000000000000000000000000000000000,|||,|||,|||,|||,|||,|||,|||,|||,|||,|||
200.9.125.1,200.9.125.1,00000000000000000000000000000000000000000000000000000000000000,|||,|||,|||,|||,|||,|||,|||,|||,|||,|||
200.75.4.248,200.75.4.248,00000000000000000000000000000000000000000000000000000000000000,|||,|||,|||,|||,|||,|||,|||,|||,|||,|||
201.105.21.18,201.105.21.18,00000000000000000000000000000000000000000000000000000000000000,|||,|||,|||,|||,|||,|||,|||,|||,|||,|||
200.6.225.42,200.6.225.42,00000000000000000000000000000000000000000000000000000000000000,|||,|||,|||,|||,|||,|||,|||,|||,|||,|||
200.23.80.119,200.23.80.119,00000000000000000000000000000000000000000000000000000000000000,|||,|||,|||,|||,|||,|||,|||,|||,|||,|||
200.229.80.46,200.229.80.46,00000000000000000000000000000000000000000000000000000000000000,|||,|||,|||,|||,|||,|||,|||,|||,|||,|||
200.58.218.10,200.58.218.10,00000000000000000000000000000000000000000000000000000000000000,|||,|||,|||,|||,|||,|||,|||,|||,|||,|||
201.123.148.62,201.123.148.62,00000000000000000000000000000000000000000000000000000000000000,|||,|||,|||,|||,|||,|||,|||,|||,|||,|||
201.1.201.202,201.1.201.202,00000000000000000000000000000000000000000000000000000000000000,|||,|||,|||,|||,|||,|||,|||,|||,|||,|||
201.141.25.190,201.141.25.190,00000000000000000000000000000000000000000000000000000000000000,|||,|||,|||,|||,|||,|||,|||,|||,|||,|||
201.114.44.212,201.114.44.212,00000000000000000000000000000000000000000000000000000000000000,|||,|||,|||,|||,|||,|||,|||,|||,|||,|||
201.144.151.195,201.144.151.195,00000000000000000000000000000000000000000000000000000000000000,|||,|||,|||,|||,|||,|||,|||,|||,|||,|||
201.138.186.17,201.138.186.17,00000000000000000000000000000000000000000000000000000000000000,|||,|||,|||,|||,|||,|||,|||,|||,|||,|||
201.102.76.138,201.102.76.138,00000000000000000000000000000000000000000000000000000000000000,|||,|||,|||,|||,|||,|||,|||,|||,|||,|||
201.110.125.53,201.110.125.53,00000000000000000000000000000000000000000000000000000000000000,|||,|||,|||,|||,|||,|||,|||,|||,|||,|||
201.149.50.49,201.149.50.49,00000000000000000000000000000000000000000000000000000000000000,|||,|||,|||,|||,|||,|||,|||,|||,|||,|||
201.146.50.138,201.146.50.138,00000000000000000000000000000000000000000000000000000000000000,|||,|||,|||,|||,|||,|||,|||,|||,|||,|||
201.140.110.34,201.140.110.34,00000000000000000000000000000000000000000000000000000000000000,|||,|||,|||,|||,|||,|||,|||,|||,|||,|||
201.138.186.27,201.138.186.27,00000000000000000000000000000000000000000000000000000000000000,|||,|||,|||,|||,|||,|||,|||,|||,|||,|||
201.150.54.110,201.150.54.110,00000000000000000000000000000000000000000000000000000000000000,|||,|||,|||,|||,|||,|||,|||,|||,|||,|||
201.141.20.118,201.141.20.118,00000000000000000000000000000000000000000000000000000000000000,|||,|||,|||,|||,|||,|||,|||,|||,|||,|||
201.141.30.108,201.141.30.108,00000000000000000000000000000000000000000000000000000000000000,|||,|||,|||,|||,|||,|||,|||,|||,|||,|||
201.174.52.59,201.174.52.59,00000000000000000000000000000000000000000000000000000000000000,|||,|||,|||,|||,|||,|||,|||,|||,|||,|||
188.130.169.36,188.130.169.36,00000000000000000000000000000000000000000000000000000000000000,|||,|||,|||,|||,|||,|||,|||,|||,|||,|||
201.170.246.227,201.170.246.227,00000000000000000000000000000000000000000000000000000000000000,|||,|||,|||,|||,|||,|||,|||,|||,|||,|||
201.171.82.123,201.171.82.123,00000000000000000000000000000000000000000000000000000000000000,|||,|||,|||,|||,|||,|||,|||,|||,|||,|||
201.171.85.163,201.171.85.163,00000000000000000000000000000000000000000000000000000000000000,|||,|||,|||,|||,|||,|||,|||,|||,|||,|||
201.17.144.101,201.17.144.101,00000000000000000000000000000000000000000000000000000000000000,|||,|||,|||,|||,|||,|||,|||,|||,|||,|||
201.172.80.231,201.172.80.231,00000000000000000000000000000000000000000000000000000000000000,|||,|||,|||,|||,|||,|||,|||,|||,|||,|||
201.173.171.129,201.173.171.129,00000000000000000000000000000000000000000000000000000000000000,|||,|||,|||,|||,|||,|||,|||,|||,|||,|||
201.184.16.242,201.184.16.242,00000000000000000000000000000000000000000000000000000000000000,|||,|||,|||,|||,|||,|||,|||,|||,|||,|||
201.184.16.244,201.184.16.244,00000000000000000000000000000000000000000000000000000000000000,|||,|||,|||,|||,|||,|||,|||,|||,|||,|||
201.46.242.168,201.46.242.168,00000000000000000000000000000000000000000000000000000000000000,|||,|||,|||,|||,|||,|||,|||,|||,|||,|||
201.86.95.243,201.86.95.243,00000000000000000000000000000000000000000000000000000000000000,|||,|||,|||,|||,|||,|||,|||,|||,|||,|||
202.103.176.67,202.103.176.67,00000000000000000000000000000000000000000000000000000000000000,|||,|||,|||,|||,|||,|||,|||,|||,|||,|||
201.209.85.163,201.209.85.163,00000000000000000000000000000000000000000000000000000000000000,|||,|||,|||,|||,|||,|||,|||,|||,|||,|||
201.166.225.131,201.166.225.131,00000000000000000000000000000000000000000000000000000000000000,|||,|||,|||,|||,|||,|||,|||,|||,|||,|||
201.43.244.113,201.43.244.113,00000000000000000000000000000000000000000000000000000000000000,|||,|||,|||,|||,|||,|||,|||,|||,|||,|||
201.97.212.169,201.97.212.169,00000000000000000000000000000000000000000000000000000000000000,|||,|||,|||,|||,|||,|||,|||,|||,|||,|||
201.91.207.114,201.91.207.114,00000000000000000000000000000000000000000000000000000000000000,|||,|||,|||,|||,|||,|||,|||,|||,|||,|||
201.173.97.8,201.173.97.8,00000000000000000000000000000000000000000000000000000000000000,|||,|||,|||,|||,|||,|||,|||,|||,|||,|||
201.80.90.128,201.80.90.128,00000000000000000000000000000000000000000000000000000000000000,|||,|||,|||,|||,|||,|||,|||,|||,|||,|||
201.54.254.71,201.54.254.71,00000000000000000000000000000000000000000000000000000000000000,|||,|||,|||,|||,|||,|||,|||,|||,|||,|||
201.34.57.114,201.34.57.114,00000000000000000000000000000000000000000000000000000000000000,|||,|||,|||,|||,|||,|||,|||,|||,|||,|||
201.243.65.148,201.243.65.148,00000000000000000000000000000000000000000000000000000000000000,|||,|||,|||,|||,|||,|||,|||,|||,|||,|||
202.100.186.35,202.100.186.35,00000000000000000000000000000000000000000000000000000000000000,|||,|||,|||,|||,|||,|||,|||,|||,|||,|||
201.9.228.180,201.9.228.180,00000000000000000000000000000000000000000000000000000000000000,|||,|||,|||,|||,|||,|||,|||,|||,|||,|||
201.173.38.154,201.173.38.154,00000000000000000000000000000000000000000000000000000000000000,|||,|||,|||,|||,|||,|||,|||,|||,|||,|||
202.105.29.42,202.105.29.42,00000000000000000000000000000000000000000000000000000000000000,|||,|||,|||,|||,|||,|||,|||,|||,|||,|||
202.14.122.104,202.14.122.104,00000000000000000000000000000000000000000000000000000000000000,|||,|||,|||,|||,|||,|||,|||,|||,|||,|||
202.118.18.128,202.118.18.128,00000000000000000000000000000000000000000000000000000000000000,|||,|||,|||,|||,|||,|||,|||,|||,|||,|||
202.109.239.164,202.109.239.164,00000000000000000000000000000000000000000000000000000000000000,|||,|||,|||,|||,|||,|||,|||,|||,|||,|||
201.57.116.194,201.57.116.194,00000000000000000000000000000000000000000000000000000000000000,|||,|||,|||,|||,|||,|||,|||,|||,|||,|||
202.125.165.247,202.125.165.247,00000000000000000000000000000000000000000000000000000000000000,|||,|||,|||,|||,|||,|||,|||,|||,|||,|||
201.212.10.177,201.212.10.177,00000000000000000000000000000000000000000000000000000000000000,|||,|||,|||,|||,|||,|||,|||,|||,|||,|||
201.51.138.206,201.51.138.206,00000000000000000000000000000000000000000000000000000000000000,|||,|||,|||,|||,|||,|||,|||,|||,|||,|||
202.117.194.230,202.117.194.230,00000000000000000000000000000000000000000000000000000000000000,|||,|||,|||,|||,|||,|||,|||,|||,|||,|||
202.14.122.57,202.14.122.57,00000000000000000000000000000000000000000000000000000000000000,|||,|||,|||,|||,|||,|||,|||,|||,|||,|||
202.110.83.126,202.110.83.126,00000000000000000000000000000000000000000000000000000000000000,|||,|||,|||,|||,|||,|||,|||,|||,|||,|||
202.14.123.55,202.14.123.55,00000000000000000000000000000000000000000000000000000000000000,|||,|||,|||,|||,|||,|||,|||,|||,|||,|||
202.14.123.231,202.14.123.231,00000000000000000000000000000000000000000000000000000000000000,|||,|||,|||,|||,|||,|||,|||,|||,|||,|||
202.101.146.17,202.101.146.17,00000000000000000000000000000000000000000000000000000000000000,|||,|||,|||,|||,|||,|||,|||,|||,|||,|||
202.141.254.130,202.141.254.130,00000000000000000000000000000000000000000000000000000000000000,|||,|||,|||,|||,|||,|||,|||,|||,|||,|||
202.29.70.13,202.29.70.13,00000000000000000000000000000000000000000000000000000000000000,|||,|||,|||,|||,|||,|||,|||,|||,|||,|||
202.137.134.57,202.137.134.57,00000000000000000000000000000000000000000000000000000000000000,|||,|||,|||,|||,|||,|||,|||,|||,|||,|||
202.181.234.12,202.181.234.12,00000000000000000000000000000000000000000000000000000000000000,|||,|||,|||,|||,|||,|||,|||,|||,|||,|||
202.163.86.27,202.163.86.27,00000000000000000000000000000000000000000000000000000000000000,|||,|||,|||,|||,|||,|||,|||,|||,|||,|||
202.152.39.13,202.152.39.13,00000000000000000000000000000000000000000000000000000000000000,|||,|||,|||,|||,|||,|||,|||,|||,|||,|||
202.201.15.115,202.201.15.115,00000000000000000000000000000000000000000000000000000000000000,|||,|||,|||,|||,|||,|||,|||,|||,|||,|||
202.191.97.13,202.191.97.13,00000000000000000000000000000000000000000000000000000000000000,|||,|||,|||,|||,|||,|||,|||,|||,|||,|||
202.14.122.151,202.14.122.151,00000000000000000000000000000000000000000000000000000000000000,|||,|||,|||,|||,|||,|||,|||,|||,|||,|||
202.44.249.241,202.44.249.241,00000000000000000000000000000000000000000000000000000000000000,|||,|||,|||,|||,|||,|||,|||,|||,|||,|||
202.5.28.82,202.5.28.82,00000000000000000000000000000000000000000000000000000000000000,|||,|||,|||,|||,|||,|||,|||,|||,|||,|||
202.175.123.218,202.175.123.218,00000000000000000000000000000000000000000000000000000000000000,|||,|||,|||,|||,|||,|||,|||,|||,|||,|||
202.61.248.195,202.61.248.195,00000000000000000000000000000000000000000000000000000000000000,|||,|||,|||,|||,|||,|||,|||,|||,|||,|||
202.98.215.103,202.98.215.103,00000000000000000000000000000000000000000000000000000000000000,|||,|||,|||,|||,|||,|||,|||,|||,|||,|||
202.75.221.119,202.75.221.119,00000000000000000000000000000000000000000000000000000000000000,|||,|||,|||,|||,|||,|||,|||,|||,|||,|||
202.88.174.4,202.88.174.4,00000000000000000000000000000000000000000000000000000000000000,|||,|||,|||,|||,|||,|||,|||,|||,|||,|||
203.101.126.178,203.101.126.178,00000000000000000000000000000000000000000000000000000000000000,|||,|||,|||,|||,|||,|||,|||,|||,|||,|||
202.98.203.19,202.98.203.19,00000000000000000000000000000000000000000000000000000000000000,|||,|||,|||,|||,|||,|||,|||,|||,|||,|||
203.113.135.199,203.113.135.199,00000000000000000000000000000000000000000000000000000000000000,|||,|||,|||,|||,|||,|||,|||,|||,|||,|||
202.90.154.12,202.90.154.12,00000000000000000000000000000000000000000000000000000000000000,|||,|||,|||,|||,|||,|||,|||,|||,|||,|||
202.96.141.165,202.96.141.165,00000000000000000000000000000000000000000000000000000000000000,|||,|||,|||,|||,|||,|||,|||,|||,|||,|||
203.110.221.10,203.110.221.10,00000000000000000000000000000000000000000000000000000000000000,|||,|||,|||,|||,|||,|||,|||,|||,|||,|||
202.171.133.72,202.171.133.72,00000000000000000000000000000000000000000000000000000000000000,|||,|||,|||,|||,|||,|||,|||,|||,|||,|||
203.154.89.157,203.154.89.157,00000000000000000000000000000000000000000000000000000000000000,|||,|||,|||,|||,|||,|||,|||,|||,|||,|||
203.124.41.150,203.124.41.150,00000000000000000000000000000000000000000000000000000000000000,|||,|||,|||,|||,|||,|||,|||,|||,|||,|||
202.170.89.93,202.170.89.93,00000000000000000000000000000000000000000000000000000000000000,|||,|||,|||,|||,|||,|||,|||,|||,|||,|||
203.160.167.244,203.160.167.244,00000000000000000000000000000000000000000000000000000000000000,|||,|||,|||,|||,|||,|||,|||,|||,|||,|||
203.124.13.82,203.124.13.82,00000000000000000000000000000000000000000000000000000000000000,|||,|||,|||,|||,|||,|||,|||,|||,|||,|||
203.174.14.8,203.174.14.8,00000000000000000000000000000000000000000000000000000000000000,|||,|||,|||,|||,|||,|||,|||,|||,|||,|||
203.162.166.237,203.162.166.237,00000000000000000000000000000000000000000000000000000000000000,|||,|||,|||,|||,|||,|||,|||,|||,|||,|||
202.98.218.193,202.98.218.193,00000000000000000000000000000000000000000000000000000000000000,|||,|||,|||,|||,|||,|||,|||,|||,|||,|||
203.113.5.14,203.113.5.14,00000000000000000000000000000000000000000000000000000000000000,|||,|||,|||,|||,|||,|||,|||,|||,|||,|||
203.189.200.35,203.189.200.35,00000000000000000000000000000000000000000000000000000000000000,|||,|||,|||,|||,|||,|||,|||,|||,|||,|||
203.198.89.156,203.198.89.156,00000000000000000000000000000000000000000000000000000000000000,|||,|||,|||,|||,|||,|||,|||,|||,|||,|||
203.195.66.229,203.195.66.229,00000000000000000000000000000000000000000000000000000000000000,|||,|||,|||,|||,|||,|||,|||,|||,|||,|||
203.198.94.241,203.198.94.241,00000000000000000000000000000000000000000000000000000000000000,|||,|||,|||,|||,|||,|||,|||,|||,|||,|||
203.214.85.169,203.214.85.169,00000000000000000000000000000000000000000000000000000000000000,|||,|||,|||,|||,|||,|||,|||,|||,|||,|||
203.190.9.85,203.190.9.85,00000000000000000000000000000000000000000000000000000000000000,|||,|||,|||,|||,|||,|||,|||,|||,|||,|||
203.218.225.39,203.218.225.39,00000000000000000000000000000000000000000000000000000000000000,|||,|||,|||,|||,|||,|||,|||,|||,|||,|||
204.15.177.144,204.15.177.144,00000000000000000000000000000000000000000000000000000000000000,|||,|||,|||,|||,|||,|||,|||,|||,|||,|||
204.111.185.208,204.111.185.208,00000000000000000000000000000000000000000000000000000000000000,|||,|||,|||,|||,|||,|||,|||,|||,|||,|||
205.209.152.96,205.209.152.96,00000000000000000000000000000000000000000000000000000000000000,|||,|||,|||,|||,|||,|||,|||,|||,|||,|||
205.185.124.203,205.185.124.203,00000000000000000000000000000000000000000000000000000000000000,|||,|||,|||,|||,|||,|||,|||,|||,|||,|||
204.195.64.84,204.195.64.84,00000000000000000000000000000000000000000000000000000000000000,|||,|||,|||,|||,|||,|||,|||,|||,|||,|||
204.13.154.66,204.13.154.66,00000000000000000000000000000000000000000000000000000000000000,|||,|||,|||,|||,|||,|||,|||,|||,|||,|||
203.82.53.108,203.82.53.108,00000000000000000000000000000000000000000000000000000000000000,|||,|||,|||,|||,|||,|||,|||,|||,|||,|||
206.1.182.84,206.1.182.84,00000000000000000000000000000000000000000000000000000000000000,|||,|||,|||,|||,|||,|||,|||,|||,|||,|||
203.75.79.76,203.75.79.76,00000000000000000000000000000000000000000000000000000000000000,|||,|||,|||,|||,|||,|||,|||,|||,|||,|||
206.132.57.41,206.132.57.41,00000000000000000000000000000000000000000000000000000000000000,|||,|||,|||,|||,|||,|||,|||,|||,|||,|||
205.234.35.182,205.234.35.182,00000000000000000000000000000000000000000000000000000000000000,|||,|||,|||,|||,|||,|||,|||,|||,|||,|||
203.3.87.25,203.3.87.25,00000000000000000000000000000000000000000000000000000000000000,|||,|||,|||,|||,|||,|||,|||,|||,|||,|||
206.189.108.93,206.189.108.93,00000000000000000000000000000000000000000000000000000000000000,|||,|||,|||,|||,|||,|||,|||,|||,|||,|||
206.119.64.127,206.119.64.127,00000000000000000000000000000000000000000000000000000000000000,|||,|||,|||,|||,|||,|||,|||,|||,|||,|||
203.240.224.138,203.240.224.138,00000000000000000000000000000000000000000000000000000000000000,|||,|||,|||,|||,|||,|||,|||,|||,|||,|||
203.135.96.173,203.135.96.173,00000000000000000000000000000000000000000000000000000000000000,|||,|||,|||,|||,|||,|||,|||,|||,|||,|||
218.145.145.245,218.145.145.245,00000000000000000000000000000000000000000000000000000000000000,|||,|||,|||,|||,|||,|||,|||,|||,|||,|||
206.189.112.186,206.189.112.186,00000000000000000000000000000000000000000000000000000000000000,|||,|||,|||,|||,|||,|||,|||,|||,|||,|||
206.189.125.141,206.189.125.141,00000000000000000000000000000000000000000000000000000000000000,|||,|||,|||,|||,|||,|||,|||,|||,|||,|||
206.189.132.78,206.189.132.78,00000000000000000000000000000000000000000000000000000000000000,|||,|||,|||,|||,|||,|||,|||,|||,|||,|||
203.55.117.211,203.55.117.211,00000000000000000000000000000000000000000000000000000000000000,|||,|||,|||,|||,|||,|||,|||,|||,|||,|||
205.185.119.181,205.185.119.181,00000000000000000000000000000000000000000000000000000000000000,|||,|||,|||,|||,|||,|||,|||,|||,|||,|||
205.134.178.98,205.134.178.98,00000000000000000000000000000000000000000000000000000000000000,|||,|||,|||,|||,|||,|||,|||,|||,|||,|||
206.189.137.127,206.189.137.127,00000000000000000000000000000000000000000000000000000000000000,|||,|||,|||,|||,|||,|||,|||,|||,|||,|||
206.189.24.252,206.189.24.252,00000000000000000000000000000000000000000000000000000000000000,|||,|||,|||,|||,|||,|||,|||,|||,|||,|||
206.189.183.62,206.189.183.62,00000000000000000000000000000000000000000000000000000000000000,|||,|||,|||,|||,|||,|||,|||,|||,|||,|||
206.189.146.254,206.189.146.254,00000000000000000000000000000000000000000000000000000000000000,|||,|||,|||,|||,|||,|||,|||,|||,|||,|||
206.189.6.59,206.189.6.59,00000000000000000000000000000000000000000000000000000000000000,|||,|||,|||,|||,|||,|||,|||,|||,|||,|||
206.189.9.20,206.189.9.20,00000000000000000000000000000000000000000000000000000000000000,|||,|||,|||,|||,|||,|||,|||,|||,|||,|||
206.233.128.58,206.233.128.58,00000000000000000000000000000000000000000000000000000000000000,|||,|||,|||,|||,|||,|||,|||,|||,|||,|||
207.136.103.49,207.136.103.49,00000000000000000000000000000000000000000000000000000000000000,|||,|||,|||,|||,|||,|||,|||,|||,|||,|||
207.188.155.236,207.188.155.236,00000000000000000000000000000000000000000000000000000000000000,|||,|||,|||,|||,|||,|||,|||,|||,|||,|||
207.244.124.101,207.244.124.101,00000000000000000000000000000000000000000000000000000000000000,|||,|||,|||,|||,|||,|||,|||,|||,|||,|||
206.81.22.158,206.81.22.158,00000000000000000000000000000000000000000000000000000000000000,|||,|||,|||,|||,|||,|||,|||,|||,|||,|||
207.231.74.171,207.231.74.171,00000000000000000000000000000000000000000000000000000000000000,|||,|||,|||,|||,|||,|||,|||,|||,|||,|||
207.244.249.31,207.244.249.31,00000000000000000000000000000000000000000000000000000000000000,|||,|||,|||,|||,|||,|||,|||,|||,|||,|||
208.96.67.222,208.96.67.222,00000000000000000000000000000000000000000000000000000000000000,|||,|||,|||,|||,|||,|||,|||,|||,|||,|||
208.96.72.238,208.96.72.238,00000000000000000000000000000000000000000000000000000000000000,|||,|||,|||,|||,|||,|||,|||,|||,|||,|||
207.188.152.163,207.188.152.163,00000000000000000000000000000000000000000000000000000000000000,|||,|||,|||,|||,|||,|||,|||,|||,|||,|||
208.103.169.24,208.103.169.24,00000000000000000000000000000000000000000000000000000000000000,|||,|||,|||,|||,|||,|||,|||,|||,|||,|||
207.244.161.147,207.244.161.147,00000000000000000000000000000000000000000000000000000000000000,|||,|||,|||,|||,|||,|||,|||,|||,|||,|||
208.180.181.185,208.180.181.185,00000000000000000000000000000000000000000000000000000000000000,|||,|||,|||,|||,|||,|||,|||,|||,|||,|||
207.148.111.234,207.148.111.234,00000000000000000000000000000000000000000000000000000000000000,|||,|||,|||,|||,|||,|||,|||,|||,|||,|||
209.141.44.113,209.141.44.113,00000000000000000000000000000000000000000000000000000000000000,|||,|||,|||,|||,|||,|||,|||,|||,|||,|||
209.124.101.130,209.124.101.130,00000000000000000000000000000000000000000000000000000000000000,|||,|||,|||,|||,|||,|||,|||,|||,|||,|||
209.141.46.138,209.141.46.138,00000000000000000000000000000000000000000000000000000000000000,|||,|||,|||,|||,|||,|||,|||,|||,|||,|||
209.141.134.165,209.141.134.165,00000000000000000000000000000000000000000000000000000000000000,|||,|||,|||,|||,|||,|||,|||,|||,|||,|||
209.145.52.40,209.145.52.40,00000000000000000000000000000000000000000000000000000000000000,|||,|||,|||,|||,|||,|||,|||,|||,|||,|||
209.141.52.253,209.141.52.253,00000000000000000000000000000000000000000000000000000000000000,|||,|||,|||,|||,|||,|||,|||,|||,|||,|||
209.145.49.179,209.145.49.179,00000000000000000000000000000000000000000000000000000000000000,|||,|||,|||,|||,|||,|||,|||,|||,|||,|||
209.160.40.13,209.160.40.13,00000000000000000000000000000000000000000000000000000000000000,|||,|||,|||,|||,|||,|||,|||,|||,|||,|||
210.111.173.86,210.111.173.86,00000000000000000000000000000000000000000000000000000000000000,|||,|||,|||,|||,|||,|||,|||,|||,|||,|||
209.212.39.152,209.212.39.152,00000000000000000000000000000000000000000000000000000000000000,|||,|||,|||,|||,|||,|||,|||,|||,|||,|||
209.97.186.35,209.97.186.35,00000000000000000000000000000000000000000000000000000000000000,|||,|||,|||,|||,|||,|||,|||,|||,|||,|||
209.97.147.145,209.97.147.145,00000000000000000000000000000000000000000000000000000000000000,|||,|||,|||,|||,|||,|||,|||,|||,|||,|||
210.12.24.150,210.12.24.150,00000000000000000000000000000000000000000000000000000000000000,|||,|||,|||,|||,|||,|||,|||,|||,|||,|||
209.173.161.222,209.173.161.222,00000000000000000000000000000000000000000000000000000000000000,|||,|||,|||,|||,|||,|||,|||,|||,|||,|||
210.1.225.5,210.1.225.5,00000000000000000000000000000000000000000000000000000000000000,|||,|||,|||,|||,|||,|||,|||,|||,|||,|||
210.1.31.10,210.1.31.10,00000000000000000000000000000000000000000000000000000000000000,|||,|||,|||,|||,|||,|||,|||,|||,|||,|||
210.16.121.16,210.16.121.16,00000000000000000000000000000000000000000000000000000000000000,|||,|||,|||,|||,|||,|||,|||,|||,|||,|||
210.192.94.10,210.192.94.10,00000000000000000000000000000000000000000000000000000000000000,|||,|||,|||,|||,|||,|||,|||,|||,|||,|||
210.181.177.250,210.181.177.250,00000000000000000000000000000000000000000000000000000000000000,|||,|||,|||,|||,|||,|||,|||,|||,|||,|||
210.192.94.8,210.192.94.8,00000000000000000000000000000000000000000000000000000000000000,|||,|||,|||,|||,|||,|||,|||,|||,|||,|||
210.21.31.68,210.21.31.68,00000000000000000000000000000000000000000000000000000000000000,|||,|||,|||,|||,|||,|||,|||,|||,|||,|||
210.124.68.110,210.124.68.110,00000000000000000000000000000000000000000000000000000000000000,|||,|||,|||,|||,|||,|||,|||,|||,|||,|||
210.187.51.226,210.187.51.226,00000000000000000000000000000000000000000000000000000000000000,|||,|||,|||,|||,|||,|||,|||,|||,|||,|||
210.192.94.3,210.192.94.3,00000000000000000000000000000000000000000000000000000000000000,|||,|||,|||,|||,|||,|||,|||,|||,|||,|||
210.209.192.109,210.209.192.109,00000000000000000000000000000000000000000000000000000000000000,|||,|||,|||,|||,|||,|||,|||,|||,|||,|||
210.13.46.138,210.13.46.138,00000000000000000000000000000000000000000000000000000000000000,|||,|||,|||,|||,|||,|||,|||,|||,|||,|||
210.217.172.18,210.217.172.18,00000000000000000000000000000000000000000000000000000000000000,|||,|||,|||,|||,|||,|||,|||,|||,|||,|||
210.3.101.130,210.3.101.130,00000000000000000000000000000000000000000000000000000000000000,|||,|||,|||,|||,|||,|||,|||,|||,|||,|||
210.30.193.120,210.30.193.120,00000000000000000000000000000000000000000000000000000000000000,|||,|||,|||,|||,|||,|||,|||,|||,|||,|||
211.107.240.49,211.107.240.49,00000000000000000000000000000000000000000000000000000000000000,|||,|||,|||,|||,|||,|||,|||,|||,|||,|||
211.106.117.158,211.106.117.158,00000000000000000000000000000000000000000000000000000000000000,|||,|||,|||,|||,|||,|||,|||,|||,|||,|||
211.143.100.251,211.143.100.251,00000000000000000000000000000000000000000000000000000000000000,|||,|||,|||,|||,|||,|||,|||,|||,|||,|||
210.56.29.131,210.56.29.131,00000000000000000000000000000000000000000000000000000000000000,|||,|||,|||,|||,|||,|||,|||,|||,|||,|||
211.140.254.5,211.140.254.5,00000000000000000000000000000000000000000000000000000000000000,|||,|||,|||,|||,|||,|||,|||,|||,|||,|||
210.51.55.140,210.51.55.140,00000000000000000000000000000000000000000000000000000000000000,|||,|||,|||,|||,|||,|||,|||,|||,|||,|||
180.215.192.143,180.215.192.143,00000000000000000000000000000000000000000000000000000000000000,|||,|||,|||,|||,|||,|||,|||,|||,|||,|||
211.103.237.82,211.103.237.82,00000000000000000000000000000000000000000000000000000000000000,|||,|||,|||,|||,|||,|||,|||,|||,|||,|||
193.112.98.8,193.112.98.8,00000000000000000000000000000000000000000000000000000000000000,|||,|||,|||,|||,|||,|||,|||,|||,|||,|||
211.142.138.106,211.142.138.106,00000000000000000000000000000000000000000000000000000000000000,|||,|||,|||,|||,|||,|||,|||,|||,|||,|||
211.143.18.158,211.143.18.158,00000000000000000000000000000000000000000000000000000000000000,|||,|||,|||,|||,|||,|||,|||,|||,|||,|||
210.113.63.51,210.113.63.51,00000000000000000000000000000000000000000000000000000000000000,|||,|||,|||,|||,|||,|||,|||,|||,|||,|||
210.105.213.82,210.105.213.82,00000000000000000000000000000000000000000000000000000000000000,|||,|||,|||,|||,|||,|||,|||,|||,|||,|||
211.155.128.203,211.155.128.203,00000000000000000000000000000000000000000000000000000000000000,|||,|||,|||,|||,|||,|||,|||,|||,|||,|||
209.97.131.255,209.97.131.255,00000000000000000000000000000000000000000000000000000000000000,|||,|||,|||,|||,|||,|||,|||,|||,|||,|||
210.21.7.178,210.21.7.178,00000000000000000000000000000000000000000000000000000000000000,|||,|||,|||,|||,|||,|||,|||,|||,|||,|||
211.143.1.205,211.143.1.205,00000000000000000000000000000000000000000000000000000000000000,|||,|||,|||,|||,|||,|||,|||,|||,|||,|||
211.143.100.253,211.143.100.253,00000000000000000000000000000000000000000000000000000000000000,|||,|||,|||,|||,|||,|||,|||,|||,|||,|||
211.194.165.98,211.194.165.98,00000000000000000000000000000000000000000000000000000000000000,|||,|||,|||,|||,|||,|||,|||,|||,|||,|||
211.143.100.233,211.143.100.233,00000000000000000000000000000000000000000000000000000000000000,|||,|||,|||,|||,|||,|||,|||,|||,|||,|||
211.222.132.38,211.222.132.38,00000000000000000000000000000000000000000000000000000000000000,|||,|||,|||,|||,|||,|||,|||,|||,|||,|||
211.144.15.162,211.144.15.162,00000000000000000000000000000000000000000000000000000000000000,|||,|||,|||,|||,|||,|||,|||,|||,|||,|||
211.218.94.165,211.218.94.165,00000000000000000000000000000000000000000000000000000000000000,|||,|||,|||,|||,|||,|||,|||,|||,|||,|||
211.206.6.28,211.206.6.28,00000000000000000000000000000000000000000000000000000000000000,|||,|||,|||,|||,|||,|||,|||,|||,|||,|||
210.220.93.132,210.220.93.132,00000000000000000000000000000000000000000000000000000000000000,|||,|||,|||,|||,|||,|||,|||,|||,|||,|||
210.74.8.63,210.74.8.63,00000000000000000000000000000000000000000000000000000000000000,|||,|||,|||,|||,|||,|||,|||,|||,|||,|||
211.159.225.49,211.159.225.49,00000000000000000000000000000000000000000000000000000000000000,|||,|||,|||,|||,|||,|||,|||,|||,|||,|||
211.51.62.226,211.51.62.226,00000000000000000000000000000000000000000000000000000000000000,|||,|||,|||,|||,|||,|||,|||,|||,|||,|||
210.192.94.6,210.192.94.6,00000000000000000000000000000000000000000000000000000000000000,|||,|||,|||,|||,|||,|||,|||,|||,|||,|||
211.233.11.164,211.233.11.164,00000000000000000000000000000000000000000000000000000000000000,|||,|||,|||,|||,|||,|||,|||,|||,|||,|||
211.118.201.7,211.118.201.7,00000000000000000000000000000000000000000000000000000000000000,|||,|||,|||,|||,|||,|||,|||,|||,|||,|||
211.137.103.87,211.137.103.87,00000000000000000000000000000000000000000000000000000000000000,|||,|||,|||,|||,|||,|||,|||,|||,|||,|||
211.92.76.212,211.92.76.212,00000000000000000000000000000000000000000000000000000000000000,|||,|||,|||,|||,|||,|||,|||,|||,|||,|||
210.30.193.124,210.30.193.124,00000000000000000000000000000000000000000000000000000000000000,|||,|||,|||,|||,|||,|||,|||,|||,|||,|||
211.136.225.43,211.136.225.43,00000000000000000000000000000000000000000000000000000000000000,|||,|||,|||,|||,|||,|||,|||,|||,|||,|||
212.112.108.122,212.112.108.122,00000000000000000000000000000000000000000000000000000000000000,|||,|||,|||,|||,|||,|||,|||,|||,|||,|||
212.192.219.156,212.192.219.156,00000000000000000000000000000000000000000000000000000000000000,|||,|||,|||,|||,|||,|||,|||,|||,|||,|||
212.192.219.138,212.192.219.138,00000000000000000000000000000000000000000000000000000000000000,|||,|||,|||,|||,|||,|||,|||,|||,|||,|||
211.75.166.244,211.75.166.244,00000000000000000000000000000000000000000000000000000000000000,|||,|||,|||,|||,|||,|||,|||,|||,|||,|||
211.103.93.131,211.103.93.131,00000000000000000000000000000000000000000000000000000000000000,|||,|||,|||,|||,|||,|||,|||,|||,|||,|||
212.252.134.70,212.252.134.70,00000000000000000000000000000000000000000000000000000000000000,|||,|||,|||,|||,|||,|||,|||,|||,|||,|||
212.129.221.249,212.129.221.249,00000000000000000000000000000000000000000000000000000000000000,|||,|||,|||,|||,|||,|||,|||,|||,|||,|||
212.193.30.231,212.193.30.231,00000000000000000000000000000000000000000000000000000000000000,|||,|||,|||,|||,|||,|||,|||,|||,|||,|||
212.156.68.252,212.156.68.252,00000000000000000000000000000000000000000000000000000000000000,|||,|||,|||,|||,|||,|||,|||,|||,|||,|||
212.192.246.18,212.192.246.18,00000000000000000000000000000000000000000000000000000000000000,|||,|||,|||,|||,|||,|||,|||,|||,|||,|||
212.192.246.192,212.192.246.192,00000000000000000000000000000000000000000000000000000000000000,|||,|||,|||,|||,|||,|||,|||,|||,|||,|||
212.192.219.144,212.192.219.144,00000000000000000000000000000000000000000000000000000000000000,|||,|||,|||,|||,|||,|||,|||,|||,|||,|||
212.159.133.152,212.159.133.152,00000000000000000000000000000000000000000000000000000000000000,|||,|||,|||,|||,|||,|||,|||,|||,|||,|||
212.156.115.145,212.156.115.145,00000000000000000000000000000000000000000000000000000000000000,|||,|||,|||,|||,|||,|||,|||,|||,|||,|||
212.192.219.137,212.192.219.137,00000000000000000000000000000000000000000000000000000000000000,|||,|||,|||,|||,|||,|||,|||,|||,|||,|||
212.248.84.130,212.248.84.130,00000000000000000000000000000000000000000000000000000000000000,|||,|||,|||,|||,|||,|||,|||,|||,|||,|||
212.231.226.35,212.231.226.35,00000000000000000000000000000000000000000000000000000000000000,|||,|||,|||,|||,|||,|||,|||,|||,|||,|||
212.2.246.251,212.2.246.251,00000000000000000000000000000000000000000000000000000000000000,|||,|||,|||,|||,|||,|||,|||,|||,|||,|||
212.192.246.220,212.192.246.220,00000000000000000000000000000000000000000000000000000000000000,|||,|||,|||,|||,|||,|||,|||,|||,|||,|||
212.193.30.198,212.193.30.198,00000000000000000000000000000000000000000000000000000000000000,|||,|||,|||,|||,|||,|||,|||,|||,|||,|||
212.45.80.166,212.45.80.166,00000000000000000000000000000000000000000000000000000000000000,|||,|||,|||,|||,|||,|||,|||,|||,|||,|||
212.45.80.243,212.45.80.243,00000000000000000000000000000000000000000000000000000000000000,|||,|||,|||,|||,|||,|||,|||,|||,|||,|||
212.48.66.144,212.48.66.144,00000000000000000000000000000000000000000000000000000000000000,|||,|||,|||,|||,|||,|||,|||,|||,|||,|||
212.64.218.36,212.64.218.36,00000000000000000000000000000000000000000000000000000000000000,|||,|||,|||,|||,|||,|||,|||,|||,|||,|||
212.71.237.247,212.71.237.247,00000000000000000000000000000000000000000000000000000000000000,|||,|||,|||,|||,|||,|||,|||,|||,|||,|||
213.135.86.10,213.135.86.10,00000000000000000000000000000000000000000000000000000000000000,|||,|||,|||,|||,|||,|||,|||,|||,|||,|||
213.114.126.107,213.114.126.107,00000000000000000000000000000000000000000000000000000000000000,|||,|||,|||,|||,|||,|||,|||,|||,|||,|||
212.69.113.146,212.69.113.146,00000000000000000000000000000000000000000000000000000000000000,|||,|||,|||,|||,|||,|||,|||,|||,|||,|||
212.93.112.56,212.93.112.56,00000000000000000000000000000000000000000000000000000000000000,|||,|||,|||,|||,|||,|||,|||,|||,|||,|||
213.120.122.141,213.120.122.141,00000000000000000000000000000000000000000000000000000000000000,|||,|||,|||,|||,|||,|||,|||,|||,|||,|||
213.150.174.34,213.150.174.34,00000000000000000000000000000000000000000000000000000000000000,|||,|||,|||,|||,|||,|||,|||,|||,|||,|||
211.149.160.138,211.149.160.138,00000000000000000000000000000000000000000000000000000000000000,|||,|||,|||,|||,|||,|||,|||,|||,|||,|||
213.153.154.73,213.153.154.73,00000000000000000000000000000000000000000000000000000000000000,|||,|||,|||,|||,|||,|||,|||,|||,|||,|||
213.186.174.61,213.186.174.61,00000000000000000000000000000000000000000000000000000000000000,|||,|||,|||,|||,|||,|||,|||,|||,|||,|||
213.14.175.155,213.14.175.155,00000000000000000000000000000000000000000000000000000000000000,|||,|||,|||,|||,|||,|||,|||,|||,|||,|||
219.85.62.137,219.85.62.137,04b02b00004b04b04b04b02b04b04b9674c6b4e623ae36cc2d998e99e2262e,000a|0301||ff01-0023,0005|0301||ff01-0023,|||,000a|0301||ff01-0023,000a|0301||ff01-0023,000a|0301||ff01-0023,000a|0301||ff01-0023,0005|0301||ff01-0023,000a|0301||ff01-0023,000a|0301||ff01-0023
213.195.121.247,213.195.121.247,00000000000000000000000000000000000000000000000000000000000000,|||,|||,|||,|||,|||,|||,|||,|||,|||,|||
213.91.181.117,213.91.181.117,00000000000000000000000000000000000000000000000000000000000000,|||,|||,|||,|||,|||,|||,|||,|||,|||,|||
213.230.69.243,213.230.69.243,00000000000000000000000000000000000000000000000000000000000000,|||,|||,|||,|||,|||,|||,|||,|||,|||,|||
213.251.224.20,213.251.224.20,00000000000000000000000000000000000000000000000000000000000000,|||,|||,|||,|||,|||,|||,|||,|||,|||,|||
213.202.233.89,213.202.233.89,00000000000000000000000000000000000000000000000000000000000000,|||,|||,|||,|||,|||,|||,|||,|||,|||,|||
216.131.88.128,216.131.88.128,00000000000000000000000000000000000000000000000000000000000000,|||,|||,|||,|||,|||,|||,|||,|||,|||,|||
213.52.59.101,213.52.59.101,00000000000000000000000000000000000000000000000000000000000000,|||,|||,|||,|||,|||,|||,|||,|||,|||,|||
213.89.224.118,213.89.224.118,00000000000000000000000000000000000000000000000000000000000000,|||,|||,|||,|||,|||,|||,|||,|||,|||,|||
216.117.225.111,216.117.225.111,00000000000000000000000000000000000000000000000000000000000000,|||,|||,|||,|||,|||,|||,|||,|||,|||,|||
216.46.134.215,216.46.134.215,00000000000000000000000000000000000000000000000000000000000000,|||,|||,|||,|||,|||,|||,|||,|||,|||,|||
216.131.88.59,216.131.88.59,00000000000000000000000000000000000000000000000000000000000000,|||,|||,|||,|||,|||,|||,|||,|||,|||,|||
213.89.1.208,213.89.1.208,00000000000000000000000000000000000000000000000000000000000000,|||,|||,|||,|||,|||,|||,|||,|||,|||,|||
216.250.248.60,216.250.248.60,00000000000000000000000000000000000000000000000000000000000000,|||,|||,|||,|||,|||,|||,|||,|||,|||,|||
216.45.53.135,216.45.53.135,00000000000000000000000000000000000000000000000000000000000000,|||,|||,|||,|||,|||,|||,|||,|||,|||,|||
188.131.140.74,188.131.140.74,00000000000000000000000000000000000000000000000000000000000000,|||,|||,|||,|||,|||,|||,|||,|||,|||,|||
216.8.135.32,216.8.135.32,00000000000000000000000000000000000000000000000000000000000000,|||,|||,|||,|||,|||,|||,|||,|||,|||,|||
217.138.217.54,217.138.217.54,00000000000000000000000000000000000000000000000000000000000000,|||,|||,|||,|||,|||,|||,|||,|||,|||,|||
210.22.82.34,210.22.82.34,00000000000000000000000000000000000000000000000000000000000000,|||,|||,|||,|||,|||,|||,|||,|||,|||,|||
216.181.127.132,216.181.127.132,00000000000000000000000000000000000000000000000000000000000000,|||,|||,|||,|||,|||,|||,|||,|||,|||,|||
213.195.127.111,213.195.127.111,00000000000000000000000000000000000000000000000000000000000000,|||,|||,|||,|||,|||,|||,|||,|||,|||,|||
217.182.16.11,217.182.16.11,00000000000000000000000000000000000000000000000000000000000000,|||,|||,|||,|||,|||,|||,|||,|||,|||,|||
218.104.153.60,218.104.153.60,00000000000000000000000000000000000000000000000000000000000000,|||,|||,|||,|||,|||,|||,|||,|||,|||,|||
218.200.114.155,218.200.114.155,00000000000000000000000000000000000000000000000000000000000000,|||,|||,|||,|||,|||,|||,|||,|||,|||,|||
218.203.175.99,218.203.175.99,00000000000000000000000000000000000000000000000000000000000000,|||,|||,|||,|||,|||,|||,|||,|||,|||,|||
218.206.226.178,218.206.226.178,00000000000000000000000000000000000000000000000000000000000000,|||,|||,|||,|||,|||,|||,|||,|||,|||,|||
218.202.122.154,218.202.122.154,00000000000000000000000000000000000000000000000000000000000000,|||,|||,|||,|||,|||,|||,|||,|||,|||,|||
218.237.64.45,218.237.64.45,00000000000000000000000000000000000000000000000000000000000000,|||,|||,|||,|||,|||,|||,|||,|||,|||,|||
218.233.224.13,218.233.224.13,00000000000000000000000000000000000000000000000000000000000000,|||,|||,|||,|||,|||,|||,|||,|||,|||,|||
218.13.174.238,218.13.174.238,00000000000000000000000000000000000000000000000000000000000000,|||,|||,|||,|||,|||,|||,|||,|||,|||,|||
218.201.223.247,218.201.223.247,00000000000000000000000000000000000000000000000000000000000000,|||,|||,|||,|||,|||,|||,|||,|||,|||,|||
218.17.176.25,218.17.176.25,00000000000000000000000000000000000000000000000000000000000000,|||,|||,|||,|||,|||,|||,|||,|||,|||,|||
216.177.188.182,216.177.188.182,00000000000000000000000000000000000000000000000000000000000000,|||,|||,|||,|||,|||,|||,|||,|||,|||,|||
218.15.58.38,218.15.58.38,00000000000000000000000000000000000000000000000000000000000000,|||,|||,|||,|||,|||,|||,|||,|||,|||,|||
206.105.213.151,206.105.213.151,00000000000000000000000000000000000000000000000000000000000000,|||,|||,|||,|||,|||,|||,|||,|||,|||,|||
218.206.213.19,218.206.213.19,00000000000000000000000000000000000000000000000000000000000000,|||,|||,|||,|||,|||,|||,|||,|||,|||,|||
217.11.165.235,217.11.165.235,00000000000000000000000000000000000000000000000000000000000000,|||,|||,|||,|||,|||,|||,|||,|||,|||,|||
218.17.129.246,218.17.129.246,00000000000000000000000000000000000000000000000000000000000000,|||,|||,|||,|||,|||,|||,|||,|||,|||,|||
218.201.248.239,218.201.248.239,00000000000000000000000000000000000000000000000000000000000000,|||,|||,|||,|||,|||,|||,|||,|||,|||,|||
217.117.14.196,217.117.14.196,00000000000000000000000000000000000000000000000000000000000000,|||,|||,|||,|||,|||,|||,|||,|||,|||,|||
218.188.153.38,218.188.153.38,00000000000000000000000000000000000000000000000000000000000000,|||,|||,|||,|||,|||,|||,|||,|||,|||,|||
218.31.95.82,218.31.95.82,00000000000000000000000000000000000000000000000000000000000000,|||,|||,|||,|||,|||,|||,|||,|||,|||,|||
218.204.145.182,218.204.145.182,00000000000000000000000000000000000000000000000000000000000000,|||,|||,|||,|||,|||,|||,|||,|||,|||,|||
218.23.57.244,218.23.57.244,00000000000000000000000000000000000000000000000000000000000000,|||,|||,|||,|||,|||,|||,|||,|||,|||,|||
218.23.41.112,218.23.41.112,00000000000000000000000000000000000000000000000000000000000000,|||,|||,|||,|||,|||,|||,|||,|||,|||,|||
218.234.91.46,218.234.91.46,00000000000000000000000000000000000000000000000000000000000000,|||,|||,|||,|||,|||,|||,|||,|||,|||,|||
218.104.199.2,218.104.199.2,00000000000000000000000000000000000000000000000000000000000000,|||,|||,|||,|||,|||,|||,|||,|||,|||,|||
218.22.100.50,218.22.100.50,00000000000000000000000000000000000000000000000000000000000000,|||,|||,|||,|||,|||,|||,|||,|||,|||,|||
218.237.64.70,218.237.64.70,00000000000000000000000000000000000000000000000000000000000000,|||,|||,|||,|||,|||,|||,|||,|||,|||,|||
217.175.216.128,217.175.216.128,00000000000000000000000000000000000000000000000000000000000000,|||,|||,|||,|||,|||,|||,|||,|||,|||,|||
218.17.129.243,218.17.129.243,00000000000000000000000000000000000000000000000000000000000000,|||,|||,|||,|||,|||,|||,|||,|||,|||,|||
218.252.34.199,218.252.34.199,00000000000000000000000000000000000000000000000000000000000000,|||,|||,|||,|||,|||,|||,|||,|||,|||,|||
217.114.178.86,217.114.178.86,00000000000000000000000000000000000000000000000000000000000000,|||,|||,|||,|||,|||,|||,|||,|||,|||,|||
218.106.145.21,218.106.145.21,00000000000000000000000000000000000000000000000000000000000000,|||,|||,|||,|||,|||,|||,|||,|||,|||,|||
218.25.224.23,218.25.224.23,00000000000000000000000000000000000000000000000000000000000000,|||,|||,|||,|||,|||,|||,|||,|||,|||,|||
218.28.59.130,218.28.59.130,00000000000000000000000000000000000000000000000000000000000000,|||,|||,|||,|||,|||,|||,|||,|||,|||,|||
218.104.185.9,218.104.185.9,00000000000000000000000000000000000000000000000000000000000000,|||,|||,|||,|||,|||,|||,|||,|||,|||,|||
218.200.5.178,218.200.5.178,00000000000000000000000000000000000000000000000000000000000000,|||,|||,|||,|||,|||,|||,|||,|||,|||,|||
218.103.210.41,218.103.210.41,00000000000000000000000000000000000000000000000000000000000000,|||,|||,|||,|||,|||,|||,|||,|||,|||,|||
218.4.61.86,218.4.61.86,00000000000000000000000000000000000000000000000000000000000000,|||,|||,|||,|||,|||,|||,|||,|||,|||,|||
217.180.246.185,217.180.246.185,00000000000000000000000000000000000000000000000000000000000000,|||,|||,|||,|||,|||,|||,|||,|||,|||,|||
217.219.92.89,217.219.92.89,00000000000000000000000000000000000000000000000000000000000000,|||,|||,|||,|||,|||,|||,|||,|||,|||,|||
217.208.160.179,217.208.160.179,00000000000000000000000000000000000000000000000000000000000000,|||,|||,|||,|||,|||,|||,|||,|||,|||,|||
218.249.50.143,218.249.50.143,00000000000000000000000000000000000000000000000000000000000000,|||,|||,|||,|||,|||,|||,|||,|||,|||,|||
217.43.3.141,217.43.3.141,00000000000000000000000000000000000000000000000000000000000000,|||,|||,|||,|||,|||,|||,|||,|||,|||,|||
218.56.12.138,218.56.12.138,00000000000000000000000000000000000000000000000000000000000000,|||,|||,|||,|||,|||,|||,|||,|||,|||,|||
218.29.61.84,218.29.61.84,00000000000000000000000000000000000000000000000000000000000000,|||,|||,|||,|||,|||,|||,|||,|||,|||,|||
217.70.23.114,217.70.23.114,00000000000000000000000000000000000000000000000000000000000000,|||,|||,|||,|||,|||,|||,|||,|||,|||,|||
218.35.165.208,218.35.165.208,00000000000000000000000000000000000000000000000000000000000000,|||,|||,|||,|||,|||,|||,|||,|||,|||,|||
218.51.52.193,218.51.52.193,00000000000000000000000000000000000000000000000000000000000000,|||,|||,|||,|||,|||,|||,|||,|||,|||,|||
217.174.150.224,217.174.150.224,00000000000000000000000000000000000000000000000000000000000000,|||,|||,|||,|||,|||,|||,|||,|||,|||,|||
218.249.104.50,218.249.104.50,00000000000000000000000000000000000000000000000000000000000000,|||,|||,|||,|||,|||,|||,|||,|||,|||,|||
217.30.74.227,217.30.74.227,00000000000000000000000000000000000000000000000000000000000000,|||,|||,|||,|||,|||,|||,|||,|||,|||,|||
218.10.28.58,218.10.28.58,00000000000000000000000000000000000000000000000000000000000000,|||,|||,|||,|||,|||,|||,|||,|||,|||,|||
217.219.27.123,217.219.27.123,00000000000000000000000000000000000000000000000000000000000000,|||,|||,|||,|||,|||,|||,|||,|||,|||,|||
218.50.165.92,218.50.165.92,00000000000000000000000000000000000000000000000000000000000000,|||,|||,|||,|||,|||,|||,|||,|||,|||,|||
217.66.207.70,217.66.207.70,00000000000000000000000000000000000000000000000000000000000000,|||,|||,|||,|||,|||,|||,|||,|||,|||,|||
218.5.250.101,218.5.250.101,00000000000000000000000000000000000000000000000000000000000000,|||,|||,|||,|||,|||,|||,|||,|||,|||,|||
217.195.204.26,217.195.204.26,00000000000000000000000000000000000000000000000000000000000000,|||,|||,|||,|||,|||,|||,|||,|||,|||,|||
218.253.29.116,218.253.29.116,00000000000000000000000000000000000000000000000000000000000000,|||,|||,|||,|||,|||,|||,|||,|||,|||,|||
217.215.241.208,217.215.241.208,00000000000000000000000000000000000000000000000000000000000000,|||,|||,|||,|||,|||,|||,|||,|||,|||,|||
217.199.231.103,217.199.231.103,00000000000000000000000000000000000000000000000000000000000000,|||,|||,|||,|||,|||,|||,|||,|||,|||,|||
218.15.120.98,218.15.120.98,00000000000000000000000000000000000000000000000000000000000000,|||,|||,|||,|||,|||,|||,|||,|||,|||,|||
218.59.68.24,218.59.68.24,00000000000000000000000000000000000000000000000000000000000000,|||,|||,|||,|||,|||,|||,|||,|||,|||,|||
217.199.238.233,217.199.238.233,00000000000000000000000000000000000000000000000000000000000000,|||,|||,|||,|||,|||,|||,|||,|||,|||,|||
218.37.88.42,218.37.88.42,00000000000000000000000000000000000000000000000000000000000000,|||,|||,|||,|||,|||,|||,|||,|||,|||,|||
217.25.215.82,217.25.215.82,00000000000000000000000000000000000000000000000000000000000000,|||,|||,|||,|||,|||,|||,|||,|||,|||,|||
218.252.10.189,218.252.10.189,00000000000000000000000000000000000000000000000000000000000000,|||,|||,|||,|||,|||,|||,|||,|||,|||,|||
218.29.194.62,218.29.194.62,00000000000000000000000000000000000000000000000000000000000000,|||,|||,|||,|||,|||,|||,|||,|||,|||,|||
218.247.253.180,218.247.253.180,00000000000000000000000000000000000000000000000000000000000000,|||,|||,|||,|||,|||,|||,|||,|||,|||,|||
218.200.5.183,218.200.5.183,00000000000000000000000000000000000000000000000000000000000000,|||,|||,|||,|||,|||,|||,|||,|||,|||,|||
218.10.137.199,218.10.137.199,00000000000000000000000000000000000000000000000000000000000000,|||,|||,|||,|||,|||,|||,|||,|||,|||,|||
218.24.2.141,218.24.2.141,00000000000000000000000000000000000000000000000000000000000000,|||,|||,|||,|||,|||,|||,|||,|||,|||,|||
218.58.172.102,218.58.172.102,00000000000000000000000000000000000000000000000000000000000000,|||,|||,|||,|||,|||,|||,|||,|||,|||,|||
218.28.207.122,218.28.207.122,00000000000000000000000000000000000000000000000000000000000000,|||,|||,|||,|||,|||,|||,|||,|||,|||,|||
218.14.150.104,218.14.150.104,00000000000000000000000000000000000000000000000000000000000000,|||,|||,|||,|||,|||,|||,|||,|||,|||,|||
218.56.137.238,218.56.137.238,00000000000000000000000000000000000000000000000000000000000000,|||,|||,|||,|||,|||,|||,|||,|||,|||,|||
218.22.77.94,218.22.77.94,00000000000000000000000000000000000000000000000000000000000000,|||,|||,|||,|||,|||,|||,|||,|||,|||,|||
218.67.89.170,218.67.89.170,00000000000000000000000000000000000000000000000000000000000000,|||,|||,|||,|||,|||,|||,|||,|||,|||,|||
218.6.224.50,218.6.224.50,00000000000000000000000000000000000000000000000000000000000000,|||,|||,|||,|||,|||,|||,|||,|||,|||,|||
218.77.105.235,218.77.105.235,00000000000000000000000000000000000000000000000000000000000000,|||,|||,|||,|||,|||,|||,|||,|||,|||,|||
218.75.47.242,218.75.47.242,00000000000000000000000000000000000000000000000000000000000000,|||,|||,|||,|||,|||,|||,|||,|||,|||,|||
218.76.216.158,218.76.216.158,00000000000000000000000000000000000000000000000000000000000000,|||,|||,|||,|||,|||,|||,|||,|||,|||,|||
218.68.5.130,218.68.5.130,00000000000000000000000000000000000000000000000000000000000000,|||,|||,|||,|||,|||,|||,|||,|||,|||,|||
218.88.156.115,218.88.156.115,00000000000000000000000000000000000000000000000000000000000000,|||,|||,|||,|||,|||,|||,|||,|||,|||,|||
218.88.157.111,218.88.157.111,00000000000000000000000000000000000000000000000000000000000000,|||,|||,|||,|||,|||,|||,|||,|||,|||,|||
218.93.8.14,218.93.8.14,00000000000000000000000000000000000000000000000000000000000000,|||,|||,|||,|||,|||,|||,|||,|||,|||,|||
218.9.149.38,218.9.149.38,00000000000000000000000000000000000000000000000000000000000000,|||,|||,|||,|||,|||,|||,|||,|||,|||,|||
218.86.196.162,218.86.196.162,00000000000000000000000000000000000000000000000000000000000000,|||,|||,|||,|||,|||,|||,|||,|||,|||,|||
219.128.144.255,219.128.144.255,00000000000000000000000000000000000000000000000000000000000000,|||,|||,|||,|||,|||,|||,|||,|||,|||,|||
218.74.149.52,218.74.149.52,00000000000000000000000000000000000000000000000000000000000000,|||,|||,|||,|||,|||,|||,|||,|||,|||,|||
218.76.62.10,218.76.62.10,00000000000000000000000000000000000000000000000000000000000000,|||,|||,|||,|||,|||,|||,|||,|||,|||,|||
219.139.83.165,219.139.83.165,00000000000000000000000000000000000000000000000000000000000000,|||,|||,|||,|||,|||,|||,|||,|||,|||,|||
218.91.49.164,218.91.49.164,00000000000000000000000000000000000000000000000000000000000000,|||,|||,|||,|||,|||,|||,|||,|||,|||,|||
218.79.253.62,218.79.253.62,00000000000000000000000000000000000000000000000000000000000000,|||,|||,|||,|||,|||,|||,|||,|||,|||,|||
219.145.144.84,219.145.144.84,00000000000000000000000000000000000000000000000000000000000000,|||,|||,|||,|||,|||,|||,|||,|||,|||,|||
218.62.91.252,218.62.91.252,00000000000000000000000000000000000000000000000000000000000000,|||,|||,|||,|||,|||,|||,|||,|||,|||,|||
218.75.56.141,218.75.56.141,00000000000000000000000000000000000000000000000000000000000000,|||,|||,|||,|||,|||,|||,|||,|||,|||,|||
218.79.6.181,218.79.6.181,00000000000000000000000000000000000000000000000000000000000000,|||,|||,|||,|||,|||,|||,|||,|||,|||,|||
218.90.212.52,218.90.212.52,00000000000000000000000000000000000000000000000000000000000000,|||,|||,|||,|||,|||,|||,|||,|||,|||,|||
218.89.155.33,218.89.155.33,00000000000000000000000000000000000000000000000000000000000000,|||,|||,|||,|||,|||,|||,|||,|||,|||,|||
219.121.157.50,219.121.157.50,00000000000000000000000000000000000000000000000000000000000000,|||,|||,|||,|||,|||,|||,|||,|||,|||,|||
219.128.144.209,219.128.144.209,00000000000000000000000000000000000000000000000000000000000000,|||,|||,|||,|||,|||,|||,|||,|||,|||,|||
218.81.184.213,218.81.184.213,00000000000000000000000000000000000000000000000000000000000000,|||,|||,|||,|||,|||,|||,|||,|||,|||,|||
219.145.168.194,219.145.168.194,00000000000000000000000000000000000000000000000000000000000000,|||,|||,|||,|||,|||,|||,|||,|||,|||,|||
219.121.158.46,219.121.158.46,00000000000000000000000000000000000000000000000000000000000000,|||,|||,|||,|||,|||,|||,|||,|||,|||,|||
218.89.143.252,218.89.143.252,00000000000000000000000000000000000000000000000000000000000000,|||,|||,|||,|||,|||,|||,|||,|||,|||,|||
218.94.87.175,218.94.87.175,00000000000000000000000000000000000000000000000000000000000000,|||,|||,|||,|||,|||,|||,|||,|||,|||,|||
218.88.250.6,218.88.250.6,00000000000000000000000000000000000000000000000000000000000000,|||,|||,|||,|||,|||,|||,|||,|||,|||,|||
219.135.206.130,219.135.206.130,00000000000000000000000000000000000000000000000000000000000000,|||,|||,|||,|||,|||,|||,|||,|||,|||,|||
219.140.93.175,219.140.93.175,00000000000000000000000000000000000000000000000000000000000000,|||,|||,|||,|||,|||,|||,|||,|||,|||,|||
219.136.3.55,219.136.3.55,00000000000000000000000000000000000000000000000000000000000000,|||,|||,|||,|||,|||,|||,|||,|||,|||,|||
219.139.24.20,219.139.24.20,00000000000000000000000000000000000000000000000000000000000000,|||,|||,|||,|||,|||,|||,|||,|||,|||,|||
218.81.185.94,218.81.185.94,00000000000000000000000000000000000000000000000000000000000000,|||,|||,|||,|||,|||,|||,|||,|||,|||,|||
219.145.222.252,219.145.222.252,00000000000000000000000000000000000000000000000000000000000000,|||,|||,|||,|||,|||,|||,|||,|||,|||,|||
218.8.241.210,218.8.241.210,00000000000000000000000000000000000000000000000000000000000000,|||,|||,|||,|||,|||,|||,|||,|||,|||,|||
219.147.238.60,219.147.238.60,00000000000000000000000000000000000000000000000000000000000000,|||,|||,|||,|||,|||,|||,|||,|||,|||,|||
219.240.85.88,219.240.85.88,00000000000000000000000000000000000000000000000000000000000000,|||,|||,|||,|||,|||,|||,|||,|||,|||,|||
219.128.144.211,219.128.144.211,00000000000000000000000000000000000000000000000000000000000000,|||,|||,|||,|||,|||,|||,|||,|||,|||,|||
219.145.244.87,219.145.244.87,00000000000000000000000000000000000000000000000000000000000000,|||,|||,|||,|||,|||,|||,|||,|||,|||,|||
219.147.205.228,219.147.205.228,00000000000000000000000000000000000000000000000000000000000000,|||,|||,|||,|||,|||,|||,|||,|||,|||,|||
219.155.211.82,219.155.211.82,00000000000000000000000000000000000000000000000000000000000000,|||,|||,|||,|||,|||,|||,|||,|||,|||,|||
219.157.241.234,219.157.241.234,00000000000000000000000000000000000000000000000000000000000000,|||,|||,|||,|||,|||,|||,|||,|||,|||,|||
219.154.47.219,219.154.47.219,00000000000000000000000000000000000000000000000000000000000000,|||,|||,|||,|||,|||,|||,|||,|||,|||,|||
218.88.164.110,218.88.164.110,00000000000000000000000000000000000000000000000000000000000000,|||,|||,|||,|||,|||,|||,|||,|||,|||,|||
219.147.205.226,219.147.205.226,00000000000000000000000000000000000000000000000000000000000000,|||,|||,|||,|||,|||,|||,|||,|||,|||,|||
218.76.169.51,218.76.169.51,00000000000000000000000000000000000000000000000000000000000000,|||,|||,|||,|||,|||,|||,|||,|||,|||,|||
219.157.171.175,219.157.171.175,00000000000000000000000000000000000000000000000000000000000000,|||,|||,|||,|||,|||,|||,|||,|||,|||,|||
219.138.227.225,219.138.227.225,00000000000000000000000000000000000000000000000000000000000000,|||,|||,|||,|||,|||,|||,|||,|||,|||,|||
219.77.212.87,219.77.212.87,00000000000000000000000000000000000000000000000000000000000000,|||,|||,|||,|||,|||,|||,|||,|||,|||,|||
219.159.109.237,219.159.109.237,00000000000000000000000000000000000000000000000000000000000000,|||,|||,|||,|||,|||,|||,|||,|||,|||,|||
219.145.198.62,219.145.198.62,00000000000000000000000000000000000000000000000000000000000000,|||,|||,|||,|||,|||,|||,|||,|||,|||,|||
219.146.152.154,219.146.152.154,00000000000000000000000000000000000000000000000000000000000000,|||,|||,|||,|||,|||,|||,|||,|||,|||,|||
219.149.193.180,219.149.193.180,00000000000000000000000000000000000000000000000000000000000000,|||,|||,|||,|||,|||,|||,|||,|||,|||,|||
218.64.84.132,218.64.84.132,00000000000000000000000000000000000000000000000000000000000000,|||,|||,|||,|||,|||,|||,|||,|||,|||,|||
218.81.4.15,218.81.4.15,00000000000000000000000000000000000000000000000000000000000000,|||,|||,|||,|||,|||,|||,|||,|||,|||,|||
219.138.68.83,219.138.68.83,00000000000000000000000000000000000000000000000000000000000000,|||,|||,|||,|||,|||,|||,|||,|||,|||,|||
219.159.164.75,219.159.164.75,00000000000000000000000000000000000000000000000000000000000000,|||,|||,|||,|||,|||,|||,|||,|||,|||,|||
219.136.0.32,219.136.0.32,00000000000000000000000000000000000000000000000000000000000000,|||,|||,|||,|||,|||,|||,|||,|||,|||,|||
219.148.91.79,219.148.91.79,00000000000000000000000000000000000000000000000000000000000000,|||,|||,|||,|||,|||,|||,|||,|||,|||,|||
219.147.205.230,219.147.205.230,00000000000000000000000000000000000000000000000000000000000000,|||,|||,|||,|||,|||,|||,|||,|||,|||,|||
219.139.158.116,219.139.158.116,00000000000000000000000000000000000000000000000000000000000000,|||,|||,|||,|||,|||,|||,|||,|||,|||,|||
219.131.242.26,219.131.242.26,00000000000000000000000000000000000000000000000000000000000000,|||,|||,|||,|||,|||,|||,|||,|||,|||,|||
219.79.198.59,219.79.198.59,00000000000000000000000000000000000000000000000000000000000000,|||,|||,|||,|||,|||,|||,|||,|||,|||,|||
219.78.19.1,219.78.19.1,00000000000000000000000000000000000000000000000000000000000000,|||,|||,|||,|||,|||,|||,|||,|||,|||,|||
219.89.196.131,219.89.196.131,00000000000000000000000000000000000000000000000000000000000000,|||,|||,|||,|||,|||,|||,|||,|||,|||,|||
219.79.54.70,219.79.54.70,00000000000000000000000000000000000000000000000000000000000000,|||,|||,|||,|||,|||,|||,|||,|||,|||,|||
219.79.91.148,219.79.91.148,00000000000000000000000000000000000000000000000000000000000000,|||,|||,|||,|||,|||,|||,|||,|||,|||,|||
212.34.7.197,212.34.7.197,00000000000000000000000000000000000000000000000000000000000000,|||,|||,|||,|||,|||,|||,|||,|||,|||,|||
219.145.156.158,219.145.156.158,00000000000000000000000000000000000000000000000000000000000000,|||,|||,|||,|||,|||,|||,|||,|||,|||,|||
219.155.208.165,219.155.208.165,00000000000000000000000000000000000000000000000000000000000000,|||,|||,|||,|||,|||,|||,|||,|||,|||,|||
219.147.76.9,219.147.76.9,00000000000000000000000000000000000000000000000000000000000000,|||,|||,|||,|||,|||,|||,|||,|||,|||,|||
220.133.110.106,220.133.110.106,00000000000000000000000000000000000000000000000000000000000000,|||,|||,|||,|||,|||,|||,|||,|||,|||,|||
220.132.183.139,220.132.183.139,00000000000000000000000000000000000000000000000000000000000000,|||,|||,|||,|||,|||,|||,|||,|||,|||,|||
219.147.194.122,219.147.194.122,00000000000000000000000000000000000000000000000000000000000000,|||,|||,|||,|||,|||,|||,|||,|||,|||,|||
219.147.205.231,219.147.205.231,00000000000000000000000000000000000000000000000000000000000000,|||,|||,|||,|||,|||,|||,|||,|||,|||,|||
220.112.207.212,220.112.207.212,00000000000000000000000000000000000000000000000000000000000000,|||,|||,|||,|||,|||,|||,|||,|||,|||,|||
220.120.30.87,220.120.30.87,00000000000000000000000000000000000000000000000000000000000000,|||,|||,|||,|||,|||,|||,|||,|||,|||,|||
220.120.222.153,220.120.222.153,00000000000000000000000000000000000000000000000000000000000000,|||,|||,|||,|||,|||,|||,|||,|||,|||,|||
219.151.155.75,219.151.155.75,00000000000000000000000000000000000000000000000000000000000000,|||,|||,|||,|||,|||,|||,|||,|||,|||,|||
218.88.248.66,218.88.248.66,00000000000000000000000000000000000000000000000000000000000000,|||,|||,|||,|||,|||,|||,|||,|||,|||,|||
220.132.68.109,220.132.68.109,00000000000000000000000000000000000000000000000000000000000000,|||,|||,|||,|||,|||,|||,|||,|||,|||,|||
218.89.222.16,218.89.222.16,00000000000000000000000000000000000000000000000000000000000000,|||,|||,|||,|||,|||,|||,|||,|||,|||,|||
220.115.18.5,220.115.18.5,00000000000000000000000000000000000000000000000000000000000000,|||,|||,|||,|||,|||,|||,|||,|||,|||,|||
220.134.160.236,220.134.160.236,04b02b00004b04b04b04b02b04b04b9674c6b4e623ae36cc2d998e99e2262e,000a|0301||ff01-0023,0005|0301||ff01-0023,|||,000a|0301||ff01-0023,000a|0301||ff01-0023,000a|0301||ff01-0023,000a|0301||ff01-0023,0005|0301||ff01-0023,000a|0301||ff01-0023,000a|0301||ff01-0023
219.152.52.220,219.152.52.220,00000000000000000000000000000000000000000000000000000000000000,|||,|||,|||,|||,|||,|||,|||,|||,|||,|||
219.77.245.38,219.77.245.38,00000000000000000000000000000000000000000000000000000000000000,|||,|||,|||,|||,|||,|||,|||,|||,|||,|||
159.75.29.212,159.75.29.212,00000000000000000000000000000000000000000000000000000000000000,|||,|||,|||,|||,|||,|||,|||,|||,|||,|||
219.159.228.48,219.159.228.48,00000000000000000000000000000000000000000000000000000000000000,|||,|||,|||,|||,|||,|||,|||,|||,|||,|||
220.165.152.23,220.165.152.23,00000000000000000000000000000000000000000000000000000000000000,|||,|||,|||,|||,|||,|||,|||,|||,|||,|||
220.133.235.181,220.133.235.181,00000000000000000000000000000000000000000000000000000000000000,|||,|||,|||,|||,|||,|||,|||,|||,|||,|||
220.161.7.6,220.161.7.6,00000000000000000000000000000000000000000000000000000000000000,|||,|||,|||,|||,|||,|||,|||,|||,|||,|||
220.133.34.78,220.133.34.78,00000000000000000000000000000000000000000000000000000000000000,|||,|||,|||,|||,|||,|||,|||,|||,|||,|||
220.180.222.67,220.180.222.67,00000000000000000000000000000000000000000000000000000000000000,|||,|||,|||,|||,|||,|||,|||,|||,|||,|||
220.173.208.40,220.173.208.40,00000000000000000000000000000000000000000000000000000000000000,|||,|||,|||,|||,|||,|||,|||,|||,|||,|||
220.161.77.42,220.161.77.42,00000000000000000000000000000000000000000000000000000000000000,|||,|||,|||,|||,|||,|||,|||,|||,|||,|||
220.172.162.96,220.172.162.96,00000000000000000000000000000000000000000000000000000000000000,|||,|||,|||,|||,|||,|||,|||,|||,|||,|||
220.165.78.71,220.165.78.71,00000000000000000000000000000000000000000000000000000000000000,|||,|||,|||,|||,|||,|||,|||,|||,|||,|||
220.178.69.156,220.178.69.156,00000000000000000000000000000000000000000000000000000000000000,|||,|||,|||,|||,|||,|||,|||,|||,|||,|||
220.162.149.83,220.162.149.83,00000000000000000000000000000000000000000000000000000000000000,|||,|||,|||,|||,|||,|||,|||,|||,|||,|||
220.164.62.139,220.164.62.139,00000000000000000000000000000000000000000000000000000000000000,|||,|||,|||,|||,|||,|||,|||,|||,|||,|||
220.180.50.89,220.180.50.89,00000000000000000000000000000000000000000000000000000000000000,|||,|||,|||,|||,|||,|||,|||,|||,|||,|||
220.165.152.201,220.165.152.201,00000000000000000000000000000000000000000000000000000000000000,|||,|||,|||,|||,|||,|||,|||,|||,|||,|||
220.179.241.111,220.179.241.111,00000000000000000000000000000000000000000000000000000000000000,|||,|||,|||,|||,|||,|||,|||,|||,|||,|||
219.159.109.233,219.159.109.233,00000000000000000000000000000000000000000000000000000000000000,|||,|||,|||,|||,|||,|||,|||,|||,|||,|||
220.180.159.220,220.180.159.220,00000000000000000000000000000000000000000000000000000000000000,|||,|||,|||,|||,|||,|||,|||,|||,|||,|||
220.178.179.85,220.178.179.85,00000000000000000000000000000000000000000000000000000000000000,|||,|||,|||,|||,|||,|||,|||,|||,|||,|||
220.163.125.18,220.163.125.18,00000000000000000000000000000000000000000000000000000000000000,|||,|||,|||,|||,|||,|||,|||,|||,|||,|||
220.165.8.9,220.165.8.9,00000000000000000000000000000000000000000000000000000000000000,|||,|||,|||,|||,|||,|||,|||,|||,|||,|||
220.179.83.46,220.179.83.46,00000000000000000000000000000000000000000000000000000000000000,|||,|||,|||,|||,|||,|||,|||,|||,|||,|||
220.165.15.250,220.165.15.250,00000000000000000000000000000000000000000000000000000000000000,|||,|||,|||,|||,|||,|||,|||,|||,|||,|||
220.165.153.144,220.165.153.144,00000000000000000000000000000000000000000000000000000000000000,|||,|||,|||,|||,|||,|||,|||,|||,|||,|||
220.166.97.181,220.166.97.181,00000000000000000000000000000000000000000000000000000000000000,|||,|||,|||,|||,|||,|||,|||,|||,|||,|||
220.180.170.17,220.180.170.17,00000000000000000000000000000000000000000000000000000000000000,|||,|||,|||,|||,|||,|||,|||,|||,|||,|||
220.180.170.11,220.180.170.11,00000000000000000000000000000000000000000000000000000000000000,|||,|||,|||,|||,|||,|||,|||,|||,|||,|||
220.180.214.171,220.180.214.171,00000000000000000000000000000000000000000000000000000000000000,|||,|||,|||,|||,|||,|||,|||,|||,|||,|||
220.187.92.185,220.187.92.185,00000000000000000000000000000000000000000000000000000000000000,|||,|||,|||,|||,|||,|||,|||,|||,|||,|||
220.209.236.220,220.209.236.220,00000000000000000000000000000000000000000000000000000000000000,|||,|||,|||,|||,|||,|||,|||,|||,|||,|||
220.202.193.240,220.202.193.240,00000000000000000000000000000000000000000000000000000000000000,|||,|||,|||,|||,|||,|||,|||,|||,|||,|||
220.202.132.67,220.202.132.67,00000000000000000000000000000000000000000000000000000000000000,|||,|||,|||,|||,|||,|||,|||,|||,|||,|||
220.184.86.25,220.184.86.25,00000000000000000000000000000000000000000000000000000000000000,|||,|||,|||,|||,|||,|||,|||,|||,|||,|||
220.197.9.104,220.197.9.104,00000000000000000000000000000000000000000000000000000000000000,|||,|||,|||,|||,|||,|||,|||,|||,|||,|||
220.72.139.27,220.72.139.27,00000000000000000000000000000000000000000000000000000000000000,|||,|||,|||,|||,|||,|||,|||,|||,|||,|||
220.182.60.40,220.182.60.40,00000000000000000000000000000000000000000000000000000000000000,|||,|||,|||,|||,|||,|||,|||,|||,|||,|||
220.248.113.26,220.248.113.26,00000000000000000000000000000000000000000000000000000000000000,|||,|||,|||,|||,|||,|||,|||,|||,|||,|||
220.202.132.77,220.202.132.77,00000000000000000000000000000000000000000000000000000000000000,|||,|||,|||,|||,|||,|||,|||,|||,|||,|||
220.197.200.155,220.197.200.155,00000000000000000000000000000000000000000000000000000000000000,|||,|||,|||,|||,|||,|||,|||,|||,|||,|||
220.184.201.41,220.184.201.41,00000000000000000000000000000000000000000000000000000000000000,|||,|||,|||,|||,|||,|||,|||,|||,|||,|||
220.250.29.150,220.250.29.150,00000000000000000000000000000000000000000000000000000000000000,|||,|||,|||,|||,|||,|||,|||,|||,|||,|||
218.0.0.42,218.0.0.42,00000000000000000000000000000000000000000000000000000000000000,|||,|||,|||,|||,|||,|||,|||,|||,|||,|||
220.185.138.14,220.185.138.14,00000000000000000000000000000000000000000000000000000000000000,|||,|||,|||,|||,|||,|||,|||,|||,|||,|||
221.10.121.82,221.10.121.82,00000000000000000000000000000000000000000000000000000000000000,|||,|||,|||,|||,|||,|||,|||,|||,|||,|||
220.200.154.175,220.200.154.175,00000000000000000000000000000000000000000000000000000000000000,|||,|||,|||,|||,|||,|||,|||,|||,|||,|||
220.189.96.65,220.189.96.65,00000000000000000000000000000000000000000000000000000000000000,|||,|||,|||,|||,|||,|||,|||,|||,|||,|||
221.10.121.120,221.10.121.120,00000000000000000000000000000000000000000000000000000000000000,|||,|||,|||,|||,|||,|||,|||,|||,|||,|||
221.1.223.50,221.1.223.50,00000000000000000000000000000000000000000000000000000000000000,|||,|||,|||,|||,|||,|||,|||,|||,|||,|||
221.12.158.146,221.12.158.146,00000000000000000000000000000000000000000000000000000000000000,|||,|||,|||,|||,|||,|||,|||,|||,|||,|||
221.1.173.68,221.1.173.68,00000000000000000000000000000000000000000000000000000000000000,|||,|||,|||,|||,|||,|||,|||,|||,|||,|||
220.76.73.214,220.76.73.214,00000000000000000000000000000000000000000000000000000000000000,|||,|||,|||,|||,|||,|||,|||,|||,|||,|||
220.93.198.58,220.93.198.58,00000000000000000000000000000000000000000000000000000000000000,|||,|||,|||,|||,|||,|||,|||,|||,|||,|||
221.1.217.214,221.1.217.214,00000000000000000000000000000000000000000000000000000000000000,|||,|||,|||,|||,|||,|||,|||,|||,|||,|||
221.0.201.112,221.0.201.112,00000000000000000000000000000000000000000000000000000000000000,|||,|||,|||,|||,|||,|||,|||,|||,|||,|||
220.187.196.60,220.187.196.60,00000000000000000000000000000000000000000000000000000000000000,|||,|||,|||,|||,|||,|||,|||,|||,|||,|||
221.150.112.229,221.150.112.229,00000000000000000000000000000000000000000000000000000000000000,|||,|||,|||,|||,|||,|||,|||,|||,|||,|||
221.143.43.220,221.143.43.220,00000000000000000000000000000000000000000000000000000000000000,|||,|||,|||,|||,|||,|||,|||,|||,|||,|||
221.141.3.123,221.141.3.123,00000000000000000000000000000000000000000000000000000000000000,|||,|||,|||,|||,|||,|||,|||,|||,|||,|||
221.122.67.75,221.122.67.75,00000000000000000000000000000000000000000000000000000000000000,|||,|||,|||,|||,|||,|||,|||,|||,|||,|||
221.122.120.249,221.122.120.249,00000000000000000000000000000000000000000000000000000000000000,|||,|||,|||,|||,|||,|||,|||,|||,|||,|||
220.81.164.180,220.81.164.180,00000000000000000000000000000000000000000000000000000000000000,|||,|||,|||,|||,|||,|||,|||,|||,|||,|||
221.124.2.138,221.124.2.138,00000000000000000000000000000000000000000000000000000000000000,|||,|||,|||,|||,|||,|||,|||,|||,|||,|||
221.14.215.52,221.14.215.52,00000000000000000000000000000000000000000000000000000000000000,|||,|||,|||,|||,|||,|||,|||,|||,|||,|||
221.178.237.12,221.178.237.12,00000000000000000000000000000000000000000000000000000000000000,|||,|||,|||,|||,|||,|||,|||,|||,|||,|||
221.176.193.82,221.176.193.82,00000000000000000000000000000000000000000000000000000000000000,|||,|||,|||,|||,|||,|||,|||,|||,|||,|||
221.182.166.222,221.182.166.222,00000000000000000000000000000000000000000000000000000000000000,|||,|||,|||,|||,|||,|||,|||,|||,|||,|||
221.182.166.210,221.182.166.210,00000000000000000000000000000000000000000000000000000000000000,|||,|||,|||,|||,|||,|||,|||,|||,|||,|||
221.2.163.231,221.2.163.231,00000000000000000000000000000000000000000000000000000000000000,|||,|||,|||,|||,|||,|||,|||,|||,|||,|||
221.198.98.110,221.198.98.110,00000000000000000000000000000000000000000000000000000000000000,|||,|||,|||,|||,|||,|||,|||,|||,|||,|||
221.182.192.2,221.182.192.2,00000000000000000000000000000000000000000000000000000000000000,|||,|||,|||,|||,|||,|||,|||,|||,|||,|||
221.181.132.122,221.181.132.122,00000000000000000000000000000000000000000000000000000000000000,|||,|||,|||,|||,|||,|||,|||,|||,|||,|||
221.178.91.244,221.178.91.244,00000000000000000000000000000000000000000000000000000000000000,|||,|||,|||,|||,|||,|||,|||,|||,|||,|||
221.178.176.94,221.178.176.94,00000000000000000000000000000000000000000000000000000000000000,|||,|||,|||,|||,|||,|||,|||,|||,|||,|||
221.181.173.253,221.181.173.253,00000000000000000000000000000000000000000000000000000000000000,|||,|||,|||,|||,|||,|||,|||,|||,|||,|||
221.193.237.180,221.193.237.180,00000000000000000000000000000000000000000000000000000000000000,|||,|||,|||,|||,|||,|||,|||,|||,|||,|||
221.182.67.220,221.182.67.220,00000000000000000000000000000000000000000000000000000000000000,|||,|||,|||,|||,|||,|||,|||,|||,|||,|||
221.203.13.138,221.203.13.138,00000000000000000000000000000000000000000000000000000000000000,|||,|||,|||,|||,|||,|||,|||,|||,|||,|||
221.211.228.112,221.211.228.112,00000000000000000000000000000000000000000000000000000000000000,|||,|||,|||,|||,|||,|||,|||,|||,|||,|||
221.214.197.158,221.214.197.158,00000000000000000000000000000000000000000000000000000000000000,|||,|||,|||,|||,|||,|||,|||,|||,|||,|||
221.210.51.22,221.210.51.22,00000000000000000000000000000000000000000000000000000000000000,|||,|||,|||,|||,|||,|||,|||,|||,|||,|||
221.5.213.189,221.5.213.189,00000000000000000000000000000000000000000000000000000000000000,|||,|||,|||,|||,|||,|||,|||,|||,|||,|||
221.214.140.249,221.214.140.249,00000000000000000000000000000000000000000000000000000000000000,|||,|||,|||,|||,|||,|||,|||,|||,|||,|||
221.206.225.65,221.206.225.65,00000000000000000000000000000000000000000000000000000000000000,|||,|||,|||,|||,|||,|||,|||,|||,|||,|||
221.209.159.42,221.209.159.42,00000000000000000000000000000000000000000000000000000000000000,|||,|||,|||,|||,|||,|||,|||,|||,|||,|||
221.215.199.202,221.215.199.202,00000000000000000000000000000000000000000000000000000000000000,|||,|||,|||,|||,|||,|||,|||,|||,|||,|||
221.215.179.205,221.215.179.205,00000000000000000000000000000000000000000000000000000000000000,|||,|||,|||,|||,|||,|||,|||,|||,|||,|||
221.207.123.202,221.207.123.202,00000000000000000000000000000000000000000000000000000000000000,|||,|||,|||,|||,|||,|||,|||,|||,|||,|||
221.236.35.38,221.236.35.38,00000000000000000000000000000000000000000000000000000000000000,|||,|||,|||,|||,|||,|||,|||,|||,|||,|||
221.217.51.225,221.217.51.225,00000000000000000000000000000000000000000000000000000000000000,|||,|||,|||,|||,|||,|||,|||,|||,|||,|||
221.203.99.50,221.203.99.50,00000000000000000000000000000000000000000000000000000000000000,|||,|||,|||,|||,|||,|||,|||,|||,|||,|||
221.209.45.82,221.209.45.82,00000000000000000000000000000000000000000000000000000000000000,|||,|||,|||,|||,|||,|||,|||,|||,|||,|||
221.212.221.162,221.212.221.162,00000000000000000000000000000000000000000000000000000000000000,|||,|||,|||,|||,|||,|||,|||,|||,|||,|||
221.217.59.42,221.217.59.42,00000000000000000000000000000000000000000000000000000000000000,|||,|||,|||,|||,|||,|||,|||,|||,|||,|||
221.4.57.60,221.4.57.60,00000000000000000000000000000000000000000000000000000000000000,|||,|||,|||,|||,|||,|||,|||,|||,|||,|||
221.238.158.182,221.238.158.182,00000000000000000000000000000000000000000000000000000000000000,|||,|||,|||,|||,|||,|||,|||,|||,|||,|||
222.101.175.1,222.101.175.1,00000000000000000000000000000000000000000000000000000000000000,|||,|||,|||,|||,|||,|||,|||,|||,|||,|||
221.6.120.26,221.6.120.26,00000000000000000000000000000000000000000000000000000000000000,|||,|||,|||,|||,|||,|||,|||,|||,|||,|||
221.223.35.118,221.223.35.118,00000000000000000000000000000000000000000000000000000000000000,|||,|||,|||,|||,|||,|||,|||,|||,|||,|||
221.228.230.227,221.228.230.227,00000000000000000000000000000000000000000000000000000000000000,|||,|||,|||,|||,|||,|||,|||,|||,|||,|||
221.3.33.161,221.3.33.161,00000000000000000000000000000000000000000000000000000000000000,|||,|||,|||,|||,|||,|||,|||,|||,|||,|||
221.236.132.233,221.236.132.233,00000000000000000000000000000000000000000000000000000000000000,|||,|||,|||,|||,|||,|||,|||,|||,|||,|||
221.233.127.47,221.233.127.47,00000000000000000000000000000000000000000000000000000000000000,|||,|||,|||,|||,|||,|||,|||,|||,|||,|||
221.6.219.138,221.6.219.138,00000000000000000000000000000000000000000000000000000000000000,|||,|||,|||,|||,|||,|||,|||,|||,|||,|||
221.7.135.74,221.7.135.74,00000000000000000000000000000000000000000000000000000000000000,|||,|||,|||,|||,|||,|||,|||,|||,|||,|||
221.4.163.34,221.4.163.34,00000000000000000000000000000000000000000000000000000000000000,|||,|||,|||,|||,|||,|||,|||,|||,|||,|||
221.226.14.142,221.226.14.142,00000000000000000000000000000000000000000000000000000000000000,|||,|||,|||,|||,|||,|||,|||,|||,|||,|||
221.228.230.225,221.228.230.225,00000000000000000000000000000000000000000000000000000000000000,|||,|||,|||,|||,|||,|||,|||,|||,|||,|||
221.236.109.234,221.236.109.234,00000000000000000000000000000000000000000000000000000000000000,|||,|||,|||,|||,|||,|||,|||,|||,|||,|||
221.9.207.251,221.9.207.251,00000000000000000000000000000000000000000000000000000000000000,|||,|||,|||,|||,|||,|||,|||,|||,|||,|||
222.134.144.22,222.134.144.22,00000000000000000000000000000000000000000000000000000000000000,|||,|||,|||,|||,|||,|||,|||,|||,|||,|||
221.235.35.138,221.235.35.138,00000000000000000000000000000000000000000000000000000000000000,|||,|||,|||,|||,|||,|||,|||,|||,|||,|||
221.8.107.142,221.8.107.142,00000000000000000000000000000000000000000000000000000000000000,|||,|||,|||,|||,|||,|||,|||,|||,|||,|||
222.128.18.116,222.128.18.116,00000000000000000000000000000000000000000000000000000000000000,|||,|||,|||,|||,|||,|||,|||,|||,|||,|||
222.134.172.108,222.134.172.108,00000000000000000000000000000000000000000000000000000000000000,|||,|||,|||,|||,|||,|||,|||,|||,|||,|||
222.114.192.94,222.114.192.94,00000000000000000000000000000000000000000000000000000000000000,|||,|||,|||,|||,|||,|||,|||,|||,|||,|||
222.138.225.255,222.138.225.255,00000000000000000000000000000000000000000000000000000000000000,|||,|||,|||,|||,|||,|||,|||,|||,|||,|||
222.137.233.49,222.137.233.49,00000000000000000000000000000000000000000000000000000000000000,|||,|||,|||,|||,|||,|||,|||,|||,|||,|||
222.122.128.50,222.122.128.50,00000000000000000000000000000000000000000000000000000000000000,|||,|||,|||,|||,|||,|||,|||,|||,|||,|||
222.139.6.171,222.139.6.171,00000000000000000000000000000000000000000000000000000000000000,|||,|||,|||,|||,|||,|||,|||,|||,|||,|||
222.162.70.199,222.162.70.199,00000000000000000000000000000000000000000000000000000000000000,|||,|||,|||,|||,|||,|||,|||,|||,|||,|||
222.161.71.98,222.161.71.98,00000000000000000000000000000000000000000000000000000000000000,|||,|||,|||,|||,|||,|||,|||,|||,|||,|||
222.169.71.13,222.169.71.13,00000000000000000000000000000000000000000000000000000000000000,|||,|||,|||,|||,|||,|||,|||,|||,|||,|||
222.138.98.153,222.138.98.153,00000000000000000000000000000000000000000000000000000000000000,|||,|||,|||,|||,|||,|||,|||,|||,|||,|||
222.179.118.73,222.179.118.73,00000000000000000000000000000000000000000000000000000000000000,|||,|||,|||,|||,|||,|||,|||,|||,|||,|||
222.161.99.248,222.161.99.248,00000000000000000000000000000000000000000000000000000000000000,|||,|||,|||,|||,|||,|||,|||,|||,|||,|||
222.186.19.235,222.186.19.235,00000000000000000000000000000000000000000000000000000000000000,|||,|||,|||,|||,|||,|||,|||,|||,|||,|||
222.170.26.206,222.170.26.206,00000000000000000000000000000000000000000000000000000000000000,|||,|||,|||,|||,|||,|||,|||,|||,|||,|||
222.138.207.79,222.138.207.79,00000000000000000000000000000000000000000000000000000000000000,|||,|||,|||,|||,|||,|||,|||,|||,|||,|||
222.179.102.110,222.179.102.110,00000000000000000000000000000000000000000000000000000000000000,|||,|||,|||,|||,|||,|||,|||,|||,|||,|||
222.185.140.14,222.185.140.14,00000000000000000000000000000000000000000000000000000000000000,|||,|||,|||,|||,|||,|||,|||,|||,|||,|||
222.165.238.114,222.165.238.114,00000000000000000000000000000000000000000000000000000000000000,|||,|||,|||,|||,|||,|||,|||,|||,|||,|||
218.24.2.139,218.24.2.139,09b09b09b08b09b09b09b09b09b09ba441f40918707087561e2af18cf76f0e,0039|0301||ff01-0023,0039|0301||ff01-0023,0039|0301||ff01-0023,0035|0301||ff01-0023,0039|0301||ff01-0023,0039|0301||ff01-0023,0039|0301||ff01-0023,0039|0301||ff01-0023,0039|0301||ff01-0023,0039|0301||ff01-0023
222.170.3.34,222.170.3.34,00000000000000000000000000000000000000000000000000000000000000,|||,|||,|||,|||,|||,|||,|||,|||,|||,|||
222.185.122.154,222.185.122.154,00000000000000000000000000000000000000000000000000000000000000,|||,|||,|||,|||,|||,|||,|||,|||,|||,|||
222.172.147.208,222.172.147.208,00000000000000000000000000000000000000000000000000000000000000,|||,|||,|||,|||,|||,|||,|||,|||,|||,|||
222.180.11.154,222.180.11.154,00000000000000000000000000000000000000000000000000000000000000,|||,|||,|||,|||,|||,|||,|||,|||,|||,|||
222.174.87.126,222.174.87.126,00000000000000000000000000000000000000000000000000000000000000,|||,|||,|||,|||,|||,|||,|||,|||,|||,|||
222.209.232.209,222.209.232.209,00000000000000000000000000000000000000000000000000000000000000,|||,|||,|||,|||,|||,|||,|||,|||,|||,|||
222.212.85.26,222.212.85.26,00000000000000000000000000000000000000000000000000000000000000,|||,|||,|||,|||,|||,|||,|||,|||,|||,|||
222.173.22.34,222.173.22.34,00000000000000000000000000000000000000000000000000000000000000,|||,|||,|||,|||,|||,|||,|||,|||,|||,|||
222.212.94.74,222.212.94.74,00000000000000000000000000000000000000000000000000000000000000,|||,|||,|||,|||,|||,|||,|||,|||,|||,|||
222.222.167.75,222.222.167.75,00000000000000000000000000000000000000000000000000000000000000,|||,|||,|||,|||,|||,|||,|||,|||,|||,|||
222.216.43.230,222.216.43.230,00000000000000000000000000000000000000000000000000000000000000,|||,|||,|||,|||,|||,|||,|||,|||,|||,|||
222.219.183.190,222.219.183.190,00000000000000000000000000000000000000000000000000000000000000,|||,|||,|||,|||,|||,|||,|||,|||,|||,|||
222.180.151.86,222.180.151.86,00000000000000000000000000000000000000000000000000000000000000,|||,|||,|||,|||,|||,|||,|||,|||,|||,|||
222.178.217.58,222.178.217.58,00000000000000000000000000000000000000000000000000000000000000,|||,|||,|||,|||,|||,|||,|||,|||,|||,|||
222.222.71.82,222.222.71.82,00000000000000000000000000000000000000000000000000000000000000,|||,|||,|||,|||,|||,|||,|||,|||,|||,|||
222.222.114.216,222.222.114.216,00000000000000000000000000000000000000000000000000000000000000,|||,|||,|||,|||,|||,|||,|||,|||,|||,|||
222.222.71.70,222.222.71.70,00000000000000000000000000000000000000000000000000000000000000,|||,|||,|||,|||,|||,|||,|||,|||,|||,|||
222.74.241.10,222.74.241.10,00000000000000000000000000000000000000000000000000000000000000,|||,|||,|||,|||,|||,|||,|||,|||,|||,|||
222.178.223.50,222.178.223.50,00000000000000000000000000000000000000000000000000000000000000,|||,|||,|||,|||,|||,|||,|||,|||,|||,|||
222.236.98.38,222.236.98.38,00000000000000000000000000000000000000000000000000000000000000,|||,|||,|||,|||,|||,|||,|||,|||,|||,|||
222.222.172.22,222.222.172.22,00000000000000000000000000000000000000000000000000000000000000,|||,|||,|||,|||,|||,|||,|||,|||,|||,|||
222.80.85.209,222.80.85.209,00000000000000000000000000000000000000000000000000000000000000,|||,|||,|||,|||,|||,|||,|||,|||,|||,|||
222.77.36.43,222.77.36.43,00000000000000000000000000000000000000000000000000000000000000,|||,|||,|||,|||,|||,|||,|||,|||,|||,|||
222.77.147.66,222.77.147.66,00000000000000000000000000000000000000000000000000000000000000,|||,|||,|||,|||,|||,|||,|||,|||,|||,|||
222.77.96.143,222.77.96.143,00000000000000000000000000000000000000000000000000000000000000,|||,|||,|||,|||,|||,|||,|||,|||,|||,|||
222.232.177.246,222.232.177.246,00000000000000000000000000000000000000000000000000000000000000,|||,|||,|||,|||,|||,|||,|||,|||,|||,|||
222.84.251.153,222.84.251.153,00000000000000000000000000000000000000000000000000000000000000,|||,|||,|||,|||,|||,|||,|||,|||,|||,|||
222.244.212.253,222.244.212.253,00000000000000000000000000000000000000000000000000000000000000,|||,|||,|||,|||,|||,|||,|||,|||,|||,|||
222.220.230.180,222.220.230.180,00000000000000000000000000000000000000000000000000000000000000,|||,|||,|||,|||,|||,|||,|||,|||,|||,|||
222.244.139.129,222.244.139.129,00000000000000000000000000000000000000000000000000000000000000,|||,|||,|||,|||,|||,|||,|||,|||,|||,|||
222.87.16.148,222.87.16.148,00000000000000000000000000000000000000000000000000000000000000,|||,|||,|||,|||,|||,|||,|||,|||,|||,|||
222.80.84.18,222.80.84.18,00000000000000000000000000000000000000000000000000000000000000,|||,|||,|||,|||,|||,|||,|||,|||,|||,|||
222.84.118.152,222.84.118.152,00000000000000000000000000000000000000000000000000000000000000,|||,|||,|||,|||,|||,|||,|||,|||,|||,|||
222.78.7.10,222.78.7.10,00000000000000000000000000000000000000000000000000000000000000,|||,|||,|||,|||,|||,|||,|||,|||,|||,|||
222.222.153.4,222.222.153.4,00000000000000000000000000000000000000000000000000000000000000,|||,|||,|||,|||,|||,|||,|||,|||,|||,|||
222.76.118.75,222.76.118.75,00000000000000000000000000000000000000000000000000000000000000,|||,|||,|||,|||,|||,|||,|||,|||,|||,|||
222.81.119.245,222.81.119.245,00000000000000000000000000000000000000000000000000000000000000,|||,|||,|||,|||,|||,|||,|||,|||,|||,|||
222.85.110.24,222.85.110.24,00000000000000000000000000000000000000000000000000000000000000,|||,|||,|||,|||,|||,|||,|||,|||,|||,|||
222.86.70.7,222.86.70.7,00000000000000000000000000000000000000000000000000000000000000,|||,|||,|||,|||,|||,|||,|||,|||,|||,|||
222.87.110.201,222.87.110.201,00000000000000000000000000000000000000000000000000000000000000,|||,|||,|||,|||,|||,|||,|||,|||,|||,|||
222.92.218.251,222.92.218.251,00000000000000000000000000000000000000000000000000000000000000,|||,|||,|||,|||,|||,|||,|||,|||,|||,|||
222.85.110.35,222.85.110.35,00000000000000000000000000000000000000000000000000000000000000,|||,|||,|||,|||,|||,|||,|||,|||,|||,|||
218.75.31.110,218.75.31.110,00000000000000000000000000000000000000000000000000000000000000,|||,|||,|||,|||,|||,|||,|||,|||,|||,|||
223.100.146.25,223.100.146.25,00000000000000000000000000000000000000000000000000000000000000,|||,|||,|||,|||,|||,|||,|||,|||,|||,|||
223.100.243.9,223.100.243.9,00000000000000000000000000000000000000000000000000000000000000,|||,|||,|||,|||,|||,|||,|||,|||,|||,|||
222.240.97.46,222.240.97.46,00000000000000000000000000000000000000000000000000000000000000,|||,|||,|||,|||,|||,|||,|||,|||,|||,|||
223.108.89.214,223.108.89.214,00000000000000000000000000000000000000000000000000000000000000,|||,|||,|||,|||,|||,|||,|||,|||,|||,|||
223.100.149.49,223.100.149.49,00000000000000000000000000000000000000000000000000000000000000,|||,|||,|||,|||,|||,|||,|||,|||,|||,|||
223.113.52.38,223.113.52.38,00000000000000000000000000000000000000000000000000000000000000,|||,|||,|||,|||,|||,|||,|||,|||,|||,|||
223.130.30.133,223.130.30.133,00000000000000000000000000000000000000000000000000000000000000,|||,|||,|||,|||,|||,|||,|||,|||,|||,|||
222.93.126.60,222.93.126.60,00000000000000000000000000000000000000000000000000000000000000,|||,|||,|||,|||,|||,|||,|||,|||,|||,|||
223.0.12.49,223.0.12.49,00000000000000000000000000000000000000000000000000000000000000,|||,|||,|||,|||,|||,|||,|||,|||,|||,|||
222.92.182.58,222.92.182.58,00000000000000000000000000000000000000000000000000000000000000,|||,|||,|||,|||,|||,|||,|||,|||,|||,|||
180.215.192.156,180.215.192.156,00000000000000000000000000000000000000000000000000000000000000,|||,|||,|||,|||,|||,|||,|||,|||,|||,|||
222.76.40.228,222.76.40.228,00000000000000000000000000000000000000000000000000000000000000,|||,|||,|||,|||,|||,|||,|||,|||,|||,|||
223.150.77.188,223.150.77.188,00000000000000000000000000000000000000000000000000000000000000,|||,|||,|||,|||,|||,|||,|||,|||,|||,|||
222.243.160.34,222.243.160.34,00000000000000000000000000000000000000000000000000000000000000,|||,|||,|||,|||,|||,|||,|||,|||,|||,|||
222.87.110.176,222.87.110.176,00000000000000000000000000000000000000000000000000000000000000,|||,|||,|||,|||,|||,|||,|||,|||,|||,|||
223.100.111.77,223.100.111.77,00000000000000000000000000000000000000000000000000000000000000,|||,|||,|||,|||,|||,|||,|||,|||,|||,|||
223.113.78.186,223.113.78.186,00000000000000000000000000000000000000000000000000000000000000,|||,|||,|||,|||,|||,|||,|||,|||,|||,|||
222.90.232.134,222.90.232.134,00000000000000000000000000000000000000000000000000000000000000,|||,|||,|||,|||,|||,|||,|||,|||,|||,|||
222.87.16.10,222.87.16.10,00000000000000000000000000000000000000000000000000000000000000,|||,|||,|||,|||,|||,|||,|||,|||,|||,|||
223.112.151.70,223.112.151.70,00000000000000000000000000000000000000000000000000000000000000,|||,|||,|||,|||,|||,|||,|||,|||,|||,|||
223.17.226.152,223.17.226.152,00000000000000000000000000000000000000000000000000000000000000,|||,|||,|||,|||,|||,|||,|||,|||,|||,|||
223.100.189.147,223.100.189.147,00000000000000000000000000000000000000000000000000000000000000,|||,|||,|||,|||,|||,|||,|||,|||,|||,|||
223.16.4.162,223.16.4.162,00000000000000000000000000000000000000000000000000000000000000,|||,|||,|||,|||,|||,|||,|||,|||,|||,|||
223.17.96.78,223.17.96.78,00000000000000000000000000000000000000000000000000000000000000,|||,|||,|||,|||,|||,|||,|||,|||,|||,|||
222.186.42.7,222.186.42.7,00000000000000000000000000000000000000000000000000000000000000,|||,|||,|||,|||,|||,|||,|||,|||,|||,|||
222.87.110.212,222.87.110.212,00000000000000000000000000000000000000000000000000000000000000,|||,|||,|||,|||,|||,|||,|||,|||,|||,|||
223.130.30.231,223.130.30.231,00000000000000000000000000000000000000000000000000000000000000,|||,|||,|||,|||,|||,|||,|||,|||,|||,|||
223.130.30.152,223.130.30.152,00000000000000000000000000000000000000000000000000000000000000,|||,|||,|||,|||,|||,|||,|||,|||,|||,|||
223.153.190.143,223.153.190.143,00000000000000000000000000000000000000000000000000000000000000,|||,|||,|||,|||,|||,|||,|||,|||,|||,|||
223.100.188.100,223.100.188.100,00000000000000000000000000000000000000000000000000000000000000,|||,|||,|||,|||,|||,|||,|||,|||,|||,|||
223.17.93.75,223.17.93.75,00000000000000000000000000000000000000000000000000000000000000,|||,|||,|||,|||,|||,|||,|||,|||,|||,|||
223.17.41.171,223.17.41.171,00000000000000000000000000000000000000000000000000000000000000,|||,|||,|||,|||,|||,|||,|||,|||,|||,|||
223.247.226.80,223.247.226.80,00000000000000000000000000000000000000000000000000000000000000,|||,|||,|||,|||,|||,|||,|||,|||,|||,|||
223.75.121.161,223.75.121.161,00000000000000000000000000000000000000000000000000000000000000,|||,|||,|||,|||,|||,|||,|||,|||,|||,|||
223.244.81.186,223.244.81.186,00000000000000000000000000000000000000000000000000000000000000,|||,|||,|||,|||,|||,|||,|||,|||,|||,|||
223.75.49.193,223.75.49.193,00000000000000000000000000000000000000000000000000000000000000,|||,|||,|||,|||,|||,|||,|||,|||,|||,|||
223.87.187.61,223.87.187.61,00000000000000000000000000000000000000000000000000000000000000,|||,|||,|||,|||,|||,|||,|||,|||,|||,|||
223.244.81.131,223.244.81.131,00000000000000000000000000000000000000000000000000000000000000,|||,|||,|||,|||,|||,|||,|||,|||,|||,|||
223.75.229.218,223.75.229.218,00000000000000000000000000000000000000000000000000000000000000,|||,|||,|||,|||,|||,|||,|||,|||,|||,|||
223.247.186.31,223.247.186.31,00000000000000000000000000000000000000000000000000000000000000,|||,|||,|||,|||,|||,|||,|||,|||,|||,|||
223.241.72.102,223.241.72.102,00000000000000000000000000000000000000000000000000000000000000,|||,|||,|||,|||,|||,|||,|||,|||,|||,|||
223.241.254.16,223.241.254.16,00000000000000000000000000000000000000000000000000000000000000,|||,|||,|||,|||,|||,|||,|||,|||,|||,|||
223.197.136.82,223.197.136.82,00000000000000000000000000000000000000000000000000000000000000,|||,|||,|||,|||,|||,|||,|||,|||,|||,|||
223.83.181.82,223.83.181.82,00000000000000000000000000000000000000000000000000000000000000,|||,|||,|||,|||,|||,|||,|||,|||,|||,|||
223.73.235.201,223.73.235.201,00000000000000000000000000000000000000000000000000000000000000,|||,|||,|||,|||,|||,|||,|||,|||,|||,|||
223.221.36.55,223.221.36.55,00000000000000000000000000000000000000000000000000000000000000,|||,|||,|||,|||,|||,|||,|||,|||,|||,|||
223.27.253.194,223.27.253.194,00000000000000000000000000000000000000000000000000000000000000,|||,|||,|||,|||,|||,|||,|||,|||,|||,|||
223.83.162.133,223.83.162.133,00000000000000000000000000000000000000000000000000000000000000,|||,|||,|||,|||,|||,|||,|||,|||,|||,|||
223.95.201.88,223.95.201.88,00000000000000000000000000000000000000000000000000000000000000,|||,|||,|||,|||,|||,|||,|||,|||,|||,|||
223.68.162.211,223.68.162.211,00000000000000000000000000000000000000000000000000000000000000,|||,|||,|||,|||,|||,|||,|||,|||,|||,|||
223.75.142.83,223.75.142.83,00000000000000000000000000000000000000000000000000000000000000,|||,|||,|||,|||,|||,|||,|||,|||,|||,|||
223.94.133.156,223.94.133.156,00000000000000000000000000000000000000000000000000000000000000,|||,|||,|||,|||,|||,|||,|||,|||,|||,|||
223.87.244.158,223.87.244.158,00000000000000000000000000000000000000000000000000000000000000,|||,|||,|||,|||,|||,|||,|||,|||,|||,|||
223.68.191.169,223.68.191.169,00000000000000000000000000000000000000000000000000000000000000,|||,|||,|||,|||,|||,|||,|||,|||,|||,|||
223.85.117.19,223.85.117.19,00000000000000000000000000000000000000000000000000000000000000,|||,|||,|||,|||,|||,|||,|||,|||,|||,|||
223.84.218.9,223.84.218.9,00000000000000000000000000000000000000000000000000000000000000,|||,|||,|||,|||,|||,|||,|||,|||,|||,|||
223.87.166.72,223.87.166.72,00000000000000000000000000000000000000000000000000000000000000,|||,|||,|||,|||,|||,|||,|||,|||,|||,|||
223.87.178.36,223.87.178.36,00000000000000000000000000000000000000000000000000000000000000,|||,|||,|||,|||,|||,|||,|||,|||,|||,|||
223.85.89.138,223.85.89.138,00000000000000000000000000000000000000000000000000000000000000,|||,|||,|||,|||,|||,|||,|||,|||,|||,|||
223.99.166.204,223.99.166.204,00000000000000000000000000000000000000000000000000000000000000,|||,|||,|||,|||,|||,|||,|||,|||,|||,|||
223.87.73.59,223.87.73.59,00000000000000000000000000000000000000000000000000000000000000,|||,|||,|||,|||,|||,|||,|||,|||,|||,|||
223.98.187.110,223.98.187.110,00000000000000000000000000000000000000000000000000000000000000,|||,|||,|||,|||,|||,|||,|||,|||,|||,|||
213.164.217.209,213.164.217.209,00000000000000000000000000000000000000000000000000000000000000,|||,|||,|||,|||,|||,|||,|||,|||,|||,|||
222.186.19.207,222.186.19.207,00000000000000000000000000000000000000000000000000000000000000,|||,|||,|||,|||,|||,|||,|||,|||,|||,|||
221.233.24.226,221.233.24.226,00000000000000000000000000000000000000000000000000000000000000,|||,|||,|||,|||,|||,|||,|||,|||,|||,|||
218.60.36.70,218.60.36.70,00000000000000000000000000000000000000000000000000000000000000,|||,|||,|||,|||,|||,|||,|||,|||,|||,|||
222.98.117.72,222.98.117.72,00000000000000000000000000000000000000000000000000000000000000,|||,|||,|||,|||,|||,|||,|||,|||,|||,|||
218.201.232.204,218.201.232.204,00000000000000000000000000000000000000000000000000000000000000,|||,|||,|||,|||,|||,|||,|||,|||,|||,|||
222.168.203.224,222.168.203.224,00000000000000000000000000000000000000000000000000000000000000,|||,|||,|||,|||,|||,|||,|||,|||,|||,|||
122.51.150.74,122.51.150.74,00000000000000000000000000000000000000000000000000000000000000,|||,|||,|||,|||,|||,|||,|||,|||,|||,|||
120.196.70.100,120.196.70.100,00000000000000000000000000000000000000000000000000000000000000,|||,|||,|||,|||,|||,|||,|||,|||,|||,|||
116.14.228.23,116.14.228.23,00000000000000000000000000000000000000000000000000000000000000,|||,|||,|||,|||,|||,|||,|||,|||,|||,|||
182.55.23.36,182.55.23.36,00000000000000000000000000000000000000000000000000000000000000,|||,|||,|||,|||,|||,|||,|||,|||,|||,|||
